materialScan compact_Lhe_dip_sol_ell_mat-LAr-EMC_v8_asym.xml 0. 200. 0. 0. 200. 1200. >| materialScan_compact_Lhe_dip_sol_ell_mat-LAr-EMC_v8_asym_0_200_0-0_200_1200.txt
DD4hep           WARN  ++ STD conditions NOT defined by client. NTP defaults taken.
VertexBarrelSupports_layer0 4.725 4.725 52.45
VertexBarrelSupports2_layer0 6.45 6.45 53.45
 +--------------------------------------------------------------------------------------------------------------------------------------------------
 + Material scan between: x_0 = (   0.00, 200.00,   0.00) [cm] and x_1 = (   0.00, 200.00,1200.00) [cm] : 
 +--------------------------------------------------------------------------------------------------------------------------------------------------
 |     \   Material           Atomic                 Radiation   Interaction               Path   Integrated  Integrated    Material
 | Num. \  Name          Number/Z   Mass/A  Density    Length       Length    Thickness   Length      X0        Lambda      Endpoint  
 | Layer \                        [g/mole]  [g/cm3]     [cm]        [cm]          [cm]      [cm]     [cm]        [cm]     (     cm,     cm,     cm)
 +--------------------------------------------------------------------------------------------------------------------------------------------------
 |     1 Air                    7   14.784   0.0012  30528.8407   71998.1725    371.000   371.00    0.012152    0.005153  (   0.00, 200.00, 371.00)
 |     2 Air                    7   14.784   0.0012  30528.8407   71998.1725      5.000   376.00    0.012316    0.005222  (   0.00, 200.00, 376.00)
 |     3 Steel235              26   55.757   7.8500      1.7653      17.1928      2.000   378.00    1.145299    0.121550  (   0.00, 200.00, 378.00)
 |     4 Polystyrene            6   11.077   1.0320     42.5383      70.1339      0.500   378.50    1.157053    0.128679  (   0.00, 200.00, 378.50)
 |     5 Air                    7   14.784   0.0012  30528.8407   71998.1725      0.150   378.65    1.157058    0.128681  (   0.00, 200.00, 378.65)
 |     6 Steel235              26   55.757   7.8500      1.7653      17.1928      2.000   380.65    2.290040    0.245009  (   0.00, 200.00, 380.65)
 |     7 Polystyrene            6   11.077   1.0320     42.5383      70.1339      0.500   381.15    2.301794    0.252138  (   0.00, 200.00, 381.15)
 |     8 Air                    7   14.784   0.0012  30528.8407   71998.1725      0.150   381.30    2.301799    0.252140  (   0.00, 200.00, 381.30)
 |     9 Steel235              26   55.757   7.8500      1.7653      17.1928      2.000   383.30    3.434781    0.368468  (   0.00, 200.00, 383.30)
 |    10 Polystyrene            6   11.077   1.0320     42.5383      70.1339      0.500   383.80    3.446535    0.375597  (   0.00, 200.00, 383.80)
 |    11 Air                    7   14.784   0.0012  30528.8407   71998.1725      0.150   383.95    3.446540    0.375599  (   0.00, 200.00, 383.95)
 |    12 Steel235              26   55.757   7.8500      1.7653      17.1928      2.000   385.95    4.579523    0.491927  (   0.00, 200.00, 385.95)
 |    13 Polystyrene            6   11.077   1.0320     42.5383      70.1339      0.500   386.45    4.591277    0.499056  (   0.00, 200.00, 386.45)
 |    14 Air                    7   14.784   0.0012  30528.8407   71998.1725      0.150   386.60    4.591282    0.499058  (   0.00, 200.00, 386.60)
 |    15 Steel235              26   55.757   7.8500      1.7653      17.1928      2.000   388.60    5.724264    0.615386  (   0.00, 200.00, 388.60)
 |    16 Polystyrene            6   11.077   1.0320     42.5383      70.1339      0.500   389.10    5.736018    0.622515  (   0.00, 200.00, 389.10)
 |    17 Air                    7   14.784   0.0012  30528.8407   71998.1725      0.150   389.25    5.736023    0.622517  (   0.00, 200.00, 389.25)
 |    18 Steel235              26   55.757   7.8500      1.7653      17.1928      2.000   391.25    6.869005    0.738845  (   0.00, 200.00, 391.25)
 |    19 Polystyrene            6   11.077   1.0320     42.5383      70.1339      0.500   391.75    6.880759    0.745974  (   0.00, 200.00, 391.75)
 |    20 Air                    7   14.784   0.0012  30528.8407   71998.1725      0.150   391.90    6.880764    0.745976  (   0.00, 200.00, 391.90)
 |    21 Steel235              26   55.757   7.8500      1.7653      17.1928      2.000   393.90    8.013747    0.862304  (   0.00, 200.00, 393.90)
 |    22 Polystyrene            6   11.077   1.0320     42.5383      70.1339      0.500   394.40    8.025501    0.869433  (   0.00, 200.00, 394.40)
 |    23 Air                    7   14.784   0.0012  30528.8407   71998.1725      0.150   394.55    8.025506    0.869435  (   0.00, 200.00, 394.55)
 |    24 Steel235              26   55.757   7.8500      1.7653      17.1928      2.000   396.55    9.158488    0.985763  (   0.00, 200.00, 396.55)
 |    25 Polystyrene            6   11.077   1.0320     42.5383      70.1339      0.500   397.05    9.170242    0.992892  (   0.00, 200.00, 397.05)
 |    26 Air                    7   14.784   0.0012  30528.8407   71998.1725      0.150   397.20    9.170247    0.992894  (   0.00, 200.00, 397.20)
 |    27 Steel235              26   55.757   7.8500      1.7653      17.1928      2.000   399.20   10.303229    1.109222  (   0.00, 200.00, 399.20)
 |    28 Polystyrene            6   11.077   1.0320     42.5383      70.1339      0.500   399.70   10.314983    1.116351  (   0.00, 200.00, 399.70)
 |    29 Air                    7   14.784   0.0012  30528.8407   71998.1725      0.150   399.85   10.314988    1.116353  (   0.00, 200.00, 399.85)
 |    30 Steel235              26   55.757   7.8500      1.7653      17.1928      2.000   401.85   11.447971    1.232681  (   0.00, 200.00, 401.85)
 |    31 Polystyrene            6   11.077   1.0320     42.5383      70.1339      0.500   402.35   11.459725    1.239810  (   0.00, 200.00, 402.35)
 |    32 Air                    7   14.784   0.0012  30528.8407   71998.1725      0.150   402.50   11.459730    1.239812  (   0.00, 200.00, 402.50)
 |    33 Steel235              26   55.757   7.8500      1.7653      17.1928      2.200   404.70   12.706010    1.367772  (   0.00, 200.00, 404.70)
 |    34 Polystyrene            6   11.077   1.0320     42.5383      70.1339      0.500   405.20   12.717764    1.374902  (   0.00, 200.00, 405.20)
 |    35 Air                    7   14.784   0.0012  30528.8407   71998.1725      0.150   405.35   12.717769    1.374904  (   0.00, 200.00, 405.35)
 |    36 Steel235              26   55.757   7.8500      1.7653      17.1928      2.200   407.55   13.964050    1.502864  (   0.00, 200.00, 407.55)
 |    37 Polystyrene            6   11.077   1.0320     42.5383      70.1339      0.500   408.05   13.975804    1.509993  (   0.00, 200.00, 408.05)
 |    38 Air                    7   14.784   0.0012  30528.8407   71998.1725      0.150   408.20   13.975809    1.509995  (   0.00, 200.00, 408.20)
 |    39 Steel235              26   55.757   7.8500      1.7653      17.1928      2.200   410.40   15.222089    1.637956  (   0.00, 200.00, 410.40)
 |    40 Polystyrene            6   11.077   1.0320     42.5383      70.1339      0.500   410.90   15.233844    1.645085  (   0.00, 200.00, 410.90)
 |    41 Air                    7   14.784   0.0012  30528.8407   71998.1725      0.150   411.05   15.233848    1.645087  (   0.00, 200.00, 411.05)
 |    42 Steel235              26   55.757   7.8500      1.7653      17.1928      2.200   413.25   16.480129    1.773048  (   0.00, 200.00, 413.25)
 |    43 Polystyrene            6   11.077   1.0320     42.5383      70.1339      0.500   413.75   16.491883    1.780177  (   0.00, 200.00, 413.75)
 |    44 Air                    7   14.784   0.0012  30528.8407   71998.1725      0.150   413.90   16.491888    1.780179  (   0.00, 200.00, 413.90)
 |    45 Steel235              26   55.757   7.8500      1.7653      17.1928      2.200   416.10   17.738169    1.908139  (   0.00, 200.00, 416.10)
 |    46 Polystyrene            6   11.077   1.0320     42.5383      70.1339      0.500   416.60   17.749923    1.915269  (   0.00, 200.00, 416.60)
 |    47 Air                    7   14.784   0.0012  30528.8407   71998.1725      0.150   416.75   17.749928    1.915271  (   0.00, 200.00, 416.75)
 |    48 Steel235              26   55.757   7.8500      1.7653      17.1928      2.200   418.95   18.996208    2.043231  (   0.00, 200.00, 418.95)
 |    49 Polystyrene            6   11.077   1.0320     42.5383      70.1339      0.500   419.45   19.007962    2.050360  (   0.00, 200.00, 419.45)
 |    50 Air                    7   14.784   0.0012  30528.8407   71998.1725      0.150   419.60   19.007967    2.050362  (   0.00, 200.00, 419.60)
 |    51 Steel235              26   55.757   7.8500      1.7653      17.1928      2.200   421.80   20.254248    2.178323  (   0.00, 200.00, 421.80)
 |    52 Polystyrene            6   11.077   1.0320     42.5383      70.1339      0.500   422.30   20.266002    2.185452  (   0.00, 200.00, 422.30)
 |    53 Air                    7   14.784   0.0012  30528.8407   71998.1725      0.150   422.45   20.266007    2.185454  (   0.00, 200.00, 422.45)
 |    54 Steel235              26   55.757   7.8500      1.7653      17.1928      2.200   424.65   21.512287    2.313415  (   0.00, 200.00, 424.65)
 |    55 Polystyrene            6   11.077   1.0320     42.5383      70.1339      0.500   425.15   21.524041    2.320544  (   0.00, 200.00, 425.15)
 |    56 Air                    7   14.784   0.0012  30528.8407   71998.1725      0.150   425.30   21.524046    2.320546  (   0.00, 200.00, 425.30)
 |    57 Steel235              26   55.757   7.8500      1.7653      17.1928      2.200   427.50   22.770327    2.448506  (   0.00, 200.00, 427.50)
 |    58 Polystyrene            6   11.077   1.0320     42.5383      70.1339      0.500   428.00   22.782081    2.455636  (   0.00, 200.00, 428.00)
 |    59 Air                    7   14.784   0.0012  30528.8407   71998.1725      0.150   428.15   22.782086    2.455638  (   0.00, 200.00, 428.15)
 |    60 Steel235              26   55.757   7.8500      1.7653      17.1928      2.200   430.35   24.028367    2.583598  (   0.00, 200.00, 430.35)
 |    61 Polystyrene            6   11.077   1.0320     42.5383      70.1339      0.500   430.85   24.040121    2.590727  (   0.00, 200.00, 430.85)
 |    62 Air                    7   14.784   0.0012  30528.8407   71998.1725      0.150   431.00   24.040126    2.590729  (   0.00, 200.00, 431.00)
 |    63 Steel235              26   55.757   7.8500      1.7653      17.1928      2.200   433.20   25.286406    2.718690  (   0.00, 200.00, 433.20)
 |    64 Polystyrene            6   11.077   1.0320     42.5383      70.1339      0.500   433.70   25.298160    2.725819  (   0.00, 200.00, 433.70)
 |    65 Air                    7   14.784   0.0012  30528.8407   71998.1725      0.150   433.85   25.298165    2.725821  (   0.00, 200.00, 433.85)
 |    66 Steel235              26   55.757   7.8500      1.7653      17.1928      2.200   436.05   26.544446    2.853782  (   0.00, 200.00, 436.05)
 |    67 Polystyrene            6   11.077   1.0320     42.5383      70.1339      0.500   436.55   26.556200    2.860911  (   0.00, 200.00, 436.55)
 |    68 Air                    7   14.784   0.0012  30528.8407   71998.1725      0.150   436.70   26.556205    2.860913  (   0.00, 200.00, 436.70)
 |    69 Steel235              26   55.757   7.8500      1.7653      17.1928      2.200   438.90   27.802485    2.988873  (   0.00, 200.00, 438.90)
 |    70 Polystyrene            6   11.077   1.0320     42.5383      70.1339      0.500   439.40   27.814239    2.996002  (   0.00, 200.00, 439.40)
 |    71 Air                    7   14.784   0.0012  30528.8407   71998.1725      0.150   439.55   27.814244    2.996005  (   0.00, 200.00, 439.55)
 |    72 Steel235              26   55.757   7.8500      1.7653      17.1928      2.200   441.75   29.060525    3.123965  (   0.00, 200.00, 441.75)
 |    73 Polystyrene            6   11.077   1.0320     42.5383      70.1339      0.500   442.25   29.072279    3.131094  (   0.00, 200.00, 442.25)
 |    74 Air                    7   14.784   0.0012  30528.8407   71998.1725      0.150   442.40   29.072284    3.131096  (   0.00, 200.00, 442.40)
 |    75 Steel235              26   55.757   7.8500      1.7653      17.1928      2.200   444.60   30.318564    3.259057  (   0.00, 200.00, 444.60)
 |    76 Polystyrene            6   11.077   1.0320     42.5383      70.1339      0.500   445.10   30.330319    3.266186  (   0.00, 200.00, 445.10)
 |    77 Air                    7   14.784   0.0012  30528.8407   71998.1725      0.150   445.25   30.330323    3.266188  (   0.00, 200.00, 445.25)
 |    78 Steel235              26   55.757   7.8500      1.7653      17.1928      2.200   447.45   31.576604    3.394148  (   0.00, 200.00, 447.45)
 |    79 Polystyrene            6   11.077   1.0320     42.5383      70.1339      0.500   447.95   31.588358    3.401278  (   0.00, 200.00, 447.95)
 |    80 Air                    7   14.784   0.0012  30528.8407   71998.1725      0.150   448.10   31.588363    3.401280  (   0.00, 200.00, 448.10)
 |    81 Steel235              26   55.757   7.8500      1.7653      17.1928      2.200   450.30   32.834644    3.529240  (   0.00, 200.00, 450.30)
 |    82 Polystyrene            6   11.077   1.0320     42.5383      70.1339      0.500   450.80   32.846398    3.536369  (   0.00, 200.00, 450.80)
 |    83 Air                    7   14.784   0.0012  30528.8407   71998.1725      0.150   450.95   32.846403    3.536372  (   0.00, 200.00, 450.95)
 |    84 Steel235              26   55.757   7.8500      1.7653      17.1928      2.200   453.15   34.092683    3.664332  (   0.00, 200.00, 453.15)
 |    85 Polystyrene            6   11.077   1.0320     42.5383      70.1339      0.500   453.65   34.104437    3.671461  (   0.00, 200.00, 453.65)
 |    86 Air                    7   14.784   0.0012  30528.8407   71998.1725      0.150   453.80   34.104442    3.671463  (   0.00, 200.00, 453.80)
 |    87 Steel235              26   55.757   7.8500      1.7653      17.1928      2.200   456.00   35.350723    3.799424  (   0.00, 200.00, 456.00)
 |    88 Polystyrene            6   11.077   1.0320     42.5383      70.1339      0.500   456.50   35.362477    3.806553  (   0.00, 200.00, 456.50)
 |    89 Air                    7   14.784   0.0012  30528.8407   71998.1725      0.150   456.65   35.362482    3.806555  (   0.00, 200.00, 456.65)
 |    90 Steel235              26   55.757   7.8500      1.7653      17.1928      2.200   458.85   36.608762    3.934515  (   0.00, 200.00, 458.85)
 |    91 Polystyrene            6   11.077   1.0320     42.5383      70.1339      0.500   459.35   36.620516    3.941645  (   0.00, 200.00, 459.35)
 |    92 Air                    7   14.784   0.0012  30528.8407   71998.1725      0.150   459.50   36.620521    3.941647  (   0.00, 200.00, 459.50)
 |    93 Steel235              26   55.757   7.8500      1.7653      17.1928      2.500   462.00   38.036749    4.087056  (   0.00, 200.00, 462.00)
 |    94 Polystyrene            6   11.077   1.0320     42.5383      70.1339      0.500   462.50   38.048503    4.094186  (   0.00, 200.00, 462.50)
 |    95 Air                    7   14.784   0.0012  30528.8407   71998.1725      0.150   462.65   38.048508    4.094188  (   0.00, 200.00, 462.65)
 |    96 Steel235              26   55.757   7.8500      1.7653      17.1928      2.500   465.15   39.464736    4.239597  (   0.00, 200.00, 465.15)
 |    97 Polystyrene            6   11.077   1.0320     42.5383      70.1339      0.500   465.65   39.476490    4.246726  (   0.00, 200.00, 465.65)
 |    98 Air                    7   14.784   0.0012  30528.8407   71998.1725      0.150   465.80   39.476495    4.246728  (   0.00, 200.00, 465.80)
 |    99 Steel235              26   55.757   7.8500      1.7653      17.1928      2.500   468.30   40.892723    4.392138  (   0.00, 200.00, 468.30)
 |   100 Polystyrene            6   11.077   1.0320     42.5383      70.1339      0.500   468.80   40.904477    4.399267  (   0.00, 200.00, 468.80)
 |   101 Air                    7   14.784   0.0012  30528.8407   71998.1725      0.150   468.95   40.904482    4.399269  (   0.00, 200.00, 468.95)
 |   102 Steel235              26   55.757   7.8500      1.7653      17.1928      2.500   471.45   42.320710    4.544679  (   0.00, 200.00, 471.45)
 |   103 Polystyrene            6   11.077   1.0320     42.5383      70.1339      0.500   471.95   42.332464    4.551808  (   0.00, 200.00, 471.95)
 |   104 Air                    7   14.784   0.0012  30528.8407   71998.1725      0.150   472.10   42.332469    4.551810  (   0.00, 200.00, 472.10)
 |   105 Steel235              26   55.757   7.8500      1.7653      17.1928      2.500   474.60   43.748697    4.697220  (   0.00, 200.00, 474.60)
 |   106 Polystyrene            6   11.077   1.0320     42.5383      70.1339      0.500   475.10   43.760451    4.704349  (   0.00, 200.00, 475.10)
 |   107 Air                    7   14.784   0.0012  30528.8407   71998.1725      0.150   475.25   43.760456    4.704351  (   0.00, 200.00, 475.25)
 |   108 Steel235              26   55.757   7.8500      1.7653      17.1928      2.500   477.75   45.176684    4.849761  (   0.00, 200.00, 477.75)
 |   109 Polystyrene            6   11.077   1.0320     42.5383      70.1339      0.500   478.25   45.188438    4.856890  (   0.00, 200.00, 478.25)
 |   110 Air                    7   14.784   0.0012  30528.8407   71998.1725      0.150   478.40   45.188443    4.856892  (   0.00, 200.00, 478.40)
 |   111 Steel235              26   55.757   7.8500      1.7653      17.1928      2.500   480.90   46.604671    5.002302  (   0.00, 200.00, 480.90)
 |   112 Polystyrene            6   11.077   1.0320     42.5383      70.1339      0.500   481.40   46.616425    5.009431  (   0.00, 200.00, 481.40)
 |   113 Air                    7   14.784   0.0012  30528.8407   71998.1725      0.150   481.55   46.616430    5.009433  (   0.00, 200.00, 481.55)
 |   114 Steel235              26   55.757   7.8500      1.7653      17.1928      2.500   484.05   48.032658    5.154842  (   0.00, 200.00, 484.05)
 |   115 Polystyrene            6   11.077   1.0320     42.5383      70.1339      0.500   484.55   48.044412    5.161972  (   0.00, 200.00, 484.55)
 |   116 Air                    7   14.784   0.0012  30528.8407   71998.1725      0.150   484.70   48.044417    5.161974  (   0.00, 200.00, 484.70)
 |   117 Steel235              26   55.757   7.8500      1.7653      17.1928      2.500   487.20   49.460645    5.307383  (   0.00, 200.00, 487.20)
 |   118 Polystyrene            6   11.077   1.0320     42.5383      70.1339      0.500   487.70   49.472399    5.314513  (   0.00, 200.00, 487.70)
 |   119 Air                    7   14.784   0.0012  30528.8407   71998.1725      0.150   487.85   49.472404    5.314515  (   0.00, 200.00, 487.85)
 |   120 Steel235              26   55.757   7.8500      1.7653      17.1928      2.500   490.35   50.888632    5.459924  (   0.00, 200.00, 490.35)
 |   121 Polystyrene            6   11.077   1.0320     42.5383      70.1339      0.500   490.85   50.900386    5.467053  (   0.00, 200.00, 490.85)
 |   122 Air                    7   14.784   0.0012  30528.8407   71998.1725      0.150   491.00   50.900391    5.467056  (   0.00, 200.00, 491.00)
 |   123 Steel235              26   55.757   7.8500      1.7653      17.1928      2.500   493.50   52.316619    5.612465  (   0.00, 200.00, 493.50)
 |   124 Polystyrene            6   11.077   1.0320     42.5383      70.1339      0.500   494.00   52.328373    5.619594  (   0.00, 200.00, 494.00)
 |   125 Air                    7   14.784   0.0012  30528.8407   71998.1725      0.150   494.15   52.328378    5.619596  (   0.00, 200.00, 494.15)
 |   126 Steel235              26   55.757   7.8500      1.7653      17.1928      2.500   496.65   53.744606    5.765006  (   0.00, 200.00, 496.65)
 |   127 Polystyrene            6   11.077   1.0320     42.5383      70.1339      0.500   497.15   53.756360    5.772135  (   0.00, 200.00, 497.15)
 |   128 Air                    7   14.784   0.0012  30528.8407   71998.1725      0.150   497.30   53.756365    5.772137  (   0.00, 200.00, 497.30)
 |   129 Steel235              26   55.757   7.8500      1.7653      17.1928      2.500   499.80   55.172592    5.917547  (   0.00, 200.00, 499.80)
 |   130 Polystyrene            6   11.077   1.0320     42.5383      70.1339      0.500   500.30   55.184347    5.924676  (   0.00, 200.00, 500.30)
 |   131 Air                    7   14.784   0.0012  30528.8407   71998.1725      0.150   500.45   55.184351    5.924678  (   0.00, 200.00, 500.45)
 |   132 Steel235              26   55.757   7.8500      1.7653      17.1928      2.500   502.95   56.600579    6.070088  (   0.00, 200.00, 502.95)
 |   133 Polystyrene            6   11.077   1.0320     42.5383      70.1339      0.500   503.45   56.612334    6.077217  (   0.00, 200.00, 503.45)
 |   134 Air                    7   14.784   0.0012  30528.8407   71998.1725      0.150   503.60   56.612338    6.077219  (   0.00, 200.00, 503.60)
 |   135 Steel235              26   55.757   7.8500      1.7653      17.1928      2.500   506.10   58.028566    6.222629  (   0.00, 200.00, 506.10)
 |   136 Polystyrene            6   11.077   1.0320     42.5383      70.1339      0.500   506.60   58.040320    6.229758  (   0.00, 200.00, 506.60)
 |   137 Air                    7   14.784   0.0012  30528.8407   71998.1725      0.150   506.75   58.040325    6.229760  (   0.00, 200.00, 506.75)
 |   138 Steel235              26   55.757   7.8500      1.7653      17.1928      2.500   509.25   59.456553    6.375170  (   0.00, 200.00, 509.25)
 |   139 Polystyrene            6   11.077   1.0320     42.5383      70.1339      0.500   509.75   59.468307    6.382299  (   0.00, 200.00, 509.75)
 |   140 Air                    7   14.784   0.0012  30528.8407   71998.1725      0.150   509.90   59.468312    6.382301  (   0.00, 200.00, 509.90)
 |   141 Steel235              26   55.757   7.8500      1.7653      17.1928      2.500   512.40   60.884540    6.527710  (   0.00, 200.00, 512.40)
 |   142 Polystyrene            6   11.077   1.0320     42.5383      70.1339      0.500   512.90   60.896294    6.534840  (   0.00, 200.00, 512.90)
 |   143 Air                    7   14.784   0.0012  30528.8407   71998.1725      0.150   513.05   60.896299    6.534842  (   0.00, 200.00, 513.05)
 |   144 Steel235              26   55.757   7.8500      1.7653      17.1928      2.500   515.55   62.312527    6.680251  (   0.00, 200.00, 515.55)
 |   145 Polystyrene            6   11.077   1.0320     42.5383      70.1339      0.500   516.05   62.324281    6.687381  (   0.00, 200.00, 516.05)
 |   146 Air                    7   14.784   0.0012  30528.8407   71998.1725      0.150   516.20   62.324286    6.687383  (   0.00, 200.00, 516.20)
 |   147 Steel235              26   55.757   7.8500      1.7653      17.1928      2.500   518.70   63.740514    6.832792  (   0.00, 200.00, 518.70)
 |   148 Polystyrene            6   11.077   1.0320     42.5383      70.1339      0.500   519.20   63.752268    6.839921  (   0.00, 200.00, 519.20)
 |   149 Air                    7   14.784   0.0012  30528.8407   71998.1725      0.150   519.35   63.752273    6.839923  (   0.00, 200.00, 519.35)
 |   150 Steel235              26   55.757   7.8500      1.7653      17.1928      2.500   521.85   65.168501    6.985333  (   0.00, 200.00, 521.85)
 |   151 Polystyrene            6   11.077   1.0320     42.5383      70.1339      0.500   522.35   65.180255    6.992462  (   0.00, 200.00, 522.35)
 |   152 Air                    7   14.784   0.0012  30528.8407   71998.1725      0.150   522.50   65.180260    6.992464  (   0.00, 200.00, 522.50)
 |   153 Steel235              26   55.757   7.8500      1.7653      17.1928      2.500   525.00   66.596488    7.137874  (   0.00, 200.00, 525.00)
 |   154 Polystyrene            6   11.077   1.0320     42.5383      70.1339      0.500   525.50   66.608242    7.145003  (   0.00, 200.00, 525.50)
 |   155 Air                    7   14.784   0.0012  30528.8407   71998.1725      0.150   525.65   66.608247    7.145005  (   0.00, 200.00, 525.65)
 |   156 Steel235              26   55.757   7.8500      1.7653      17.1928      2.500   528.15   68.024475    7.290415  (   0.00, 200.00, 528.15)
 |   157 Polystyrene            6   11.077   1.0320     42.5383      70.1339      0.500   528.65   68.036229    7.297544  (   0.00, 200.00, 528.65)
 |   158 Air                    7   14.784   0.0012  30528.8407   71998.1725      0.150   528.80   68.036234    7.297546  (   0.00, 200.00, 528.80)
 |   159 Steel235              26   55.757   7.8500      1.7653      17.1928      2.500   531.30   69.452462    7.442956  (   0.00, 200.00, 531.30)
 |   160 Polystyrene            6   11.077   1.0320     42.5383      70.1339      0.500   531.80   69.464216    7.450085  (   0.00, 200.00, 531.80)
 |   161 Air                    7   14.784   0.0012  30528.8407   71998.1725      0.150   531.95   69.464221    7.450087  (   0.00, 200.00, 531.95)
 |   162 Steel235              26   55.757   7.8500      1.7653      17.1928      2.500   534.45   70.880449    7.595497  (   0.00, 200.00, 534.45)
 |   163 Polystyrene            6   11.077   1.0320     42.5383      70.1339      0.500   534.95   70.892203    7.602626  (   0.00, 200.00, 534.95)
 |   164 Air                    7   14.784   0.0012  30528.8407   71998.1725      0.150   535.10   70.892208    7.602628  (   0.00, 200.00, 535.10)
 |   165 Steel235              26   55.757   7.8500      1.7653      17.1928      2.500   537.60   72.308436    7.748037  (   0.00, 200.00, 537.60)
 |   166 Polystyrene            6   11.077   1.0320     42.5383      70.1339      0.500   538.10   72.320190    7.755167  (   0.00, 200.00, 538.10)
 |   167 Air                    7   14.784   0.0012  30528.8407   71998.1725      0.150   538.25   72.320195    7.755169  (   0.00, 200.00, 538.25)
 |   168 Steel235              26   55.757   7.8500      1.7653      17.1928      2.500   540.75   73.736423    7.900578  (   0.00, 200.00, 540.75)
 |   169 Polystyrene            6   11.077   1.0320     42.5383      70.1339      0.500   541.25   73.748177    7.907708  (   0.00, 200.00, 541.25)
 |   170 Air                    7   14.784   0.0012  30528.8407   71998.1725      0.150   541.40   73.748182    7.907710  (   0.00, 200.00, 541.40)
 |   171 Steel235              26   55.757   7.8500      1.7653      17.1928      2.500   543.90   75.164409    8.053119  (   0.00, 200.00, 543.90)
 |   172 Polystyrene            6   11.077   1.0320     42.5383      70.1339      0.500   544.40   75.176164    8.060248  (   0.00, 200.00, 544.40)
 |   173 Air                    7   14.784   0.0012  30528.8407   71998.1725      0.150   544.55   75.176169    8.060251  (   0.00, 200.00, 544.55)
 |   174 Steel235              26   55.757   7.8500      1.7653      17.1928      2.500   547.05   76.592396    8.205660  (   0.00, 200.00, 547.05)
 |   175 Polystyrene            6   11.077   1.0320     42.5383      70.1339      0.500   547.55   76.604151    8.212789  (   0.00, 200.00, 547.55)
 |   176 Air                    7   14.784   0.0012  30528.8407   71998.1725      0.150   547.70   76.604155    8.212791  (   0.00, 200.00, 547.70)
 |   177 Air                    7   14.784   0.0012  30528.8407   71998.1725     49.745   597.44   76.605785    8.213482  (   0.00, 200.00, 597.44)
 |   178 Iron                  26   55.845   7.8740      1.7575      17.1639     10.000   607.44   82.295707    8.796101  (   0.00, 200.00, 607.44)
 |   179 Aluminum              13   26.982   2.6990      8.8963      39.8672      0.100   607.54   82.306948    8.798609  (   0.00, 200.00, 607.54)
 |   180 Air                    7   14.784   0.0012  30528.8407   71998.1725      0.350   607.89   82.306960    8.798614  (   0.00, 200.00, 607.89)
 |   181 PyrexGlass            10   20.495   2.2300     12.6748      43.5474      0.200   608.09   82.322739    8.803206  (   0.00, 200.00, 608.09)
 |   182 RPCGasDefault          8   16.809   0.0037   9559.7011   23915.1216      0.200   608.29   82.322760    8.803215  (   0.00, 200.00, 608.29)
 |   183 PyrexGlass            10   20.495   2.2300     12.6748      43.5474      0.200   608.49   82.338539    8.807808  (   0.00, 200.00, 608.49)
 |   184 Air                    7   14.784   0.0012  30528.8407   71998.1725      0.350   608.84   82.338551    8.807812  (   0.00, 200.00, 608.84)
 |   185 Aluminum              13   26.982   2.6990      8.8963      39.8672      0.100   608.94   82.349791    8.810321  (   0.00, 200.00, 608.94)
 |   186 Aluminum              13   26.982   2.6990      8.8963      39.8672      0.100   609.04   82.361032    8.812829  (   0.00, 200.00, 609.04)
 |   187 Air                    7   14.784   0.0012  30528.8407   71998.1725      0.350   609.39   82.361043    8.812834  (   0.00, 200.00, 609.39)
 |   188 PyrexGlass            10   20.495   2.2300     12.6748      43.5474      0.200   609.59   82.376823    8.817427  (   0.00, 200.00, 609.59)
 |   189 RPCGasDefault          8   16.809   0.0037   9559.7011   23915.1216      0.200   609.79   82.376844    8.817435  (   0.00, 200.00, 609.79)
 |   190 PyrexGlass            10   20.495   2.2300     12.6748      43.5474      0.200   609.99   82.392623    8.822028  (   0.00, 200.00, 609.99)
 |   191 Air                    7   14.784   0.0012  30528.8407   71998.1725      0.350   610.34   82.392635    8.822033  (   0.00, 200.00, 610.34)
 |   192 Aluminum              13   26.982   2.6990      8.8963      39.8672      0.100   610.44   82.403875    8.824541  (   0.00, 200.00, 610.44)
 |   193 Air                    7   14.784   0.0012  30528.8407   71998.1725      1.000   611.44   82.403908    8.824555  (   0.00, 200.00, 611.44)
 |   194 Iron                  26   55.845   7.8740      1.7575      17.1639     10.000   621.44   88.093831    9.407173  (   0.00, 200.00, 621.44)
 |   195 Aluminum              13   26.982   2.6990      8.8963      39.8672      0.100   621.54   88.105071    9.409681  (   0.00, 200.00, 621.54)
 |   196 Air                    7   14.784   0.0012  30528.8407   71998.1725      0.350   621.89   88.105083    9.409686  (   0.00, 200.00, 621.89)
 |   197 PyrexGlass            10   20.495   2.2300     12.6748      43.5474      0.200   622.09   88.120862    9.414279  (   0.00, 200.00, 622.09)
 |   198 RPCGasDefault          8   16.809   0.0037   9559.7011   23915.1216      0.200   622.29   88.120883    9.414287  (   0.00, 200.00, 622.29)
 |   199 PyrexGlass            10   20.495   2.2300     12.6748      43.5474      0.200   622.49   88.136662    9.418880  (   0.00, 200.00, 622.49)
 |   200 Air                    7   14.784   0.0012  30528.8407   71998.1725      0.350   622.84   88.136674    9.418885  (   0.00, 200.00, 622.84)
 |   201 Aluminum              13   26.982   2.6990      8.8963      39.8672      0.100   622.94   88.147914    9.421393  (   0.00, 200.00, 622.94)
 |   202 Aluminum              13   26.982   2.6990      8.8963      39.8672      0.100   623.04   88.159155    9.423901  (   0.00, 200.00, 623.04)
 |   203 Air                    7   14.784   0.0012  30528.8407   71998.1725      0.350   623.39   88.159166    9.423906  (   0.00, 200.00, 623.39)
 |   204 PyrexGlass            10   20.495   2.2300     12.6748      43.5474      0.200   623.59   88.174946    9.428499  (   0.00, 200.00, 623.59)
 |   205 RPCGasDefault          8   16.809   0.0037   9559.7011   23915.1216      0.200   623.79   88.174967    9.428507  (   0.00, 200.00, 623.79)
 |   206 PyrexGlass            10   20.495   2.2300     12.6748      43.5474      0.200   623.99   88.190746    9.433100  (   0.00, 200.00, 623.99)
 |   207 Air                    7   14.784   0.0012  30528.8407   71998.1725      0.350   624.34   88.190758    9.433105  (   0.00, 200.00, 624.34)
 |   208 Aluminum              13   26.982   2.6990      8.8963      39.8672      0.100   624.44   88.201998    9.435613  (   0.00, 200.00, 624.44)
 |   209 Air                    7   14.784   0.0012  30528.8407   71998.1725      1.000   625.44   88.202031    9.435627  (   0.00, 200.00, 625.44)
 |   210 Iron                  26   55.845   7.8740      1.7575      17.1639     10.000   635.44   93.891954   10.018245  (   0.00, 200.00, 635.44)
 |   211 Aluminum              13   26.982   2.6990      8.8963      39.8672      0.100   635.54   93.903194   10.020754  (   0.00, 200.00, 635.54)
 |   212 Air                    7   14.784   0.0012  30528.8407   71998.1725      0.350   635.89   93.903206   10.020759  (   0.00, 200.00, 635.89)
 |   213 PyrexGlass            10   20.495   2.2300     12.6748      43.5474      0.200   636.09   93.918985   10.025351  (   0.00, 200.00, 636.09)
 |   214 RPCGasDefault          8   16.809   0.0037   9559.7011   23915.1216      0.200   636.29   93.919006   10.025360  (   0.00, 200.00, 636.29)
 |   215 PyrexGlass            10   20.495   2.2300     12.6748      43.5474      0.200   636.49   93.934785   10.029952  (   0.00, 200.00, 636.49)
 |   216 Air                    7   14.784   0.0012  30528.8407   71998.1725      0.350   636.84   93.934797   10.029957  (   0.00, 200.00, 636.84)
 |   217 Aluminum              13   26.982   2.6990      8.8963      39.8672      0.100   636.94   93.946037   10.032466  (   0.00, 200.00, 636.94)
 |   218 Aluminum              13   26.982   2.6990      8.8963      39.8672      0.100   637.04   93.957278   10.034974  (   0.00, 200.00, 637.04)
 |   219 Air                    7   14.784   0.0012  30528.8407   71998.1725      0.350   637.39   93.957289   10.034979  (   0.00, 200.00, 637.39)
 |   220 PyrexGlass            10   20.495   2.2300     12.6748      43.5474      0.200   637.59   93.973069   10.039571  (   0.00, 200.00, 637.59)
 |   221 RPCGasDefault          8   16.809   0.0037   9559.7011   23915.1216      0.200   637.79   93.973090   10.039580  (   0.00, 200.00, 637.79)
 |   222 PyrexGlass            10   20.495   2.2300     12.6748      43.5474      0.200   637.99   93.988869   10.044173  (   0.00, 200.00, 637.99)
 |   223 Air                    7   14.784   0.0012  30528.8407   71998.1725      0.350   638.34   93.988881   10.044177  (   0.00, 200.00, 638.34)
 |   224 Aluminum              13   26.982   2.6990      8.8963      39.8672      0.100   638.44   94.000121   10.046686  (   0.00, 200.00, 638.44)
 |   225 Air                    7   14.784   0.0012  30528.8407   71998.1725      1.000   639.44   94.000154   10.046700  (   0.00, 200.00, 639.44)
 |   226 Iron                  26   55.845   7.8740      1.7575      17.1639     10.000   649.44   99.690077   10.629318  (   0.00, 200.00, 649.44)
 |   227 Aluminum              13   26.982   2.6990      8.8963      39.8672      0.100   649.54   99.701317   10.631826  (   0.00, 200.00, 649.54)
 |   228 Air                    7   14.784   0.0012  30528.8407   71998.1725      0.350   649.89   99.701329   10.631831  (   0.00, 200.00, 649.89)
 |   229 PyrexGlass            10   20.495   2.2300     12.6748      43.5474      0.200   650.09   99.717108   10.636424  (   0.00, 200.00, 650.09)
 |   230 RPCGasDefault          8   16.809   0.0037   9559.7011   23915.1216      0.200   650.29   99.717129   10.636432  (   0.00, 200.00, 650.29)
 |   231 PyrexGlass            10   20.495   2.2300     12.6748      43.5474      0.200   650.49   99.732908   10.641025  (   0.00, 200.00, 650.49)
 |   232 Air                    7   14.784   0.0012  30528.8407   71998.1725      0.350   650.84   99.732920   10.641030  (   0.00, 200.00, 650.84)
 |   233 Aluminum              13   26.982   2.6990      8.8963      39.8672      0.100   650.94   99.744160   10.643538  (   0.00, 200.00, 650.94)
 |   234 Aluminum              13   26.982   2.6990      8.8963      39.8672      0.100   651.04   99.755401   10.646046  (   0.00, 200.00, 651.04)
 |   235 Air                    7   14.784   0.0012  30528.8407   71998.1725      0.350   651.39   99.755413   10.646051  (   0.00, 200.00, 651.39)
 |   236 PyrexGlass            10   20.495   2.2300     12.6748      43.5474      0.200   651.59   99.771192   10.650644  (   0.00, 200.00, 651.59)
 |   237 RPCGasDefault          8   16.809   0.0037   9559.7011   23915.1216      0.200   651.79   99.771213   10.650652  (   0.00, 200.00, 651.79)
 |   238 PyrexGlass            10   20.495   2.2300     12.6748      43.5474      0.200   651.99   99.786992   10.655245  (   0.00, 200.00, 651.99)
 |   239 Air                    7   14.784   0.0012  30528.8407   71998.1725      0.350   652.34   99.787004   10.655250  (   0.00, 200.00, 652.34)
 |   240 Aluminum              13   26.982   2.6990      8.8963      39.8672      0.100   652.44   99.798244   10.657758  (   0.00, 200.00, 652.44)
 |   241 Air                    7   14.784   0.0012  30528.8407   71998.1725      1.000   653.44   99.798277   10.657772  (   0.00, 200.00, 653.44)
 |   242 Iron                  26   55.845   7.8740      1.7575      17.1639     10.000   663.44  105.488200   11.240390  (   0.00, 200.00, 663.44)
 |   243 Aluminum              13   26.982   2.6990      8.8963      39.8672      0.100   663.54  105.499440   11.242899  (   0.00, 200.00, 663.54)
 |   244 Air                    7   14.784   0.0012  30528.8407   71998.1725      0.350   663.89  105.499452   11.242903  (   0.00, 200.00, 663.89)
 |   245 PyrexGlass            10   20.495   2.2300     12.6748      43.5474      0.200   664.09  105.515231   11.247496  (   0.00, 200.00, 664.09)
 |   246 RPCGasDefault          8   16.809   0.0037   9559.7011   23915.1216      0.200   664.29  105.515252   11.247505  (   0.00, 200.00, 664.29)
 |   247 PyrexGlass            10   20.495   2.2300     12.6748      43.5474      0.200   664.49  105.531031   11.252097  (   0.00, 200.00, 664.49)
 |   248 Air                    7   14.784   0.0012  30528.8407   71998.1725      0.350   664.84  105.531043   11.252102  (   0.00, 200.00, 664.84)
 |   249 Aluminum              13   26.982   2.6990      8.8963      39.8672      0.100   664.94  105.542284   11.254610  (   0.00, 200.00, 664.94)
 |   250 Aluminum              13   26.982   2.6990      8.8963      39.8672      0.100   665.04  105.553524   11.257119  (   0.00, 200.00, 665.04)
 |   251 Air                    7   14.784   0.0012  30528.8407   71998.1725      0.350   665.39  105.553536   11.257124  (   0.00, 200.00, 665.39)
 |   252 PyrexGlass            10   20.495   2.2300     12.6748      43.5474      0.200   665.59  105.569315   11.261716  (   0.00, 200.00, 665.59)
 |   253 RPCGasDefault          8   16.809   0.0037   9559.7011   23915.1216      0.200   665.79  105.569336   11.261725  (   0.00, 200.00, 665.79)
 |   254 PyrexGlass            10   20.495   2.2300     12.6748      43.5474      0.200   665.99  105.585115   11.266317  (   0.00, 200.00, 665.99)
 |   255 Air                    7   14.784   0.0012  30528.8407   71998.1725      0.350   666.34  105.585127   11.266322  (   0.00, 200.00, 666.34)
 |   256 Aluminum              13   26.982   2.6990      8.8963      39.8672      0.100   666.44  105.596367   11.268831  (   0.00, 200.00, 666.44)
 |   257 Air                    7   14.784   0.0012  30528.8407   71998.1725      1.000   667.44  105.596400   11.268844  (   0.00, 200.00, 667.44)
 |   258 Iron                  26   55.845   7.8740      1.7575      17.1639     10.000   677.44  111.286323   11.851463  (   0.00, 200.00, 677.44)
 |   259 Aluminum              13   26.982   2.6990      8.8963      39.8672      0.100   677.54  111.297563   11.853971  (   0.00, 200.00, 677.54)
 |   260 Air                    7   14.784   0.0012  30528.8407   71998.1725      0.350   677.89  111.297575   11.853976  (   0.00, 200.00, 677.89)
 |   261 PyrexGlass            10   20.495   2.2300     12.6748      43.5474      0.200   678.09  111.313354   11.858569  (   0.00, 200.00, 678.09)
 |   262 RPCGasDefault          8   16.809   0.0037   9559.7011   23915.1216      0.200   678.29  111.313375   11.858577  (   0.00, 200.00, 678.29)
 |   263 PyrexGlass            10   20.495   2.2300     12.6748      43.5474      0.200   678.49  111.329154   11.863170  (   0.00, 200.00, 678.49)
 |   264 Air                    7   14.784   0.0012  30528.8407   71998.1725      0.350   678.84  111.329166   11.863175  (   0.00, 200.00, 678.84)
 |   265 Aluminum              13   26.982   2.6990      8.8963      39.8672      0.100   678.94  111.340407   11.865683  (   0.00, 200.00, 678.94)
 |   266 Aluminum              13   26.982   2.6990      8.8963      39.8672      0.100   679.04  111.351647   11.868191  (   0.00, 200.00, 679.04)
 |   267 Air                    7   14.784   0.0012  30528.8407   71998.1725      0.350   679.39  111.351659   11.868196  (   0.00, 200.00, 679.39)
 |   268 PyrexGlass            10   20.495   2.2300     12.6748      43.5474      0.200   679.59  111.367438   11.872789  (   0.00, 200.00, 679.59)
 |   269 RPCGasDefault          8   16.809   0.0037   9559.7011   23915.1216      0.200   679.79  111.367459   11.872797  (   0.00, 200.00, 679.79)
 |   270 PyrexGlass            10   20.495   2.2300     12.6748      43.5474      0.200   679.99  111.383238   11.877390  (   0.00, 200.00, 679.99)
 |   271 Air                    7   14.784   0.0012  30528.8407   71998.1725      0.350   680.34  111.383250   11.877395  (   0.00, 200.00, 680.34)
 |   272 Aluminum              13   26.982   2.6990      8.8963      39.8672      0.100   680.44  111.394490   11.879903  (   0.00, 200.00, 680.44)
 |   273 Air                    7   14.784   0.0012  30528.8407   71998.1725      1.000   681.44  111.394523   11.879917  (   0.00, 200.00, 681.44)
 |   274 Iron                  26   55.845   7.8740      1.7575      17.1639     10.000   691.44  117.084446   12.462535  (   0.00, 200.00, 691.44)
 |   275 Aluminum              13   26.982   2.6990      8.8963      39.8672      0.100   691.54  117.095686   12.465043  (   0.00, 200.00, 691.54)
 |   276 Air                    7   14.784   0.0012  30528.8407   71998.1725      0.350   691.89  117.095698   12.465048  (   0.00, 200.00, 691.89)
 |   277 PyrexGlass            10   20.495   2.2300     12.6748      43.5474      0.200   692.09  117.111477   12.469641  (   0.00, 200.00, 692.09)
 |   278 RPCGasDefault          8   16.809   0.0037   9559.7011   23915.1216      0.200   692.29  117.111498   12.469649  (   0.00, 200.00, 692.29)
 |   279 PyrexGlass            10   20.495   2.2300     12.6748      43.5474      0.200   692.49  117.127278   12.474242  (   0.00, 200.00, 692.49)
 |   280 Air                    7   14.784   0.0012  30528.8407   71998.1725      0.350   692.84  117.127289   12.474247  (   0.00, 200.00, 692.84)
 |   281 Aluminum              13   26.982   2.6990      8.8963      39.8672      0.100   692.94  117.138530   12.476755  (   0.00, 200.00, 692.94)
 |   282 Aluminum              13   26.982   2.6990      8.8963      39.8672      0.100   693.04  117.149770   12.479264  (   0.00, 200.00, 693.04)
 |   283 Air                    7   14.784   0.0012  30528.8407   71998.1725      0.350   693.39  117.149782   12.479268  (   0.00, 200.00, 693.39)
 |   284 PyrexGlass            10   20.495   2.2300     12.6748      43.5474      0.200   693.59  117.165561   12.483861  (   0.00, 200.00, 693.59)
 |   285 RPCGasDefault          8   16.809   0.0037   9559.7011   23915.1216      0.200   693.79  117.165582   12.483870  (   0.00, 200.00, 693.79)
 |   286 PyrexGlass            10   20.495   2.2300     12.6748      43.5474      0.200   693.99  117.181361   12.488462  (   0.00, 200.00, 693.99)
 |   287 Air                    7   14.784   0.0012  30528.8407   71998.1725      0.350   694.34  117.181373   12.488467  (   0.00, 200.00, 694.34)
 |   288 Aluminum              13   26.982   2.6990      8.8963      39.8672      0.100   694.44  117.192613   12.490975  (   0.00, 200.00, 694.44)
 |   289 Air                    7   14.784   0.0012  30528.8407   71998.1725      1.000   695.44  117.192646   12.490989  (   0.00, 200.00, 695.44)
 |   290 Iron                  26   55.845   7.8740      1.7575      17.1639     10.000   705.44  122.882569   13.073608  (   0.00, 200.00, 705.44)
 |   291 Aluminum              13   26.982   2.6990      8.8963      39.8672      0.100   705.54  122.893809   13.076116  (   0.00, 200.00, 705.54)
 |   292 Air                    7   14.784   0.0012  30528.8407   71998.1725      0.350   705.89  122.893821   13.076121  (   0.00, 200.00, 705.89)
 |   293 PyrexGlass            10   20.495   2.2300     12.6748      43.5474      0.200   706.09  122.909600   13.080713  (   0.00, 200.00, 706.09)
 |   294 RPCGasDefault          8   16.809   0.0037   9559.7011   23915.1216      0.200   706.29  122.909621   13.080722  (   0.00, 200.00, 706.29)
 |   295 PyrexGlass            10   20.495   2.2300     12.6748      43.5474      0.200   706.49  122.925401   13.085315  (   0.00, 200.00, 706.49)
 |   296 Air                    7   14.784   0.0012  30528.8407   71998.1725      0.350   706.84  122.925412   13.085319  (   0.00, 200.00, 706.84)
 |   297 Aluminum              13   26.982   2.6990      8.8963      39.8672      0.100   706.94  122.936653   13.087828  (   0.00, 200.00, 706.94)
 |   298 Aluminum              13   26.982   2.6990      8.8963      39.8672      0.100   707.04  122.947893   13.090336  (   0.00, 200.00, 707.04)
 |   299 Air                    7   14.784   0.0012  30528.8407   71998.1725      0.350   707.39  122.947905   13.090341  (   0.00, 200.00, 707.39)
 |   300 PyrexGlass            10   20.495   2.2300     12.6748      43.5474      0.200   707.59  122.963684   13.094934  (   0.00, 200.00, 707.59)
 |   301 RPCGasDefault          8   16.809   0.0037   9559.7011   23915.1216      0.200   707.79  122.963705   13.094942  (   0.00, 200.00, 707.79)
 |   302 PyrexGlass            10   20.495   2.2300     12.6748      43.5474      0.200   707.99  122.979484   13.099535  (   0.00, 200.00, 707.99)
 |   303 Air                    7   14.784   0.0012  30528.8407   71998.1725      0.350   708.34  122.979496   13.099540  (   0.00, 200.00, 708.34)
 |   304 Aluminum              13   26.982   2.6990      8.8963      39.8672      0.100   708.44  122.990737   13.102048  (   0.00, 200.00, 708.44)
 |   305 Air                    7   14.784   0.0012  30528.8407   71998.1725      1.000   709.44  122.990769   13.102062  (   0.00, 200.00, 709.44)
 |   306 Iron                  26   55.845   7.8740      1.7575      17.1639     10.000   719.44  128.680692   13.684680  (   0.00, 200.00, 719.44)
 |   307 Aluminum              13   26.982   2.6990      8.8963      39.8672      0.100   719.54  128.691932   13.687188  (   0.00, 200.00, 719.54)
 |   308 Air                    7   14.784   0.0012  30528.8407   71998.1725      0.350   719.89  128.691944   13.687193  (   0.00, 200.00, 719.89)
 |   309 PyrexGlass            10   20.495   2.2300     12.6748      43.5474      0.200   720.09  128.707723   13.691786  (   0.00, 200.00, 720.09)
 |   310 RPCGasDefault          8   16.809   0.0037   9559.7011   23915.1216      0.200   720.29  128.707744   13.691794  (   0.00, 200.00, 720.29)
 |   311 PyrexGlass            10   20.495   2.2300     12.6748      43.5474      0.200   720.49  128.723524   13.696387  (   0.00, 200.00, 720.49)
 |   312 Air                    7   14.784   0.0012  30528.8407   71998.1725      0.350   720.84  128.723535   13.696392  (   0.00, 200.00, 720.84)
 |   313 Aluminum              13   26.982   2.6990      8.8963      39.8672      0.100   720.94  128.734776   13.698900  (   0.00, 200.00, 720.94)
 |   314 Aluminum              13   26.982   2.6990      8.8963      39.8672      0.100   721.04  128.746016   13.701408  (   0.00, 200.00, 721.04)
 |   315 Air                    7   14.784   0.0012  30528.8407   71998.1725      0.350   721.39  128.746028   13.701413  (   0.00, 200.00, 721.39)
 |   316 PyrexGlass            10   20.495   2.2300     12.6748      43.5474      0.200   721.59  128.761807   13.706006  (   0.00, 200.00, 721.59)
 |   317 RPCGasDefault          8   16.809   0.0037   9559.7011   23915.1216      0.200   721.79  128.761828   13.706014  (   0.00, 200.00, 721.79)
 |   318 PyrexGlass            10   20.495   2.2300     12.6748      43.5474      0.200   721.99  128.777607   13.710607  (   0.00, 200.00, 721.99)
 |   319 Air                    7   14.784   0.0012  30528.8407   71998.1725      0.350   722.34  128.777619   13.710612  (   0.00, 200.00, 722.34)
 |   320 Aluminum              13   26.982   2.6990      8.8963      39.8672      0.100   722.44  128.788860   13.713120  (   0.00, 200.00, 722.44)
 |   321 Air                    7   14.784   0.0012  30528.8407   71998.1725      1.000   723.44  128.788892   13.713134  (   0.00, 200.00, 723.44)
 |   322 Iron                  26   55.845   7.8740      1.7575      17.1639     10.000   733.44  134.478815   14.295752  (   0.00, 200.00, 733.44)
 |   323 Aluminum              13   26.982   2.6990      8.8963      39.8672      0.100   733.54  134.490056   14.298261  (   0.00, 200.00, 733.54)
 |   324 Air                    7   14.784   0.0012  30528.8407   71998.1725      0.350   733.89  134.490067   14.298266  (   0.00, 200.00, 733.89)
 |   325 PyrexGlass            10   20.495   2.2300     12.6748      43.5474      0.200   734.09  134.505846   14.302858  (   0.00, 200.00, 734.09)
 |   326 RPCGasDefault          8   16.809   0.0037   9559.7011   23915.1216      0.200   734.29  134.505867   14.302867  (   0.00, 200.00, 734.29)
 |   327 PyrexGlass            10   20.495   2.2300     12.6748      43.5474      0.200   734.49  134.521647   14.307459  (   0.00, 200.00, 734.49)
 |   328 Air                    7   14.784   0.0012  30528.8407   71998.1725      0.350   734.84  134.521658   14.307464  (   0.00, 200.00, 734.84)
 |   329 Aluminum              13   26.982   2.6990      8.8963      39.8672      0.100   734.94  134.532899   14.309973  (   0.00, 200.00, 734.94)
 |   330 Aluminum              13   26.982   2.6990      8.8963      39.8672      0.100   735.04  134.544139   14.312481  (   0.00, 200.00, 735.04)
 |   331 Air                    7   14.784   0.0012  30528.8407   71998.1725      0.350   735.39  134.544151   14.312486  (   0.00, 200.00, 735.39)
 |   332 PyrexGlass            10   20.495   2.2300     12.6748      43.5474      0.200   735.59  134.559930   14.317078  (   0.00, 200.00, 735.59)
 |   333 RPCGasDefault          8   16.809   0.0037   9559.7011   23915.1216      0.200   735.79  134.559951   14.317087  (   0.00, 200.00, 735.79)
 |   334 PyrexGlass            10   20.495   2.2300     12.6748      43.5474      0.200   735.99  134.575731   14.321680  (   0.00, 200.00, 735.99)
 |   335 Air                    7   14.784   0.0012  30528.8407   71998.1725      0.350   736.34  134.575742   14.321684  (   0.00, 200.00, 736.34)
 |   336 Aluminum              13   26.982   2.6990      8.8963      39.8672      0.100   736.44  134.586983   14.324193  (   0.00, 200.00, 736.44)
 |   337 Air                    7   14.784   0.0012  30528.8407   71998.1725      1.000   737.44  134.587015   14.324207  (   0.00, 200.00, 737.44)
 |   338 Iron                  26   55.845   7.8740      1.7575      17.1639     10.000   747.44  140.276938   14.906825  (   0.00, 200.00, 747.44)
 |   339 Aluminum              13   26.982   2.6990      8.8963      39.8672      0.100   747.54  140.288179   14.909333  (   0.00, 200.00, 747.54)
 |   340 Air                    7   14.784   0.0012  30528.8407   71998.1725      0.350   747.89  140.288190   14.909338  (   0.00, 200.00, 747.89)
 |   341 PyrexGlass            10   20.495   2.2300     12.6748      43.5474      0.200   748.09  140.303969   14.913931  (   0.00, 200.00, 748.09)
 |   342 RPCGasDefault          8   16.809   0.0037   9559.7011   23915.1216      0.200   748.29  140.303990   14.913939  (   0.00, 200.00, 748.29)
 |   343 PyrexGlass            10   20.495   2.2300     12.6748      43.5474      0.200   748.49  140.319770   14.918532  (   0.00, 200.00, 748.49)
 |   344 Air                    7   14.784   0.0012  30528.8407   71998.1725      0.350   748.84  140.319781   14.918537  (   0.00, 200.00, 748.84)
 |   345 Aluminum              13   26.982   2.6990      8.8963      39.8672      0.100   748.94  140.331022   14.921045  (   0.00, 200.00, 748.94)
 |   346 Aluminum              13   26.982   2.6990      8.8963      39.8672      0.100   749.04  140.342262   14.923553  (   0.00, 200.00, 749.04)
 |   347 Air                    7   14.784   0.0012  30528.8407   71998.1725      0.350   749.39  140.342274   14.923558  (   0.00, 200.00, 749.39)
 |   348 PyrexGlass            10   20.495   2.2300     12.6748      43.5474      0.200   749.59  140.358053   14.928151  (   0.00, 200.00, 749.59)
 |   349 RPCGasDefault          8   16.809   0.0037   9559.7011   23915.1216      0.200   749.79  140.358074   14.928159  (   0.00, 200.00, 749.79)
 |   350 PyrexGlass            10   20.495   2.2300     12.6748      43.5474      0.200   749.99  140.373854   14.932752  (   0.00, 200.00, 749.99)
 |   351 Air                    7   14.784   0.0012  30528.8407   71998.1725      0.350   750.34  140.373865   14.932757  (   0.00, 200.00, 750.34)
 |   352 Aluminum              13   26.982   2.6990      8.8963      39.8672      0.100   750.44  140.385106   14.935265  (   0.00, 200.00, 750.44)
 |   353 Air                    7   14.784   0.0012  30528.8407   71998.1725      1.000   751.44  140.385138   14.935279  (   0.00, 200.00, 751.44)
 |   354 Iron                  26   55.845   7.8740      1.7575      17.1639     10.000   761.44  146.075061   15.517897  (   0.00, 200.00, 761.44)
 |   355 Aluminum              13   26.982   2.6990      8.8963      39.8672      0.100   761.54  146.086302   15.520406  (   0.00, 200.00, 761.54)
 |   356 Air                    7   14.784   0.0012  30528.8407   71998.1725      0.350   761.89  146.086313   15.520410  (   0.00, 200.00, 761.89)
 |   357 PyrexGlass            10   20.495   2.2300     12.6748      43.5474      0.200   762.09  146.102092   15.525003  (   0.00, 200.00, 762.09)
 |   358 RPCGasDefault          8   16.809   0.0037   9559.7011   23915.1216      0.200   762.29  146.102113   15.525012  (   0.00, 200.00, 762.29)
 |   359 PyrexGlass            10   20.495   2.2300     12.6748      43.5474      0.200   762.49  146.117893   15.529604  (   0.00, 200.00, 762.49)
 |   360 Air                    7   14.784   0.0012  30528.8407   71998.1725      0.350   762.84  146.117904   15.529609  (   0.00, 200.00, 762.84)
 |   361 Aluminum              13   26.982   2.6990      8.8963      39.8672      0.100   762.94  146.129145   15.532117  (   0.00, 200.00, 762.94)
 |   362 Aluminum              13   26.982   2.6990      8.8963      39.8672      0.100   763.04  146.140385   15.534626  (   0.00, 200.00, 763.04)
 |   363 Air                    7   14.784   0.0012  30528.8407   71998.1725      0.350   763.39  146.140397   15.534631  (   0.00, 200.00, 763.39)
 |   364 PyrexGlass            10   20.495   2.2300     12.6748      43.5474      0.200   763.59  146.156176   15.539223  (   0.00, 200.00, 763.59)
 |   365 RPCGasDefault          8   16.809   0.0037   9559.7011   23915.1216      0.200   763.79  146.156197   15.539232  (   0.00, 200.00, 763.79)
 |   366 PyrexGlass            10   20.495   2.2300     12.6748      43.5474      0.200   763.99  146.171977   15.543824  (   0.00, 200.00, 763.99)
 |   367 Air                    7   14.784   0.0012  30528.8407   71998.1725      0.350   764.34  146.171988   15.543829  (   0.00, 200.00, 764.34)
 |   368 Aluminum              13   26.982   2.6990      8.8963      39.8672      0.100   764.44  146.183229   15.546338  (   0.00, 200.00, 764.44)
 |   369 Air                    7   14.784   0.0012  30528.8407   71998.1725      1.000   765.44  146.183261   15.546351  (   0.00, 200.00, 765.44)
 |   370 Air                    7   14.784   0.0012  30528.8407   71998.1725    434.555  1200.00  146.197496   15.552387  (   0.00, 200.00,1200.00)
 +--------------------------------------------------------------------------------------------------------------------------------------------------
 |     0 Average Material      24   51.444   1.7185      8.2081      77.1586   1200.000  1200.00  146.197496   15.552387  (   0.00, 200.00,1200.00)
 +--------------------------------------------------------------------------------------------------------------------------------------------------
