materialScan compact_Lhe_dip_sol_ell_mat-LAr-EMC_v8_asym.xml 0. 171.5 0. 0. 171.5 1200. >| materialScan_compact_Lhe_dip_sol_ell_mat-LAr-EMC_v8_asym_0_171.5_0-0_171.5_1200.txt
DD4hep           WARN  ++ STD conditions NOT defined by client. NTP defaults taken.
VertexBarrelSupports_layer0 4.725 4.725 52.45
VertexBarrelSupports2_layer0 6.45 6.45 53.45
 +--------------------------------------------------------------------------------------------------------------------------------------------------
 + Material scan between: x_0 = (   0.00, 171.50,   0.00) [cm] and x_1 = (   0.00, 171.50,1200.00) [cm] : 
 +--------------------------------------------------------------------------------------------------------------------------------------------------
 |     \   Material           Atomic                 Radiation   Interaction               Path   Integrated  Integrated    Material
 | Num. \  Name          Number/Z   Mass/A  Density    Length       Length    Thickness   Length      X0        Lambda      Endpoint  
 | Layer \                        [g/mole]  [g/cm3]     [cm]        [cm]          [cm]      [cm]     [cm]        [cm]     (     cm,     cm,     cm)
 +--------------------------------------------------------------------------------------------------------------------------------------------------
 |     1 Air                    7   14.784   0.0012  30528.8407   71998.1725    500.000   500.00    0.016378    0.006945  (   0.00, 171.50, 500.00)
 |     2 Air                    7   14.784   0.0012  30528.8407   71998.1725     97.445   597.45    0.019570    0.008298  (   0.00, 171.50, 597.45)
 |     3 Iron                  26   55.845   7.8740      1.7575      17.1639     10.000   607.45    5.709492    0.590916  (   0.00, 171.50, 607.45)
 |     4 Aluminum              13   26.982   2.6990      8.8963      39.8672      0.100   607.54    5.720733    0.593425  (   0.00, 171.50, 607.54)
 |     5 Air                    7   14.784   0.0012  30528.8407   71998.1725      0.350   607.89    5.720745    0.593429  (   0.00, 171.50, 607.89)
 |     6 PyrexGlass            10   20.495   2.2300     12.6748      43.5474      0.200   608.09    5.736524    0.598022  (   0.00, 171.50, 608.09)
 |     7 RPCGasDefault          8   16.809   0.0037   9559.7011   23915.1216      0.200   608.29    5.736545    0.598031  (   0.00, 171.50, 608.29)
 |     8 PyrexGlass            10   20.495   2.2300     12.6748      43.5474      0.200   608.49    5.752324    0.602623  (   0.00, 171.50, 608.49)
 |     9 Air                    7   14.784   0.0012  30528.8407   71998.1725      0.350   608.84    5.752336    0.602628  (   0.00, 171.50, 608.84)
 |    10 Aluminum              13   26.982   2.6990      8.8963      39.8672      0.100   608.94    5.763576    0.605136  (   0.00, 171.50, 608.94)
 |    11 Aluminum              13   26.982   2.6990      8.8963      39.8672      0.100   609.04    5.774817    0.607645  (   0.00, 171.50, 609.04)
 |    12 Air                    7   14.784   0.0012  30528.8407   71998.1725      0.350   609.39    5.774828    0.607650  (   0.00, 171.50, 609.39)
 |    13 PyrexGlass            10   20.495   2.2300     12.6748      43.5474      0.200   609.59    5.790608    0.612242  (   0.00, 171.50, 609.59)
 |    14 RPCGasDefault          8   16.809   0.0037   9559.7011   23915.1216      0.200   609.79    5.790629    0.612251  (   0.00, 171.50, 609.79)
 |    15 PyrexGlass            10   20.495   2.2300     12.6748      43.5474      0.200   609.99    5.806408    0.616843  (   0.00, 171.50, 609.99)
 |    16 Air                    7   14.784   0.0012  30528.8407   71998.1725      0.350   610.34    5.806420    0.616848  (   0.00, 171.50, 610.34)
 |    17 Aluminum              13   26.982   2.6990      8.8963      39.8672      0.100   610.44    5.817660    0.619357  (   0.00, 171.50, 610.44)
 |    18 Air                    7   14.784   0.0012  30528.8407   71998.1725      1.000   611.44    5.817693    0.619370  (   0.00, 171.50, 611.44)
 |    19 Iron                  26   55.845   7.8740      1.7575      17.1639     10.000   621.44   11.507615    1.201989  (   0.00, 171.50, 621.44)
 |    20 Aluminum              13   26.982   2.6990      8.8963      39.8672      0.100   621.54   11.518856    1.204497  (   0.00, 171.50, 621.54)
 |    21 Air                    7   14.784   0.0012  30528.8407   71998.1725      0.350   621.89   11.518868    1.204502  (   0.00, 171.50, 621.89)
 |    22 PyrexGlass            10   20.495   2.2300     12.6748      43.5474      0.200   622.09   11.534647    1.209095  (   0.00, 171.50, 622.09)
 |    23 RPCGasDefault          8   16.809   0.0037   9559.7011   23915.1216      0.200   622.29   11.534668    1.209103  (   0.00, 171.50, 622.29)
 |    24 PyrexGlass            10   20.495   2.2300     12.6748      43.5474      0.200   622.49   11.550447    1.213696  (   0.00, 171.50, 622.49)
 |    25 Air                    7   14.784   0.0012  30528.8407   71998.1725      0.350   622.84   11.550459    1.213701  (   0.00, 171.50, 622.84)
 |    26 Aluminum              13   26.982   2.6990      8.8963      39.8672      0.100   622.94   11.561699    1.216209  (   0.00, 171.50, 622.94)
 |    27 Aluminum              13   26.982   2.6990      8.8963      39.8672      0.100   623.04   11.572940    1.218717  (   0.00, 171.50, 623.04)
 |    28 Air                    7   14.784   0.0012  30528.8407   71998.1725      0.350   623.39   11.572951    1.218722  (   0.00, 171.50, 623.39)
 |    29 PyrexGlass            10   20.495   2.2300     12.6748      43.5474      0.200   623.59   11.588731    1.223315  (   0.00, 171.50, 623.59)
 |    30 RPCGasDefault          8   16.809   0.0037   9559.7011   23915.1216      0.200   623.79   11.588752    1.223323  (   0.00, 171.50, 623.79)
 |    31 PyrexGlass            10   20.495   2.2300     12.6748      43.5474      0.200   623.99   11.604531    1.227916  (   0.00, 171.50, 623.99)
 |    32 Air                    7   14.784   0.0012  30528.8407   71998.1725      0.350   624.34   11.604543    1.227921  (   0.00, 171.50, 624.34)
 |    33 Aluminum              13   26.982   2.6990      8.8963      39.8672      0.100   624.44   11.615783    1.230429  (   0.00, 171.50, 624.44)
 |    34 Air                    7   14.784   0.0012  30528.8407   71998.1725      1.000   625.44   11.615816    1.230443  (   0.00, 171.50, 625.44)
 |    35 Iron                  26   55.845   7.8740      1.7575      17.1639     10.000   635.44   17.305739    1.813061  (   0.00, 171.50, 635.44)
 |    36 Aluminum              13   26.982   2.6990      8.8963      39.8672      0.100   635.54   17.316979    1.815569  (   0.00, 171.50, 635.54)
 |    37 Air                    7   14.784   0.0012  30528.8407   71998.1725      0.350   635.89   17.316991    1.815574  (   0.00, 171.50, 635.89)
 |    38 PyrexGlass            10   20.495   2.2300     12.6748      43.5474      0.200   636.09   17.332770    1.820167  (   0.00, 171.50, 636.09)
 |    39 RPCGasDefault          8   16.809   0.0037   9559.7011   23915.1216      0.200   636.29   17.332791    1.820175  (   0.00, 171.50, 636.29)
 |    40 PyrexGlass            10   20.495   2.2300     12.6748      43.5474      0.200   636.49   17.348570    1.824768  (   0.00, 171.50, 636.49)
 |    41 Air                    7   14.784   0.0012  30528.8407   71998.1725      0.350   636.84   17.348582    1.824773  (   0.00, 171.50, 636.84)
 |    42 Aluminum              13   26.982   2.6990      8.8963      39.8672      0.100   636.94   17.359822    1.827281  (   0.00, 171.50, 636.94)
 |    43 Aluminum              13   26.982   2.6990      8.8963      39.8672      0.100   637.04   17.371063    1.829790  (   0.00, 171.50, 637.04)
 |    44 Air                    7   14.784   0.0012  30528.8407   71998.1725      0.350   637.39   17.371074    1.829794  (   0.00, 171.50, 637.39)
 |    45 PyrexGlass            10   20.495   2.2300     12.6748      43.5474      0.200   637.59   17.386854    1.834387  (   0.00, 171.50, 637.59)
 |    46 RPCGasDefault          8   16.809   0.0037   9559.7011   23915.1216      0.200   637.79   17.386875    1.834396  (   0.00, 171.50, 637.79)
 |    47 PyrexGlass            10   20.495   2.2300     12.6748      43.5474      0.200   637.99   17.402654    1.838988  (   0.00, 171.50, 637.99)
 |    48 Air                    7   14.784   0.0012  30528.8407   71998.1725      0.350   638.34   17.402666    1.838993  (   0.00, 171.50, 638.34)
 |    49 Aluminum              13   26.982   2.6990      8.8963      39.8672      0.100   638.44   17.413906    1.841501  (   0.00, 171.50, 638.44)
 |    50 Air                    7   14.784   0.0012  30528.8407   71998.1725      1.000   639.44   17.413939    1.841515  (   0.00, 171.50, 639.44)
 |    51 Iron                  26   55.845   7.8740      1.7575      17.1639     10.000   649.44   23.103862    2.424134  (   0.00, 171.50, 649.44)
 |    52 Aluminum              13   26.982   2.6990      8.8963      39.8672      0.100   649.54   23.115102    2.426642  (   0.00, 171.50, 649.54)
 |    53 Air                    7   14.784   0.0012  30528.8407   71998.1725      0.350   649.89   23.115114    2.426647  (   0.00, 171.50, 649.89)
 |    54 PyrexGlass            10   20.495   2.2300     12.6748      43.5474      0.200   650.09   23.130893    2.431239  (   0.00, 171.50, 650.09)
 |    55 RPCGasDefault          8   16.809   0.0037   9559.7011   23915.1216      0.200   650.29   23.130914    2.431248  (   0.00, 171.50, 650.29)
 |    56 PyrexGlass            10   20.495   2.2300     12.6748      43.5474      0.200   650.49   23.146693    2.435841  (   0.00, 171.50, 650.49)
 |    57 Air                    7   14.784   0.0012  30528.8407   71998.1725      0.350   650.84   23.146705    2.435845  (   0.00, 171.50, 650.84)
 |    58 Aluminum              13   26.982   2.6990      8.8963      39.8672      0.100   650.94   23.157945    2.438354  (   0.00, 171.50, 650.94)
 |    59 Aluminum              13   26.982   2.6990      8.8963      39.8672      0.100   651.04   23.169186    2.440862  (   0.00, 171.50, 651.04)
 |    60 Air                    7   14.784   0.0012  30528.8407   71998.1725      0.350   651.39   23.169198    2.440867  (   0.00, 171.50, 651.39)
 |    61 PyrexGlass            10   20.495   2.2300     12.6748      43.5474      0.200   651.59   23.184977    2.445460  (   0.00, 171.50, 651.59)
 |    62 RPCGasDefault          8   16.809   0.0037   9559.7011   23915.1216      0.200   651.79   23.184998    2.445468  (   0.00, 171.50, 651.79)
 |    63 PyrexGlass            10   20.495   2.2300     12.6748      43.5474      0.200   651.99   23.200777    2.450061  (   0.00, 171.50, 651.99)
 |    64 Air                    7   14.784   0.0012  30528.8407   71998.1725      0.350   652.34   23.200789    2.450066  (   0.00, 171.50, 652.34)
 |    65 Aluminum              13   26.982   2.6990      8.8963      39.8672      0.100   652.44   23.212029    2.452574  (   0.00, 171.50, 652.44)
 |    66 Air                    7   14.784   0.0012  30528.8407   71998.1725      1.000   653.44   23.212062    2.452588  (   0.00, 171.50, 653.44)
 |    67 Iron                  26   55.845   7.8740      1.7575      17.1639     10.000   663.44   28.901985    3.035206  (   0.00, 171.50, 663.44)
 |    68 Aluminum              13   26.982   2.6990      8.8963      39.8672      0.100   663.54   28.913225    3.037714  (   0.00, 171.50, 663.54)
 |    69 Air                    7   14.784   0.0012  30528.8407   71998.1725      0.350   663.89   28.913237    3.037719  (   0.00, 171.50, 663.89)
 |    70 PyrexGlass            10   20.495   2.2300     12.6748      43.5474      0.200   664.09   28.929016    3.042312  (   0.00, 171.50, 664.09)
 |    71 RPCGasDefault          8   16.809   0.0037   9559.7011   23915.1216      0.200   664.29   28.929037    3.042320  (   0.00, 171.50, 664.29)
 |    72 PyrexGlass            10   20.495   2.2300     12.6748      43.5474      0.200   664.49   28.944816    3.046913  (   0.00, 171.50, 664.49)
 |    73 Air                    7   14.784   0.0012  30528.8407   71998.1725      0.350   664.84   28.944828    3.046918  (   0.00, 171.50, 664.84)
 |    74 Aluminum              13   26.982   2.6990      8.8963      39.8672      0.100   664.94   28.956068    3.049426  (   0.00, 171.50, 664.94)
 |    75 Aluminum              13   26.982   2.6990      8.8963      39.8672      0.100   665.04   28.967309    3.051934  (   0.00, 171.50, 665.04)
 |    76 Air                    7   14.784   0.0012  30528.8407   71998.1725      0.350   665.39   28.967321    3.051939  (   0.00, 171.50, 665.39)
 |    77 PyrexGlass            10   20.495   2.2300     12.6748      43.5474      0.200   665.59   28.983100    3.056532  (   0.00, 171.50, 665.59)
 |    78 RPCGasDefault          8   16.809   0.0037   9559.7011   23915.1216      0.200   665.79   28.983121    3.056540  (   0.00, 171.50, 665.79)
 |    79 PyrexGlass            10   20.495   2.2300     12.6748      43.5474      0.200   665.99   28.998900    3.061133  (   0.00, 171.50, 665.99)
 |    80 Air                    7   14.784   0.0012  30528.8407   71998.1725      0.350   666.34   28.998912    3.061138  (   0.00, 171.50, 666.34)
 |    81 Aluminum              13   26.982   2.6990      8.8963      39.8672      0.100   666.44   29.010152    3.063646  (   0.00, 171.50, 666.44)
 |    82 Air                    7   14.784   0.0012  30528.8407   71998.1725      1.000   667.44   29.010185    3.063660  (   0.00, 171.50, 667.44)
 |    83 Iron                  26   55.845   7.8740      1.7575      17.1639     10.000   677.44   34.700108    3.646278  (   0.00, 171.50, 677.44)
 |    84 Aluminum              13   26.982   2.6990      8.8963      39.8672      0.100   677.54   34.711348    3.648787  (   0.00, 171.50, 677.54)
 |    85 Air                    7   14.784   0.0012  30528.8407   71998.1725      0.350   677.89   34.711360    3.648792  (   0.00, 171.50, 677.89)
 |    86 PyrexGlass            10   20.495   2.2300     12.6748      43.5474      0.200   678.09   34.727139    3.653384  (   0.00, 171.50, 678.09)
 |    87 RPCGasDefault          8   16.809   0.0037   9559.7011   23915.1216      0.200   678.29   34.727160    3.653393  (   0.00, 171.50, 678.29)
 |    88 PyrexGlass            10   20.495   2.2300     12.6748      43.5474      0.200   678.49   34.742939    3.657985  (   0.00, 171.50, 678.49)
 |    89 Air                    7   14.784   0.0012  30528.8407   71998.1725      0.350   678.84   34.742951    3.657990  (   0.00, 171.50, 678.84)
 |    90 Aluminum              13   26.982   2.6990      8.8963      39.8672      0.100   678.94   34.754192    3.660499  (   0.00, 171.50, 678.94)
 |    91 Aluminum              13   26.982   2.6990      8.8963      39.8672      0.100   679.04   34.765432    3.663007  (   0.00, 171.50, 679.04)
 |    92 Air                    7   14.784   0.0012  30528.8407   71998.1725      0.350   679.39   34.765444    3.663012  (   0.00, 171.50, 679.39)
 |    93 PyrexGlass            10   20.495   2.2300     12.6748      43.5474      0.200   679.59   34.781223    3.667604  (   0.00, 171.50, 679.59)
 |    94 RPCGasDefault          8   16.809   0.0037   9559.7011   23915.1216      0.200   679.79   34.781244    3.667613  (   0.00, 171.50, 679.79)
 |    95 PyrexGlass            10   20.495   2.2300     12.6748      43.5474      0.200   679.99   34.797023    3.672206  (   0.00, 171.50, 679.99)
 |    96 Air                    7   14.784   0.0012  30528.8407   71998.1725      0.350   680.34   34.797035    3.672210  (   0.00, 171.50, 680.34)
 |    97 Aluminum              13   26.982   2.6990      8.8963      39.8672      0.100   680.44   34.808275    3.674719  (   0.00, 171.50, 680.44)
 |    98 Air                    7   14.784   0.0012  30528.8407   71998.1725      1.000   681.44   34.808308    3.674733  (   0.00, 171.50, 681.44)
 |    99 Iron                  26   55.845   7.8740      1.7575      17.1639     10.000   691.44   40.498231    4.257351  (   0.00, 171.50, 691.44)
 |   100 Aluminum              13   26.982   2.6990      8.8963      39.8672      0.100   691.54   40.509471    4.259859  (   0.00, 171.50, 691.54)
 |   101 Air                    7   14.784   0.0012  30528.8407   71998.1725      0.350   691.89   40.509483    4.259864  (   0.00, 171.50, 691.89)
 |   102 PyrexGlass            10   20.495   2.2300     12.6748      43.5474      0.200   692.09   40.525262    4.264457  (   0.00, 171.50, 692.09)
 |   103 RPCGasDefault          8   16.809   0.0037   9559.7011   23915.1216      0.200   692.29   40.525283    4.264465  (   0.00, 171.50, 692.29)
 |   104 PyrexGlass            10   20.495   2.2300     12.6748      43.5474      0.200   692.49   40.541062    4.269058  (   0.00, 171.50, 692.49)
 |   105 Air                    7   14.784   0.0012  30528.8407   71998.1725      0.350   692.84   40.541074    4.269063  (   0.00, 171.50, 692.84)
 |   106 Aluminum              13   26.982   2.6990      8.8963      39.8672      0.100   692.94   40.552315    4.271571  (   0.00, 171.50, 692.94)
 |   107 Aluminum              13   26.982   2.6990      8.8963      39.8672      0.100   693.04   40.563555    4.274079  (   0.00, 171.50, 693.04)
 |   108 Air                    7   14.784   0.0012  30528.8407   71998.1725      0.350   693.39   40.563567    4.274084  (   0.00, 171.50, 693.39)
 |   109 PyrexGlass            10   20.495   2.2300     12.6748      43.5474      0.200   693.59   40.579346    4.278677  (   0.00, 171.50, 693.59)
 |   110 RPCGasDefault          8   16.809   0.0037   9559.7011   23915.1216      0.200   693.79   40.579367    4.278685  (   0.00, 171.50, 693.79)
 |   111 PyrexGlass            10   20.495   2.2300     12.6748      43.5474      0.200   693.99   40.595146    4.283278  (   0.00, 171.50, 693.99)
 |   112 Air                    7   14.784   0.0012  30528.8407   71998.1725      0.350   694.34   40.595158    4.283283  (   0.00, 171.50, 694.34)
 |   113 Aluminum              13   26.982   2.6990      8.8963      39.8672      0.100   694.44   40.606398    4.285791  (   0.00, 171.50, 694.44)
 |   114 Air                    7   14.784   0.0012  30528.8407   71998.1725      1.000   695.44   40.606431    4.285805  (   0.00, 171.50, 695.44)
 |   115 Iron                  26   55.845   7.8740      1.7575      17.1639     10.000   705.44   46.296354    4.868423  (   0.00, 171.50, 705.44)
 |   116 Aluminum              13   26.982   2.6990      8.8963      39.8672      0.100   705.54   46.307594    4.870932  (   0.00, 171.50, 705.54)
 |   117 Air                    7   14.784   0.0012  30528.8407   71998.1725      0.350   705.89   46.307606    4.870936  (   0.00, 171.50, 705.89)
 |   118 PyrexGlass            10   20.495   2.2300     12.6748      43.5474      0.200   706.09   46.323385    4.875529  (   0.00, 171.50, 706.09)
 |   119 RPCGasDefault          8   16.809   0.0037   9559.7011   23915.1216      0.200   706.29   46.323406    4.875538  (   0.00, 171.50, 706.29)
 |   120 PyrexGlass            10   20.495   2.2300     12.6748      43.5474      0.200   706.49   46.339186    4.880130  (   0.00, 171.50, 706.49)
 |   121 Air                    7   14.784   0.0012  30528.8407   71998.1725      0.350   706.84   46.339197    4.880135  (   0.00, 171.50, 706.84)
 |   122 Aluminum              13   26.982   2.6990      8.8963      39.8672      0.100   706.94   46.350438    4.882643  (   0.00, 171.50, 706.94)
 |   123 Aluminum              13   26.982   2.6990      8.8963      39.8672      0.100   707.04   46.361678    4.885152  (   0.00, 171.50, 707.04)
 |   124 Air                    7   14.784   0.0012  30528.8407   71998.1725      0.350   707.39   46.361690    4.885157  (   0.00, 171.50, 707.39)
 |   125 PyrexGlass            10   20.495   2.2300     12.6748      43.5474      0.200   707.59   46.377469    4.889749  (   0.00, 171.50, 707.59)
 |   126 RPCGasDefault          8   16.809   0.0037   9559.7011   23915.1216      0.200   707.79   46.377490    4.889758  (   0.00, 171.50, 707.79)
 |   127 PyrexGlass            10   20.495   2.2300     12.6748      43.5474      0.200   707.99   46.393269    4.894350  (   0.00, 171.50, 707.99)
 |   128 Air                    7   14.784   0.0012  30528.8407   71998.1725      0.350   708.34   46.393281    4.894355  (   0.00, 171.50, 708.34)
 |   129 Aluminum              13   26.982   2.6990      8.8963      39.8672      0.100   708.44   46.404521    4.896864  (   0.00, 171.50, 708.44)
 |   130 Air                    7   14.784   0.0012  30528.8407   71998.1725      1.000   709.44   46.404554    4.896877  (   0.00, 171.50, 709.44)
 |   131 Iron                  26   55.845   7.8740      1.7575      17.1639     10.000   719.44   52.094477    5.479496  (   0.00, 171.50, 719.44)
 |   132 Aluminum              13   26.982   2.6990      8.8963      39.8672      0.100   719.54   52.105717    5.482004  (   0.00, 171.50, 719.54)
 |   133 Air                    7   14.784   0.0012  30528.8407   71998.1725      0.350   719.89   52.105729    5.482009  (   0.00, 171.50, 719.89)
 |   134 PyrexGlass            10   20.495   2.2300     12.6748      43.5474      0.200   720.09   52.121508    5.486602  (   0.00, 171.50, 720.09)
 |   135 RPCGasDefault          8   16.809   0.0037   9559.7011   23915.1216      0.200   720.29   52.121529    5.486610  (   0.00, 171.50, 720.29)
 |   136 PyrexGlass            10   20.495   2.2300     12.6748      43.5474      0.200   720.49   52.137309    5.491203  (   0.00, 171.50, 720.49)
 |   137 Air                    7   14.784   0.0012  30528.8407   71998.1725      0.350   720.84   52.137320    5.491208  (   0.00, 171.50, 720.84)
 |   138 Aluminum              13   26.982   2.6990      8.8963      39.8672      0.100   720.94   52.148561    5.493716  (   0.00, 171.50, 720.94)
 |   139 Aluminum              13   26.982   2.6990      8.8963      39.8672      0.100   721.04   52.159801    5.496224  (   0.00, 171.50, 721.04)
 |   140 Air                    7   14.784   0.0012  30528.8407   71998.1725      0.350   721.39   52.159813    5.496229  (   0.00, 171.50, 721.39)
 |   141 PyrexGlass            10   20.495   2.2300     12.6748      43.5474      0.200   721.59   52.175592    5.500822  (   0.00, 171.50, 721.59)
 |   142 RPCGasDefault          8   16.809   0.0037   9559.7011   23915.1216      0.200   721.79   52.175613    5.500830  (   0.00, 171.50, 721.79)
 |   143 PyrexGlass            10   20.495   2.2300     12.6748      43.5474      0.200   721.99   52.191392    5.505423  (   0.00, 171.50, 721.99)
 |   144 Air                    7   14.784   0.0012  30528.8407   71998.1725      0.350   722.34   52.191404    5.505428  (   0.00, 171.50, 722.34)
 |   145 Aluminum              13   26.982   2.6990      8.8963      39.8672      0.100   722.44   52.202645    5.507936  (   0.00, 171.50, 722.44)
 |   146 Air                    7   14.784   0.0012  30528.8407   71998.1725      1.000   723.44   52.202677    5.507950  (   0.00, 171.50, 723.44)
 |   147 Iron                  26   55.845   7.8740      1.7575      17.1639     10.000   733.44   57.892600    6.090568  (   0.00, 171.50, 733.44)
 |   148 Aluminum              13   26.982   2.6990      8.8963      39.8672      0.100   733.54   57.903840    6.093076  (   0.00, 171.50, 733.54)
 |   149 Air                    7   14.784   0.0012  30528.8407   71998.1725      0.350   733.89   57.903852    6.093081  (   0.00, 171.50, 733.89)
 |   150 PyrexGlass            10   20.495   2.2300     12.6748      43.5474      0.200   734.09   57.919631    6.097674  (   0.00, 171.50, 734.09)
 |   151 RPCGasDefault          8   16.809   0.0037   9559.7011   23915.1216      0.200   734.29   57.919652    6.097682  (   0.00, 171.50, 734.29)
 |   152 PyrexGlass            10   20.495   2.2300     12.6748      43.5474      0.200   734.49   57.935432    6.102275  (   0.00, 171.50, 734.49)
 |   153 Air                    7   14.784   0.0012  30528.8407   71998.1725      0.350   734.84   57.935443    6.102280  (   0.00, 171.50, 734.84)
 |   154 Aluminum              13   26.982   2.6990      8.8963      39.8672      0.100   734.94   57.946684    6.104788  (   0.00, 171.50, 734.94)
 |   155 Aluminum              13   26.982   2.6990      8.8963      39.8672      0.100   735.04   57.957924    6.107297  (   0.00, 171.50, 735.04)
 |   156 Air                    7   14.784   0.0012  30528.8407   71998.1725      0.350   735.39   57.957936    6.107301  (   0.00, 171.50, 735.39)
 |   157 PyrexGlass            10   20.495   2.2300     12.6748      43.5474      0.200   735.59   57.973715    6.111894  (   0.00, 171.50, 735.59)
 |   158 RPCGasDefault          8   16.809   0.0037   9559.7011   23915.1216      0.200   735.79   57.973736    6.111903  (   0.00, 171.50, 735.79)
 |   159 PyrexGlass            10   20.495   2.2300     12.6748      43.5474      0.200   735.99   57.989515    6.116495  (   0.00, 171.50, 735.99)
 |   160 Air                    7   14.784   0.0012  30528.8407   71998.1725      0.350   736.34   57.989527    6.116500  (   0.00, 171.50, 736.34)
 |   161 Aluminum              13   26.982   2.6990      8.8963      39.8672      0.100   736.44   58.000768    6.119008  (   0.00, 171.50, 736.44)
 |   162 Air                    7   14.784   0.0012  30528.8407   71998.1725      1.000   737.44   58.000800    6.119022  (   0.00, 171.50, 737.44)
 |   163 Iron                  26   55.845   7.8740      1.7575      17.1639     10.000   747.44   63.690723    6.701641  (   0.00, 171.50, 747.44)
 |   164 Aluminum              13   26.982   2.6990      8.8963      39.8672      0.100   747.54   63.701964    6.704149  (   0.00, 171.50, 747.54)
 |   165 Air                    7   14.784   0.0012  30528.8407   71998.1725      0.350   747.89   63.701975    6.704154  (   0.00, 171.50, 747.89)
 |   166 PyrexGlass            10   20.495   2.2300     12.6748      43.5474      0.200   748.09   63.717754    6.708746  (   0.00, 171.50, 748.09)
 |   167 RPCGasDefault          8   16.809   0.0037   9559.7011   23915.1216      0.200   748.29   63.717775    6.708755  (   0.00, 171.50, 748.29)
 |   168 PyrexGlass            10   20.495   2.2300     12.6748      43.5474      0.200   748.49   63.733555    6.713348  (   0.00, 171.50, 748.49)
 |   169 Air                    7   14.784   0.0012  30528.8407   71998.1725      0.350   748.84   63.733566    6.713352  (   0.00, 171.50, 748.84)
 |   170 Aluminum              13   26.982   2.6990      8.8963      39.8672      0.100   748.94   63.744807    6.715861  (   0.00, 171.50, 748.94)
 |   171 Aluminum              13   26.982   2.6990      8.8963      39.8672      0.100   749.04   63.756047    6.718369  (   0.00, 171.50, 749.04)
 |   172 Air                    7   14.784   0.0012  30528.8407   71998.1725      0.350   749.39   63.756059    6.718374  (   0.00, 171.50, 749.39)
 |   173 PyrexGlass            10   20.495   2.2300     12.6748      43.5474      0.200   749.59   63.771838    6.722967  (   0.00, 171.50, 749.59)
 |   174 RPCGasDefault          8   16.809   0.0037   9559.7011   23915.1216      0.200   749.79   63.771859    6.722975  (   0.00, 171.50, 749.79)
 |   175 PyrexGlass            10   20.495   2.2300     12.6748      43.5474      0.200   749.99   63.787639    6.727568  (   0.00, 171.50, 749.99)
 |   176 Air                    7   14.784   0.0012  30528.8407   71998.1725      0.350   750.34   63.787650    6.727573  (   0.00, 171.50, 750.34)
 |   177 Aluminum              13   26.982   2.6990      8.8963      39.8672      0.100   750.44   63.798891    6.730081  (   0.00, 171.50, 750.44)
 |   178 Air                    7   14.784   0.0012  30528.8407   71998.1725      1.000   751.44   63.798923    6.730095  (   0.00, 171.50, 751.44)
 |   179 Iron                  26   55.845   7.8740      1.7575      17.1639     10.000   761.44   69.488846    7.312713  (   0.00, 171.50, 761.44)
 |   180 Aluminum              13   26.982   2.6990      8.8963      39.8672      0.100   761.54   69.500087    7.315221  (   0.00, 171.50, 761.54)
 |   181 Air                    7   14.784   0.0012  30528.8407   71998.1725      0.350   761.89   69.500098    7.315226  (   0.00, 171.50, 761.89)
 |   182 PyrexGlass            10   20.495   2.2300     12.6748      43.5474      0.200   762.09   69.515877    7.319819  (   0.00, 171.50, 762.09)
 |   183 RPCGasDefault          8   16.809   0.0037   9559.7011   23915.1216      0.200   762.29   69.515898    7.319827  (   0.00, 171.50, 762.29)
 |   184 PyrexGlass            10   20.495   2.2300     12.6748      43.5474      0.200   762.49   69.531678    7.324420  (   0.00, 171.50, 762.49)
 |   185 Air                    7   14.784   0.0012  30528.8407   71998.1725      0.350   762.84   69.531689    7.324425  (   0.00, 171.50, 762.84)
 |   186 Aluminum              13   26.982   2.6990      8.8963      39.8672      0.100   762.94   69.542930    7.326933  (   0.00, 171.50, 762.94)
 |   187 Aluminum              13   26.982   2.6990      8.8963      39.8672      0.100   763.04   69.554170    7.329441  (   0.00, 171.50, 763.04)
 |   188 Air                    7   14.784   0.0012  30528.8407   71998.1725      0.350   763.39   69.554182    7.329446  (   0.00, 171.50, 763.39)
 |   189 PyrexGlass            10   20.495   2.2300     12.6748      43.5474      0.200   763.59   69.569961    7.334039  (   0.00, 171.50, 763.59)
 |   190 RPCGasDefault          8   16.809   0.0037   9559.7011   23915.1216      0.200   763.79   69.569982    7.334047  (   0.00, 171.50, 763.79)
 |   191 PyrexGlass            10   20.495   2.2300     12.6748      43.5474      0.200   763.99   69.585762    7.338640  (   0.00, 171.50, 763.99)
 |   192 Air                    7   14.784   0.0012  30528.8407   71998.1725      0.350   764.34   69.585773    7.338645  (   0.00, 171.50, 764.34)
 |   193 Aluminum              13   26.982   2.6990      8.8963      39.8672      0.100   764.44   69.597014    7.341153  (   0.00, 171.50, 764.44)
 |   194 Air                    7   14.784   0.0012  30528.8407   71998.1725      1.000   765.44   69.597046    7.341167  (   0.00, 171.50, 765.44)
 |   195 Air                    7   14.784   0.0012  30528.8407   71998.1725    434.555  1200.00   69.611281    7.347203  (   0.00, 171.50,1200.00)
 +--------------------------------------------------------------------------------------------------------------------------------------------------
 |     0 Average Material      25   52.912   0.8171     17.2386     163.3275   1200.000  1200.00   69.611281    7.347203  (   0.00, 171.50,1200.00)
 +--------------------------------------------------------------------------------------------------------------------------------------------------
