materialScan compact_Lhe_dip_sol_ell_mat-LAr-EMC_v8_asym.xml 0. 176.35 0. 0. 176.35 1200. >| materialScan_compact_Lhe_dip_sol_ell_mat-LAr-EMC_v8_asym_0_176.35_0-0_176.35_1200.txt
DD4hep           WARN  ++ STD conditions NOT defined by client. NTP defaults taken.
VertexBarrelSupports_layer0 4.725 4.725 52.45
VertexBarrelSupports2_layer0 6.45 6.45 53.45
 +--------------------------------------------------------------------------------------------------------------------------------------------------
 + Material scan between: x_0 = (   0.00, 176.35,   0.00) [cm] and x_1 = (   0.00, 176.35,1200.00) [cm] : 
 +--------------------------------------------------------------------------------------------------------------------------------------------------
 |     \   Material           Atomic                 Radiation   Interaction               Path   Integrated  Integrated    Material
 | Num. \  Name          Number/Z   Mass/A  Density    Length       Length    Thickness   Length      X0        Lambda      Endpoint  
 | Layer \                        [g/mole]  [g/cm3]     [cm]        [cm]          [cm]      [cm]     [cm]        [cm]     (     cm,     cm,     cm)
 +--------------------------------------------------------------------------------------------------------------------------------------------------
 |     1 Aluminum              13   26.982   2.6990      8.8963      39.8672    500.000   500.00   56.203028   12.541640  (   0.00, 176.35, 500.00)
 |     2 Aluminum              13   26.982   2.6990      8.8963      39.8672     84.559   584.56   65.707972   14.662657  (   0.00, 176.35, 584.56)
 |     3 Air                    7   14.784   0.0012  30528.8407   71998.1725     12.886   597.45   65.708394   14.662836  (   0.00, 176.35, 597.45)
 |     4 Iron                  26   55.845   7.8740      1.7575      17.1639     10.000   607.45   71.398317   15.245454  (   0.00, 176.35, 607.45)
 |     5 Aluminum              13   26.982   2.6990      8.8963      39.8672      0.100   607.54   71.409557   15.247962  (   0.00, 176.35, 607.54)
 |     6 Air                    7   14.784   0.0012  30528.8407   71998.1725      0.350   607.89   71.409569   15.247967  (   0.00, 176.35, 607.89)
 |     7 PyrexGlass            10   20.495   2.2300     12.6748      43.5474      0.200   608.09   71.425348   15.252560  (   0.00, 176.35, 608.09)
 |     8 RPCGasDefault          8   16.809   0.0037   9559.7011   23915.1216      0.200   608.29   71.425369   15.252568  (   0.00, 176.35, 608.29)
 |     9 PyrexGlass            10   20.495   2.2300     12.6748      43.5474      0.200   608.49   71.441149   15.257161  (   0.00, 176.35, 608.49)
 |    10 Air                    7   14.784   0.0012  30528.8407   71998.1725      0.350   608.84   71.441160   15.257166  (   0.00, 176.35, 608.84)
 |    11 Aluminum              13   26.982   2.6990      8.8963      39.8672      0.100   608.94   71.452401   15.259674  (   0.00, 176.35, 608.94)
 |    12 Aluminum              13   26.982   2.6990      8.8963      39.8672      0.100   609.04   71.463641   15.262182  (   0.00, 176.35, 609.04)
 |    13 Air                    7   14.784   0.0012  30528.8407   71998.1725      0.350   609.39   71.463653   15.262187  (   0.00, 176.35, 609.39)
 |    14 PyrexGlass            10   20.495   2.2300     12.6748      43.5474      0.200   609.59   71.479432   15.266780  (   0.00, 176.35, 609.59)
 |    15 RPCGasDefault          8   16.809   0.0037   9559.7011   23915.1216      0.200   609.79   71.479453   15.266788  (   0.00, 176.35, 609.79)
 |    16 PyrexGlass            10   20.495   2.2300     12.6748      43.5474      0.200   609.99   71.495233   15.271381  (   0.00, 176.35, 609.99)
 |    17 Air                    7   14.784   0.0012  30528.8407   71998.1725      0.350   610.34   71.495244   15.271386  (   0.00, 176.35, 610.34)
 |    18 Aluminum              13   26.982   2.6990      8.8963      39.8672      0.100   610.44   71.506485   15.273894  (   0.00, 176.35, 610.44)
 |    19 Air                    7   14.784   0.0012  30528.8407   71998.1725      1.000   611.44   71.506517   15.273908  (   0.00, 176.35, 611.44)
 |    20 Iron                  26   55.845   7.8740      1.7575      17.1639     10.000   621.44   77.196440   15.856526  (   0.00, 176.35, 621.44)
 |    21 Aluminum              13   26.982   2.6990      8.8963      39.8672      0.100   621.54   77.207681   15.859035  (   0.00, 176.35, 621.54)
 |    22 Air                    7   14.784   0.0012  30528.8407   71998.1725      0.350   621.89   77.207692   15.859040  (   0.00, 176.35, 621.89)
 |    23 PyrexGlass            10   20.495   2.2300     12.6748      43.5474      0.200   622.09   77.223471   15.863632  (   0.00, 176.35, 622.09)
 |    24 RPCGasDefault          8   16.809   0.0037   9559.7011   23915.1216      0.200   622.29   77.223492   15.863641  (   0.00, 176.35, 622.29)
 |    25 PyrexGlass            10   20.495   2.2300     12.6748      43.5474      0.200   622.49   77.239272   15.868233  (   0.00, 176.35, 622.49)
 |    26 Air                    7   14.784   0.0012  30528.8407   71998.1725      0.350   622.84   77.239283   15.868238  (   0.00, 176.35, 622.84)
 |    27 Aluminum              13   26.982   2.6990      8.8963      39.8672      0.100   622.94   77.250524   15.870746  (   0.00, 176.35, 622.94)
 |    28 Aluminum              13   26.982   2.6990      8.8963      39.8672      0.100   623.04   77.261764   15.873255  (   0.00, 176.35, 623.04)
 |    29 Air                    7   14.784   0.0012  30528.8407   71998.1725      0.350   623.39   77.261776   15.873260  (   0.00, 176.35, 623.39)
 |    30 PyrexGlass            10   20.495   2.2300     12.6748      43.5474      0.200   623.59   77.277555   15.877852  (   0.00, 176.35, 623.59)
 |    31 RPCGasDefault          8   16.809   0.0037   9559.7011   23915.1216      0.200   623.79   77.277576   15.877861  (   0.00, 176.35, 623.79)
 |    32 PyrexGlass            10   20.495   2.2300     12.6748      43.5474      0.200   623.99   77.293356   15.882453  (   0.00, 176.35, 623.99)
 |    33 Air                    7   14.784   0.0012  30528.8407   71998.1725      0.350   624.34   77.293367   15.882458  (   0.00, 176.35, 624.34)
 |    34 Aluminum              13   26.982   2.6990      8.8963      39.8672      0.100   624.44   77.304608   15.884967  (   0.00, 176.35, 624.44)
 |    35 Air                    7   14.784   0.0012  30528.8407   71998.1725      1.000   625.44   77.304640   15.884981  (   0.00, 176.35, 625.44)
 |    36 Iron                  26   55.845   7.8740      1.7575      17.1639     10.000   635.44   82.994563   16.467599  (   0.00, 176.35, 635.44)
 |    37 Aluminum              13   26.982   2.6990      8.8963      39.8672      0.100   635.54   83.005804   16.470107  (   0.00, 176.35, 635.54)
 |    38 Air                    7   14.784   0.0012  30528.8407   71998.1725      0.350   635.89   83.005815   16.470112  (   0.00, 176.35, 635.89)
 |    39 PyrexGlass            10   20.495   2.2300     12.6748      43.5474      0.200   636.09   83.021594   16.474705  (   0.00, 176.35, 636.09)
 |    40 RPCGasDefault          8   16.809   0.0037   9559.7011   23915.1216      0.200   636.29   83.021615   16.474713  (   0.00, 176.35, 636.29)
 |    41 PyrexGlass            10   20.495   2.2300     12.6748      43.5474      0.200   636.49   83.037395   16.479306  (   0.00, 176.35, 636.49)
 |    42 Air                    7   14.784   0.0012  30528.8407   71998.1725      0.350   636.84   83.037406   16.479311  (   0.00, 176.35, 636.84)
 |    43 Aluminum              13   26.982   2.6990      8.8963      39.8672      0.100   636.94   83.048647   16.481819  (   0.00, 176.35, 636.94)
 |    44 Aluminum              13   26.982   2.6990      8.8963      39.8672      0.100   637.04   83.059887   16.484327  (   0.00, 176.35, 637.04)
 |    45 Air                    7   14.784   0.0012  30528.8407   71998.1725      0.350   637.39   83.059899   16.484332  (   0.00, 176.35, 637.39)
 |    46 PyrexGlass            10   20.495   2.2300     12.6748      43.5474      0.200   637.59   83.075678   16.488925  (   0.00, 176.35, 637.59)
 |    47 RPCGasDefault          8   16.809   0.0037   9559.7011   23915.1216      0.200   637.79   83.075699   16.488933  (   0.00, 176.35, 637.79)
 |    48 PyrexGlass            10   20.495   2.2300     12.6748      43.5474      0.200   637.99   83.091479   16.493526  (   0.00, 176.35, 637.99)
 |    49 Air                    7   14.784   0.0012  30528.8407   71998.1725      0.350   638.34   83.091490   16.493531  (   0.00, 176.35, 638.34)
 |    50 Aluminum              13   26.982   2.6990      8.8963      39.8672      0.100   638.44   83.102731   16.496039  (   0.00, 176.35, 638.44)
 |    51 Air                    7   14.784   0.0012  30528.8407   71998.1725      1.000   639.44   83.102763   16.496053  (   0.00, 176.35, 639.44)
 |    52 Iron                  26   55.845   7.8740      1.7575      17.1639     10.000   649.44   88.792686   17.078671  (   0.00, 176.35, 649.44)
 |    53 Aluminum              13   26.982   2.6990      8.8963      39.8672      0.100   649.54   88.803927   17.081180  (   0.00, 176.35, 649.54)
 |    54 Air                    7   14.784   0.0012  30528.8407   71998.1725      0.350   649.89   88.803938   17.081184  (   0.00, 176.35, 649.89)
 |    55 PyrexGlass            10   20.495   2.2300     12.6748      43.5474      0.200   650.09   88.819717   17.085777  (   0.00, 176.35, 650.09)
 |    56 RPCGasDefault          8   16.809   0.0037   9559.7011   23915.1216      0.200   650.29   88.819738   17.085785  (   0.00, 176.35, 650.29)
 |    57 PyrexGlass            10   20.495   2.2300     12.6748      43.5474      0.200   650.49   88.835518   17.090378  (   0.00, 176.35, 650.49)
 |    58 Air                    7   14.784   0.0012  30528.8407   71998.1725      0.350   650.84   88.835529   17.090383  (   0.00, 176.35, 650.84)
 |    59 Aluminum              13   26.982   2.6990      8.8963      39.8672      0.100   650.94   88.846770   17.092891  (   0.00, 176.35, 650.94)
 |    60 Aluminum              13   26.982   2.6990      8.8963      39.8672      0.100   651.04   88.858010   17.095400  (   0.00, 176.35, 651.04)
 |    61 Air                    7   14.784   0.0012  30528.8407   71998.1725      0.350   651.39   88.858022   17.095405  (   0.00, 176.35, 651.39)
 |    62 PyrexGlass            10   20.495   2.2300     12.6748      43.5474      0.200   651.59   88.873801   17.099997  (   0.00, 176.35, 651.59)
 |    63 RPCGasDefault          8   16.809   0.0037   9559.7011   23915.1216      0.200   651.79   88.873822   17.100006  (   0.00, 176.35, 651.79)
 |    64 PyrexGlass            10   20.495   2.2300     12.6748      43.5474      0.200   651.99   88.889602   17.104598  (   0.00, 176.35, 651.99)
 |    65 Air                    7   14.784   0.0012  30528.8407   71998.1725      0.350   652.34   88.889613   17.104603  (   0.00, 176.35, 652.34)
 |    66 Aluminum              13   26.982   2.6990      8.8963      39.8672      0.100   652.44   88.900854   17.107111  (   0.00, 176.35, 652.44)
 |    67 Air                    7   14.784   0.0012  30528.8407   71998.1725      1.000   653.44   88.900886   17.107125  (   0.00, 176.35, 653.44)
 |    68 Iron                  26   55.845   7.8740      1.7575      17.1639     10.000   663.44   94.590809   17.689744  (   0.00, 176.35, 663.44)
 |    69 Aluminum              13   26.982   2.6990      8.8963      39.8672      0.100   663.54   94.602050   17.692252  (   0.00, 176.35, 663.54)
 |    70 Air                    7   14.784   0.0012  30528.8407   71998.1725      0.350   663.89   94.602061   17.692257  (   0.00, 176.35, 663.89)
 |    71 PyrexGlass            10   20.495   2.2300     12.6748      43.5474      0.200   664.09   94.617841   17.696850  (   0.00, 176.35, 664.09)
 |    72 RPCGasDefault          8   16.809   0.0037   9559.7011   23915.1216      0.200   664.29   94.617861   17.696858  (   0.00, 176.35, 664.29)
 |    73 PyrexGlass            10   20.495   2.2300     12.6748      43.5474      0.200   664.49   94.633641   17.701451  (   0.00, 176.35, 664.49)
 |    74 Air                    7   14.784   0.0012  30528.8407   71998.1725      0.350   664.84   94.633652   17.701455  (   0.00, 176.35, 664.84)
 |    75 Aluminum              13   26.982   2.6990      8.8963      39.8672      0.100   664.94   94.644893   17.703964  (   0.00, 176.35, 664.94)
 |    76 Aluminum              13   26.982   2.6990      8.8963      39.8672      0.100   665.04   94.656134   17.706472  (   0.00, 176.35, 665.04)
 |    77 Air                    7   14.784   0.0012  30528.8407   71998.1725      0.350   665.39   94.656145   17.706477  (   0.00, 176.35, 665.39)
 |    78 PyrexGlass            10   20.495   2.2300     12.6748      43.5474      0.200   665.59   94.671924   17.711070  (   0.00, 176.35, 665.59)
 |    79 RPCGasDefault          8   16.809   0.0037   9559.7011   23915.1216      0.200   665.79   94.671945   17.711078  (   0.00, 176.35, 665.79)
 |    80 PyrexGlass            10   20.495   2.2300     12.6748      43.5474      0.200   665.99   94.687725   17.715671  (   0.00, 176.35, 665.99)
 |    81 Air                    7   14.784   0.0012  30528.8407   71998.1725      0.350   666.34   94.687736   17.715676  (   0.00, 176.35, 666.34)
 |    82 Aluminum              13   26.982   2.6990      8.8963      39.8672      0.100   666.44   94.698977   17.718184  (   0.00, 176.35, 666.44)
 |    83 Air                    7   14.784   0.0012  30528.8407   71998.1725      1.000   667.44   94.699010   17.718198  (   0.00, 176.35, 667.44)
 |    84 Iron                  26   55.845   7.8740      1.7575      17.1639     10.000   677.44  100.388932   18.300816  (   0.00, 176.35, 677.44)
 |    85 Aluminum              13   26.982   2.6990      8.8963      39.8672      0.100   677.54  100.400173   18.303324  (   0.00, 176.35, 677.54)
 |    86 Air                    7   14.784   0.0012  30528.8407   71998.1725      0.350   677.89  100.400184   18.303329  (   0.00, 176.35, 677.89)
 |    87 PyrexGlass            10   20.495   2.2300     12.6748      43.5474      0.200   678.09  100.415964   18.307922  (   0.00, 176.35, 678.09)
 |    88 RPCGasDefault          8   16.809   0.0037   9559.7011   23915.1216      0.200   678.29  100.415985   18.307930  (   0.00, 176.35, 678.29)
 |    89 PyrexGlass            10   20.495   2.2300     12.6748      43.5474      0.200   678.49  100.431764   18.312523  (   0.00, 176.35, 678.49)
 |    90 Air                    7   14.784   0.0012  30528.8407   71998.1725      0.350   678.84  100.431775   18.312528  (   0.00, 176.35, 678.84)
 |    91 Aluminum              13   26.982   2.6990      8.8963      39.8672      0.100   678.94  100.443016   18.315036  (   0.00, 176.35, 678.94)
 |    92 Aluminum              13   26.982   2.6990      8.8963      39.8672      0.100   679.04  100.454257   18.317545  (   0.00, 176.35, 679.04)
 |    93 Air                    7   14.784   0.0012  30528.8407   71998.1725      0.350   679.39  100.454268   18.317549  (   0.00, 176.35, 679.39)
 |    94 PyrexGlass            10   20.495   2.2300     12.6748      43.5474      0.200   679.59  100.470047   18.322142  (   0.00, 176.35, 679.59)
 |    95 RPCGasDefault          8   16.809   0.0037   9559.7011   23915.1216      0.200   679.79  100.470068   18.322150  (   0.00, 176.35, 679.79)
 |    96 PyrexGlass            10   20.495   2.2300     12.6748      43.5474      0.200   679.99  100.485848   18.326743  (   0.00, 176.35, 679.99)
 |    97 Air                    7   14.784   0.0012  30528.8407   71998.1725      0.350   680.34  100.485859   18.326748  (   0.00, 176.35, 680.34)
 |    98 Aluminum              13   26.982   2.6990      8.8963      39.8672      0.100   680.44  100.497100   18.329256  (   0.00, 176.35, 680.44)
 |    99 Air                    7   14.784   0.0012  30528.8407   71998.1725      1.000   681.44  100.497133   18.329270  (   0.00, 176.35, 681.44)
 |   100 Iron                  26   55.845   7.8740      1.7575      17.1639     10.000   691.44  106.187055   18.911888  (   0.00, 176.35, 691.44)
 |   101 Aluminum              13   26.982   2.6990      8.8963      39.8672      0.100   691.54  106.198296   18.914397  (   0.00, 176.35, 691.54)
 |   102 Air                    7   14.784   0.0012  30528.8407   71998.1725      0.350   691.89  106.198307   18.914402  (   0.00, 176.35, 691.89)
 |   103 PyrexGlass            10   20.495   2.2300     12.6748      43.5474      0.200   692.09  106.214087   18.918994  (   0.00, 176.35, 692.09)
 |   104 RPCGasDefault          8   16.809   0.0037   9559.7011   23915.1216      0.200   692.29  106.214108   18.919003  (   0.00, 176.35, 692.29)
 |   105 PyrexGlass            10   20.495   2.2300     12.6748      43.5474      0.200   692.49  106.229887   18.923595  (   0.00, 176.35, 692.49)
 |   106 Air                    7   14.784   0.0012  30528.8407   71998.1725      0.350   692.84  106.229898   18.923600  (   0.00, 176.35, 692.84)
 |   107 Aluminum              13   26.982   2.6990      8.8963      39.8672      0.100   692.94  106.241139   18.926109  (   0.00, 176.35, 692.94)
 |   108 Aluminum              13   26.982   2.6990      8.8963      39.8672      0.100   693.04  106.252380   18.928617  (   0.00, 176.35, 693.04)
 |   109 Air                    7   14.784   0.0012  30528.8407   71998.1725      0.350   693.39  106.252391   18.928622  (   0.00, 176.35, 693.39)
 |   110 PyrexGlass            10   20.495   2.2300     12.6748      43.5474      0.200   693.59  106.268170   18.933215  (   0.00, 176.35, 693.59)
 |   111 RPCGasDefault          8   16.809   0.0037   9559.7011   23915.1216      0.200   693.79  106.268191   18.933223  (   0.00, 176.35, 693.79)
 |   112 PyrexGlass            10   20.495   2.2300     12.6748      43.5474      0.200   693.99  106.283971   18.937816  (   0.00, 176.35, 693.99)
 |   113 Air                    7   14.784   0.0012  30528.8407   71998.1725      0.350   694.34  106.283982   18.937820  (   0.00, 176.35, 694.34)
 |   114 Aluminum              13   26.982   2.6990      8.8963      39.8672      0.100   694.44  106.295223   18.940329  (   0.00, 176.35, 694.44)
 |   115 Air                    7   14.784   0.0012  30528.8407   71998.1725      1.000   695.44  106.295256   18.940343  (   0.00, 176.35, 695.44)
 |   116 Iron                  26   55.845   7.8740      1.7575      17.1639     10.000   705.44  111.985178   19.522961  (   0.00, 176.35, 705.44)
 |   117 Aluminum              13   26.982   2.6990      8.8963      39.8672      0.100   705.54  111.996419   19.525469  (   0.00, 176.35, 705.54)
 |   118 Air                    7   14.784   0.0012  30528.8407   71998.1725      0.350   705.89  111.996430   19.525474  (   0.00, 176.35, 705.89)
 |   119 PyrexGlass            10   20.495   2.2300     12.6748      43.5474      0.200   706.09  112.012210   19.530067  (   0.00, 176.35, 706.09)
 |   120 RPCGasDefault          8   16.809   0.0037   9559.7011   23915.1216      0.200   706.29  112.012231   19.530075  (   0.00, 176.35, 706.29)
 |   121 PyrexGlass            10   20.495   2.2300     12.6748      43.5474      0.200   706.49  112.028010   19.534668  (   0.00, 176.35, 706.49)
 |   122 Air                    7   14.784   0.0012  30528.8407   71998.1725      0.350   706.84  112.028021   19.534673  (   0.00, 176.35, 706.84)
 |   123 Aluminum              13   26.982   2.6990      8.8963      39.8672      0.100   706.94  112.039262   19.537181  (   0.00, 176.35, 706.94)
 |   124 Aluminum              13   26.982   2.6990      8.8963      39.8672      0.100   707.04  112.050503   19.539689  (   0.00, 176.35, 707.04)
 |   125 Air                    7   14.784   0.0012  30528.8407   71998.1725      0.350   707.39  112.050514   19.539694  (   0.00, 176.35, 707.39)
 |   126 PyrexGlass            10   20.495   2.2300     12.6748      43.5474      0.200   707.59  112.066294   19.544287  (   0.00, 176.35, 707.59)
 |   127 RPCGasDefault          8   16.809   0.0037   9559.7011   23915.1216      0.200   707.79  112.066314   19.544295  (   0.00, 176.35, 707.79)
 |   128 PyrexGlass            10   20.495   2.2300     12.6748      43.5474      0.200   707.99  112.082094   19.548888  (   0.00, 176.35, 707.99)
 |   129 Air                    7   14.784   0.0012  30528.8407   71998.1725      0.350   708.34  112.082105   19.548893  (   0.00, 176.35, 708.34)
 |   130 Aluminum              13   26.982   2.6990      8.8963      39.8672      0.100   708.44  112.093346   19.551401  (   0.00, 176.35, 708.44)
 |   131 Air                    7   14.784   0.0012  30528.8407   71998.1725      1.000   709.44  112.093379   19.551415  (   0.00, 176.35, 709.44)
 |   132 Iron                  26   55.845   7.8740      1.7575      17.1639     10.000   719.44  117.783301   20.134033  (   0.00, 176.35, 719.44)
 |   133 Aluminum              13   26.982   2.6990      8.8963      39.8672      0.100   719.54  117.794542   20.136542  (   0.00, 176.35, 719.54)
 |   134 Air                    7   14.784   0.0012  30528.8407   71998.1725      0.350   719.89  117.794553   20.136547  (   0.00, 176.35, 719.89)
 |   135 PyrexGlass            10   20.495   2.2300     12.6748      43.5474      0.200   720.09  117.810333   20.141139  (   0.00, 176.35, 720.09)
 |   136 RPCGasDefault          8   16.809   0.0037   9559.7011   23915.1216      0.200   720.29  117.810354   20.141148  (   0.00, 176.35, 720.29)
 |   137 PyrexGlass            10   20.495   2.2300     12.6748      43.5474      0.200   720.49  117.826133   20.145740  (   0.00, 176.35, 720.49)
 |   138 Air                    7   14.784   0.0012  30528.8407   71998.1725      0.350   720.84  117.826144   20.145745  (   0.00, 176.35, 720.84)
 |   139 Aluminum              13   26.982   2.6990      8.8963      39.8672      0.100   720.94  117.837385   20.148253  (   0.00, 176.35, 720.94)
 |   140 Aluminum              13   26.982   2.6990      8.8963      39.8672      0.100   721.04  117.848626   20.150762  (   0.00, 176.35, 721.04)
 |   141 Air                    7   14.784   0.0012  30528.8407   71998.1725      0.350   721.39  117.848637   20.150767  (   0.00, 176.35, 721.39)
 |   142 PyrexGlass            10   20.495   2.2300     12.6748      43.5474      0.200   721.59  117.864417   20.155359  (   0.00, 176.35, 721.59)
 |   143 RPCGasDefault          8   16.809   0.0037   9559.7011   23915.1216      0.200   721.79  117.864437   20.155368  (   0.00, 176.35, 721.79)
 |   144 PyrexGlass            10   20.495   2.2300     12.6748      43.5474      0.200   721.99  117.880217   20.159960  (   0.00, 176.35, 721.99)
 |   145 Air                    7   14.784   0.0012  30528.8407   71998.1725      0.350   722.34  117.880228   20.159965  (   0.00, 176.35, 722.34)
 |   146 Aluminum              13   26.982   2.6990      8.8963      39.8672      0.100   722.44  117.891469   20.162474  (   0.00, 176.35, 722.44)
 |   147 Air                    7   14.784   0.0012  30528.8407   71998.1725      1.000   723.44  117.891502   20.162488  (   0.00, 176.35, 723.44)
 |   148 Iron                  26   55.845   7.8740      1.7575      17.1639     10.000   733.44  123.581424   20.745106  (   0.00, 176.35, 733.44)
 |   149 Aluminum              13   26.982   2.6990      8.8963      39.8672      0.100   733.54  123.592665   20.747614  (   0.00, 176.35, 733.54)
 |   150 Air                    7   14.784   0.0012  30528.8407   71998.1725      0.350   733.89  123.592676   20.747619  (   0.00, 176.35, 733.89)
 |   151 PyrexGlass            10   20.495   2.2300     12.6748      43.5474      0.200   734.09  123.608456   20.752212  (   0.00, 176.35, 734.09)
 |   152 RPCGasDefault          8   16.809   0.0037   9559.7011   23915.1216      0.200   734.29  123.608477   20.752220  (   0.00, 176.35, 734.29)
 |   153 PyrexGlass            10   20.495   2.2300     12.6748      43.5474      0.200   734.49  123.624256   20.756813  (   0.00, 176.35, 734.49)
 |   154 Air                    7   14.784   0.0012  30528.8407   71998.1725      0.350   734.84  123.624268   20.756818  (   0.00, 176.35, 734.84)
 |   155 Aluminum              13   26.982   2.6990      8.8963      39.8672      0.100   734.94  123.635508   20.759326  (   0.00, 176.35, 734.94)
 |   156 Aluminum              13   26.982   2.6990      8.8963      39.8672      0.100   735.04  123.646749   20.761834  (   0.00, 176.35, 735.04)
 |   157 Air                    7   14.784   0.0012  30528.8407   71998.1725      0.350   735.39  123.646760   20.761839  (   0.00, 176.35, 735.39)
 |   158 PyrexGlass            10   20.495   2.2300     12.6748      43.5474      0.200   735.59  123.662540   20.766432  (   0.00, 176.35, 735.59)
 |   159 RPCGasDefault          8   16.809   0.0037   9559.7011   23915.1216      0.200   735.79  123.662561   20.766440  (   0.00, 176.35, 735.79)
 |   160 PyrexGlass            10   20.495   2.2300     12.6748      43.5474      0.200   735.99  123.678340   20.771033  (   0.00, 176.35, 735.99)
 |   161 Air                    7   14.784   0.0012  30528.8407   71998.1725      0.350   736.34  123.678351   20.771038  (   0.00, 176.35, 736.34)
 |   162 Aluminum              13   26.982   2.6990      8.8963      39.8672      0.100   736.44  123.689592   20.773546  (   0.00, 176.35, 736.44)
 |   163 Air                    7   14.784   0.0012  30528.8407   71998.1725      1.000   737.44  123.689625   20.773560  (   0.00, 176.35, 737.44)
 |   164 Iron                  26   55.845   7.8740      1.7575      17.1639     10.000   747.44  129.379547   21.356178  (   0.00, 176.35, 747.44)
 |   165 Aluminum              13   26.982   2.6990      8.8963      39.8672      0.100   747.54  129.390788   21.358687  (   0.00, 176.35, 747.54)
 |   166 Air                    7   14.784   0.0012  30528.8407   71998.1725      0.350   747.89  129.390799   21.358691  (   0.00, 176.35, 747.89)
 |   167 PyrexGlass            10   20.495   2.2300     12.6748      43.5474      0.200   748.09  129.406579   21.363284  (   0.00, 176.35, 748.09)
 |   168 RPCGasDefault          8   16.809   0.0037   9559.7011   23915.1216      0.200   748.29  129.406600   21.363292  (   0.00, 176.35, 748.29)
 |   169 PyrexGlass            10   20.495   2.2300     12.6748      43.5474      0.200   748.49  129.422379   21.367885  (   0.00, 176.35, 748.49)
 |   170 Air                    7   14.784   0.0012  30528.8407   71998.1725      0.350   748.84  129.422391   21.367890  (   0.00, 176.35, 748.84)
 |   171 Aluminum              13   26.982   2.6990      8.8963      39.8672      0.100   748.94  129.433631   21.370398  (   0.00, 176.35, 748.94)
 |   172 Aluminum              13   26.982   2.6990      8.8963      39.8672      0.100   749.04  129.444872   21.372907  (   0.00, 176.35, 749.04)
 |   173 Air                    7   14.784   0.0012  30528.8407   71998.1725      0.350   749.39  129.444883   21.372912  (   0.00, 176.35, 749.39)
 |   174 PyrexGlass            10   20.495   2.2300     12.6748      43.5474      0.200   749.59  129.460663   21.377504  (   0.00, 176.35, 749.59)
 |   175 RPCGasDefault          8   16.809   0.0037   9559.7011   23915.1216      0.200   749.79  129.460684   21.377513  (   0.00, 176.35, 749.79)
 |   176 PyrexGlass            10   20.495   2.2300     12.6748      43.5474      0.200   749.99  129.476463   21.382105  (   0.00, 176.35, 749.99)
 |   177 Air                    7   14.784   0.0012  30528.8407   71998.1725      0.350   750.34  129.476474   21.382110  (   0.00, 176.35, 750.34)
 |   178 Aluminum              13   26.982   2.6990      8.8963      39.8672      0.100   750.44  129.487715   21.384618  (   0.00, 176.35, 750.44)
 |   179 Air                    7   14.784   0.0012  30528.8407   71998.1725      1.000   751.44  129.487748   21.384632  (   0.00, 176.35, 751.44)
 |   180 Iron                  26   55.845   7.8740      1.7575      17.1639     10.000   761.44  135.177670   21.967251  (   0.00, 176.35, 761.44)
 |   181 Aluminum              13   26.982   2.6990      8.8963      39.8672      0.100   761.54  135.188911   21.969759  (   0.00, 176.35, 761.54)
 |   182 Air                    7   14.784   0.0012  30528.8407   71998.1725      0.350   761.89  135.188922   21.969764  (   0.00, 176.35, 761.89)
 |   183 PyrexGlass            10   20.495   2.2300     12.6748      43.5474      0.200   762.09  135.204702   21.974357  (   0.00, 176.35, 762.09)
 |   184 RPCGasDefault          8   16.809   0.0037   9559.7011   23915.1216      0.200   762.29  135.204723   21.974365  (   0.00, 176.35, 762.29)
 |   185 PyrexGlass            10   20.495   2.2300     12.6748      43.5474      0.200   762.49  135.220502   21.978958  (   0.00, 176.35, 762.49)
 |   186 Air                    7   14.784   0.0012  30528.8407   71998.1725      0.350   762.84  135.220514   21.978962  (   0.00, 176.35, 762.84)
 |   187 Aluminum              13   26.982   2.6990      8.8963      39.8672      0.100   762.94  135.231754   21.981471  (   0.00, 176.35, 762.94)
 |   188 Aluminum              13   26.982   2.6990      8.8963      39.8672      0.100   763.04  135.242995   21.983979  (   0.00, 176.35, 763.04)
 |   189 Air                    7   14.784   0.0012  30528.8407   71998.1725      0.350   763.39  135.243006   21.983984  (   0.00, 176.35, 763.39)
 |   190 PyrexGlass            10   20.495   2.2300     12.6748      43.5474      0.200   763.59  135.258786   21.988577  (   0.00, 176.35, 763.59)
 |   191 RPCGasDefault          8   16.809   0.0037   9559.7011   23915.1216      0.200   763.79  135.258807   21.988585  (   0.00, 176.35, 763.79)
 |   192 PyrexGlass            10   20.495   2.2300     12.6748      43.5474      0.200   763.99  135.274586   21.993178  (   0.00, 176.35, 763.99)
 |   193 Air                    7   14.784   0.0012  30528.8407   71998.1725      0.350   764.34  135.274597   21.993183  (   0.00, 176.35, 764.34)
 |   194 Aluminum              13   26.982   2.6990      8.8963      39.8672      0.100   764.44  135.285838   21.995691  (   0.00, 176.35, 764.44)
 |   195 Air                    7   14.784   0.0012  30528.8407   71998.1725      1.000   765.44  135.285871   21.995705  (   0.00, 176.35, 765.44)
 |   196 Air                    7   14.784   0.0012  30528.8407   71998.1725    434.555  1200.00  135.300105   22.001740  (   0.00, 176.35,1200.00)
 +--------------------------------------------------------------------------------------------------------------------------------------------------
 |     0 Average Material      16   33.233   2.1313      8.8692      54.5411   1200.000  1200.00  135.300105   22.001740  (   0.00, 176.35,1200.00)
 +--------------------------------------------------------------------------------------------------------------------------------------------------
