materialScan compact_Lhe_dip_sol_ell_mat-LAr-EMC_v8_asym.xml 0. 200. 0. 0. 200. -900. >| materialScan_compact_Lhe_dip_sol_ell_mat-LAr-EMC_v8_asym_0_200_0-0_200_-900.txt
DD4hep           WARN  ++ STD conditions NOT defined by client. NTP defaults taken.
VertexBarrelSupports_layer0 4.725 4.725 52.45
VertexBarrelSupports2_layer0 6.45 6.45 53.45
 +--------------------------------------------------------------------------------------------------------------------------------------------------
 + Material scan between: x_0 = (   0.00, 200.00,   0.00) [cm] and x_1 = (   0.00, 200.00,-900.00) [cm] : 
 +--------------------------------------------------------------------------------------------------------------------------------------------------
 |     \   Material           Atomic                 Radiation   Interaction               Path   Integrated  Integrated    Material
 | Num. \  Name          Number/Z   Mass/A  Density    Length       Length    Thickness   Length      X0        Lambda      Endpoint  
 | Layer \                        [g/mole]  [g/cm3]     [cm]        [cm]          [cm]      [cm]     [cm]        [cm]     (     cm,     cm,     cm)
 +--------------------------------------------------------------------------------------------------------------------------------------------------
 |     1 Air                    7   14.784   0.0012  30528.8407   71998.1725    201.000   201.00    0.006584    0.002792  (   0.00, 200.00,-201.00)
 |     2 Air                    7   14.784   0.0012  30528.8407   71998.1725      3.775   204.77    0.006708    0.002844  (   0.00, 200.00,-204.77)
 |     3 Air                    7   14.784   0.0012  30528.8407   71998.1725      0.150   204.92    0.006713    0.002846  (   0.00, 200.00,-204.92)
 |     4 Polystyrene            6   11.077   1.0320     42.5383      70.1339      0.500   205.42    0.018467    0.009975  (   0.00, 200.00,-205.42)
 |     5 Steel235              26   55.757   7.8500      1.7653      17.1928      2.500   207.92    1.434695    0.155385  (   0.00, 200.00,-207.92)
 |     6 Air                    7   14.784   0.0012  30528.8407   71998.1725      0.150   208.07    1.434699    0.155387  (   0.00, 200.00,-208.07)
 |     7 Polystyrene            6   11.077   1.0320     42.5383      70.1339      0.500   208.57    1.446454    0.162516  (   0.00, 200.00,-208.57)
 |     8 Steel235              26   55.757   7.8500      1.7653      17.1928      2.500   211.07    2.862681    0.307926  (   0.00, 200.00,-211.07)
 |     9 Air                    7   14.784   0.0012  30528.8407   71998.1725      0.150   211.22    2.862686    0.307928  (   0.00, 200.00,-211.22)
 |    10 Polystyrene            6   11.077   1.0320     42.5383      70.1339      0.500   211.72    2.874440    0.315057  (   0.00, 200.00,-211.72)
 |    11 Steel235              26   55.757   7.8500      1.7653      17.1928      2.500   214.22    4.290668    0.460467  (   0.00, 200.00,-214.22)
 |    12 Air                    7   14.784   0.0012  30528.8407   71998.1725      0.150   214.38    4.290673    0.460469  (   0.00, 200.00,-214.38)
 |    13 Polystyrene            6   11.077   1.0320     42.5383      70.1339      0.500   214.88    4.302427    0.467598  (   0.00, 200.00,-214.88)
 |    14 Steel235              26   55.757   7.8500      1.7653      17.1928      2.500   217.38    5.718655    0.613008  (   0.00, 200.00,-217.38)
 |    15 Air                    7   14.784   0.0012  30528.8407   71998.1725      0.150   217.53    5.718660    0.613010  (   0.00, 200.00,-217.53)
 |    16 Polystyrene            6   11.077   1.0320     42.5383      70.1339      0.500   218.03    5.730414    0.620139  (   0.00, 200.00,-218.03)
 |    17 Steel235              26   55.757   7.8500      1.7653      17.1928      2.500   220.53    7.146642    0.765549  (   0.00, 200.00,-220.53)
 |    18 Air                    7   14.784   0.0012  30528.8407   71998.1725      0.150   220.68    7.146647    0.765551  (   0.00, 200.00,-220.68)
 |    19 Polystyrene            6   11.077   1.0320     42.5383      70.1339      0.500   221.18    7.158401    0.772680  (   0.00, 200.00,-221.18)
 |    20 Steel235              26   55.757   7.8500      1.7653      17.1928      2.500   223.68    8.574629    0.918089  (   0.00, 200.00,-223.68)
 |    21 Air                    7   14.784   0.0012  30528.8407   71998.1725      0.150   223.83    8.574634    0.918092  (   0.00, 200.00,-223.83)
 |    22 Polystyrene            6   11.077   1.0320     42.5383      70.1339      0.500   224.33    8.586388    0.925221  (   0.00, 200.00,-224.33)
 |    23 Steel235              26   55.757   7.8500      1.7653      17.1928      2.500   226.83   10.002616    1.070630  (   0.00, 200.00,-226.83)
 |    24 Air                    7   14.784   0.0012  30528.8407   71998.1725      0.150   226.98   10.002621    1.070632  (   0.00, 200.00,-226.98)
 |    25 Polystyrene            6   11.077   1.0320     42.5383      70.1339      0.500   227.48   10.014375    1.077762  (   0.00, 200.00,-227.48)
 |    26 Steel235              26   55.757   7.8500      1.7653      17.1928      2.500   229.98   11.430603    1.223171  (   0.00, 200.00,-229.98)
 |    27 Air                    7   14.784   0.0012  30528.8407   71998.1725      0.150   230.13   11.430608    1.223173  (   0.00, 200.00,-230.13)
 |    28 Polystyrene            6   11.077   1.0320     42.5383      70.1339      0.500   230.63   11.442362    1.230303  (   0.00, 200.00,-230.63)
 |    29 Steel235              26   55.757   7.8500      1.7653      17.1928      2.500   233.13   12.858590    1.375712  (   0.00, 200.00,-233.13)
 |    30 Air                    7   14.784   0.0012  30528.8407   71998.1725      0.150   233.28   12.858595    1.375714  (   0.00, 200.00,-233.28)
 |    31 Polystyrene            6   11.077   1.0320     42.5383      70.1339      0.500   233.78   12.870349    1.382843  (   0.00, 200.00,-233.78)
 |    32 Steel235              26   55.757   7.8500      1.7653      17.1928      2.500   236.28   14.286577    1.528253  (   0.00, 200.00,-236.28)
 |    33 Air                    7   14.784   0.0012  30528.8407   71998.1725      0.150   236.43   14.286582    1.528255  (   0.00, 200.00,-236.43)
 |    34 Polystyrene            6   11.077   1.0320     42.5383      70.1339      0.500   236.93   14.298336    1.535384  (   0.00, 200.00,-236.93)
 |    35 Steel235              26   55.757   7.8500      1.7653      17.1928      2.500   239.43   15.714564    1.680794  (   0.00, 200.00,-239.43)
 |    36 Air                    7   14.784   0.0012  30528.8407   71998.1725      0.150   239.58   15.714569    1.680796  (   0.00, 200.00,-239.58)
 |    37 Polystyrene            6   11.077   1.0320     42.5383      70.1339      0.500   240.08   15.726323    1.687925  (   0.00, 200.00,-240.08)
 |    38 Steel235              26   55.757   7.8500      1.7653      17.1928      2.500   242.58   17.142551    1.833335  (   0.00, 200.00,-242.58)
 |    39 Air                    7   14.784   0.0012  30528.8407   71998.1725      0.150   242.73   17.142556    1.833337  (   0.00, 200.00,-242.73)
 |    40 Polystyrene            6   11.077   1.0320     42.5383      70.1339      0.500   243.23   17.154310    1.840466  (   0.00, 200.00,-243.23)
 |    41 Steel235              26   55.757   7.8500      1.7653      17.1928      2.500   245.73   18.570538    1.985876  (   0.00, 200.00,-245.73)
 |    42 Air                    7   14.784   0.0012  30528.8407   71998.1725      0.150   245.88   18.570543    1.985878  (   0.00, 200.00,-245.88)
 |    43 Polystyrene            6   11.077   1.0320     42.5383      70.1339      0.500   246.38   18.582297    1.993007  (   0.00, 200.00,-246.38)
 |    44 Steel235              26   55.757   7.8500      1.7653      17.1928      2.500   248.88   19.998525    2.138417  (   0.00, 200.00,-248.88)
 |    45 Air                    7   14.784   0.0012  30528.8407   71998.1725      0.150   249.03   19.998530    2.138419  (   0.00, 200.00,-249.03)
 |    46 Polystyrene            6   11.077   1.0320     42.5383      70.1339      0.500   249.53   20.010284    2.145548  (   0.00, 200.00,-249.53)
 |    47 Steel235              26   55.757   7.8500      1.7653      17.1928      2.500   252.03   21.426512    2.290957  (   0.00, 200.00,-252.03)
 |    48 Air                    7   14.784   0.0012  30528.8407   71998.1725      0.150   252.18   21.426516    2.290959  (   0.00, 200.00,-252.18)
 |    49 Polystyrene            6   11.077   1.0320     42.5383      70.1339      0.500   252.68   21.438271    2.298089  (   0.00, 200.00,-252.68)
 |    50 Steel235              26   55.757   7.8500      1.7653      17.1928      2.500   255.18   22.854498    2.443498  (   0.00, 200.00,-255.18)
 |    51 Air                    7   14.784   0.0012  30528.8407   71998.1725      0.150   255.33   22.854503    2.443500  (   0.00, 200.00,-255.33)
 |    52 Polystyrene            6   11.077   1.0320     42.5383      70.1339      0.500   255.83   22.866258    2.450630  (   0.00, 200.00,-255.83)
 |    53 Steel235              26   55.757   7.8500      1.7653      17.1928      2.500   258.33   24.282485    2.596039  (   0.00, 200.00,-258.33)
 |    54 Air                    7   14.784   0.0012  30528.8407   71998.1725      0.150   258.48   24.282490    2.596041  (   0.00, 200.00,-258.48)
 |    55 Polystyrene            6   11.077   1.0320     42.5383      70.1339      0.500   258.98   24.294244    2.603170  (   0.00, 200.00,-258.98)
 |    56 Steel235              26   55.757   7.8500      1.7653      17.1928      2.500   261.48   25.710472    2.748580  (   0.00, 200.00,-261.48)
 |    57 Air                    7   14.784   0.0012  30528.8407   71998.1725      0.150   261.63   25.710477    2.748582  (   0.00, 200.00,-261.63)
 |    58 Polystyrene            6   11.077   1.0320     42.5383      70.1339      0.500   262.13   25.722231    2.755711  (   0.00, 200.00,-262.13)
 |    59 Steel235              26   55.757   7.8500      1.7653      17.1928      2.500   264.63   27.138459    2.901121  (   0.00, 200.00,-264.63)
 |    60 Air                    7   14.784   0.0012  30528.8407   71998.1725      0.150   264.78   27.138464    2.901123  (   0.00, 200.00,-264.78)
 |    61 Polystyrene            6   11.077   1.0320     42.5383      70.1339      0.500   265.28   27.150218    2.908252  (   0.00, 200.00,-265.28)
 |    62 Steel235              26   55.757   7.8500      1.7653      17.1928      2.500   267.78   28.566446    3.053662  (   0.00, 200.00,-267.78)
 |    63 Air                    7   14.784   0.0012  30528.8407   71998.1725      0.150   267.93   28.566451    3.053664  (   0.00, 200.00,-267.93)
 |    64 Polystyrene            6   11.077   1.0320     42.5383      70.1339      0.500   268.43   28.578205    3.060793  (   0.00, 200.00,-268.43)
 |    65 Steel235              26   55.757   7.8500      1.7653      17.1928      2.500   270.93   29.994433    3.206203  (   0.00, 200.00,-270.93)
 |    66 Air                    7   14.784   0.0012  30528.8407   71998.1725      0.150   271.08   29.994438    3.206205  (   0.00, 200.00,-271.08)
 |    67 Polystyrene            6   11.077   1.0320     42.5383      70.1339      0.500   271.58   30.006192    3.213334  (   0.00, 200.00,-271.58)
 |    68 Steel235              26   55.757   7.8500      1.7653      17.1928      2.500   274.08   31.422420    3.358744  (   0.00, 200.00,-274.08)
 |    69 Air                    7   14.784   0.0012  30528.8407   71998.1725      0.150   274.23   31.422425    3.358746  (   0.00, 200.00,-274.23)
 |    70 Polystyrene            6   11.077   1.0320     42.5383      70.1339      0.500   274.73   31.434179    3.365875  (   0.00, 200.00,-274.73)
 |    71 Steel235              26   55.757   7.8500      1.7653      17.1928      2.500   277.23   32.850407    3.511284  (   0.00, 200.00,-277.23)
 |    72 Air                    7   14.784   0.0012  30528.8407   71998.1725      0.150   277.38   32.850412    3.511287  (   0.00, 200.00,-277.38)
 |    73 Polystyrene            6   11.077   1.0320     42.5383      70.1339      0.500   277.88   32.862166    3.518416  (   0.00, 200.00,-277.88)
 |    74 Steel235              26   55.757   7.8500      1.7653      17.1928      2.500   280.38   34.278394    3.663825  (   0.00, 200.00,-280.38)
 |    75 Air                    7   14.784   0.0012  30528.8407   71998.1725      0.150   280.53   34.278399    3.663827  (   0.00, 200.00,-280.53)
 |    76 Polystyrene            6   11.077   1.0320     42.5383      70.1339      0.500   281.03   34.290153    3.670957  (   0.00, 200.00,-281.03)
 |    77 Steel235              26   55.757   7.8500      1.7653      17.1928      2.500   283.53   35.706381    3.816366  (   0.00, 200.00,-283.53)
 |    78 Air                    7   14.784   0.0012  30528.8407   71998.1725      0.150   283.68   35.706386    3.816368  (   0.00, 200.00,-283.68)
 |    79 Polystyrene            6   11.077   1.0320     42.5383      70.1339      0.500   284.18   35.718140    3.823498  (   0.00, 200.00,-284.18)
 |    80 Steel235              26   55.757   7.8500      1.7653      17.1928      2.200   286.38   36.964420    3.951458  (   0.00, 200.00,-286.38)
 |    81 Air                    7   14.784   0.0012  30528.8407   71998.1725      0.150   286.53   36.964425    3.951460  (   0.00, 200.00,-286.53)
 |    82 Polystyrene            6   11.077   1.0320     42.5383      70.1339      0.500   287.03   36.976179    3.958589  (   0.00, 200.00,-287.03)
 |    83 Steel235              26   55.757   7.8500      1.7653      17.1928      2.200   289.23   38.222460    4.086550  (   0.00, 200.00,-289.23)
 |    84 Air                    7   14.784   0.0012  30528.8407   71998.1725      0.150   289.38   38.222465    4.086552  (   0.00, 200.00,-289.38)
 |    85 Polystyrene            6   11.077   1.0320     42.5383      70.1339      0.500   289.88   38.234219    4.093681  (   0.00, 200.00,-289.88)
 |    86 Steel235              26   55.757   7.8500      1.7653      17.1928      2.200   292.08   39.480500    4.221641  (   0.00, 200.00,-292.08)
 |    87 Air                    7   14.784   0.0012  30528.8407   71998.1725      0.150   292.23   39.480505    4.221644  (   0.00, 200.00,-292.23)
 |    88 Polystyrene            6   11.077   1.0320     42.5383      70.1339      0.500   292.73   39.492259    4.228773  (   0.00, 200.00,-292.73)
 |    89 Steel235              26   55.757   7.8500      1.7653      17.1928      2.200   294.93   40.738539    4.356733  (   0.00, 200.00,-294.93)
 |    90 Air                    7   14.784   0.0012  30528.8407   71998.1725      0.150   295.08   40.738544    4.356735  (   0.00, 200.00,-295.08)
 |    91 Polystyrene            6   11.077   1.0320     42.5383      70.1339      0.500   295.58   40.750298    4.363864  (   0.00, 200.00,-295.58)
 |    92 Steel235              26   55.757   7.8500      1.7653      17.1928      2.200   297.78   41.996579    4.491825  (   0.00, 200.00,-297.78)
 |    93 Air                    7   14.784   0.0012  30528.8407   71998.1725      0.150   297.93   41.996584    4.491827  (   0.00, 200.00,-297.93)
 |    94 Polystyrene            6   11.077   1.0320     42.5383      70.1339      0.500   298.43   42.008338    4.498956  (   0.00, 200.00,-298.43)
 |    95 Steel235              26   55.757   7.8500      1.7653      17.1928      2.200   300.63   43.254618    4.626917  (   0.00, 200.00,-300.63)
 |    96 Air                    7   14.784   0.0012  30528.8407   71998.1725      0.150   300.78   43.254623    4.626919  (   0.00, 200.00,-300.78)
 |    97 Polystyrene            6   11.077   1.0320     42.5383      70.1339      0.500   301.28   43.266377    4.634048  (   0.00, 200.00,-301.28)
 |    98 Steel235              26   55.757   7.8500      1.7653      17.1928      2.200   303.48   44.512658    4.762008  (   0.00, 200.00,-303.48)
 |    99 Air                    7   14.784   0.0012  30528.8407   71998.1725      0.150   303.63   44.512663    4.762010  (   0.00, 200.00,-303.63)
 |   100 Polystyrene            6   11.077   1.0320     42.5383      70.1339      0.500   304.13   44.524417    4.769140  (   0.00, 200.00,-304.13)
 |   101 Steel235              26   55.757   7.8500      1.7653      17.1928      2.200   306.33   45.770698    4.897100  (   0.00, 200.00,-306.33)
 |   102 Air                    7   14.784   0.0012  30528.8407   71998.1725      0.150   306.48   45.770702    4.897102  (   0.00, 200.00,-306.48)
 |   103 Polystyrene            6   11.077   1.0320     42.5383      70.1339      0.500   306.98   45.782457    4.904231  (   0.00, 200.00,-306.98)
 |   104 Steel235              26   55.757   7.8500      1.7653      17.1928      2.200   309.18   47.028737    5.032192  (   0.00, 200.00,-309.18)
 |   105 Air                    7   14.784   0.0012  30528.8407   71998.1725      0.150   309.33   47.028742    5.032194  (   0.00, 200.00,-309.33)
 |   106 Polystyrene            6   11.077   1.0320     42.5383      70.1339      0.500   309.83   47.040496    5.039323  (   0.00, 200.00,-309.83)
 |   107 Steel235              26   55.757   7.8500      1.7653      17.1928      2.200   312.03   48.286777    5.167284  (   0.00, 200.00,-312.03)
 |   108 Air                    7   14.784   0.0012  30528.8407   71998.1725      0.150   312.18   48.286782    5.167286  (   0.00, 200.00,-312.18)
 |   109 Polystyrene            6   11.077   1.0320     42.5383      70.1339      0.500   312.68   48.298536    5.174415  (   0.00, 200.00,-312.68)
 |   110 Steel235              26   55.757   7.8500      1.7653      17.1928      2.200   314.88   49.544816    5.302375  (   0.00, 200.00,-314.88)
 |   111 Air                    7   14.784   0.0012  30528.8407   71998.1725      0.150   315.03   49.544821    5.302377  (   0.00, 200.00,-315.03)
 |   112 Polystyrene            6   11.077   1.0320     42.5383      70.1339      0.500   315.53   49.556575    5.309507  (   0.00, 200.00,-315.53)
 |   113 Steel235              26   55.757   7.8500      1.7653      17.1928      2.200   317.73   50.802856    5.437467  (   0.00, 200.00,-317.73)
 |   114 Air                    7   14.784   0.0012  30528.8407   71998.1725      0.150   317.88   50.802861    5.437469  (   0.00, 200.00,-317.88)
 |   115 Polystyrene            6   11.077   1.0320     42.5383      70.1339      0.500   318.38   50.814615    5.444598  (   0.00, 200.00,-318.38)
 |   116 Steel235              26   55.757   7.8500      1.7653      17.1928      2.200   320.58   52.060895    5.572559  (   0.00, 200.00,-320.58)
 |   117 Air                    7   14.784   0.0012  30528.8407   71998.1725      0.150   320.73   52.060900    5.572561  (   0.00, 200.00,-320.73)
 |   118 Polystyrene            6   11.077   1.0320     42.5383      70.1339      0.500   321.23   52.072654    5.579690  (   0.00, 200.00,-321.23)
 |   119 Steel235              26   55.757   7.8500      1.7653      17.1928      2.200   323.43   53.318935    5.707651  (   0.00, 200.00,-323.43)
 |   120 Air                    7   14.784   0.0012  30528.8407   71998.1725      0.150   323.58   53.318940    5.707653  (   0.00, 200.00,-323.58)
 |   121 Polystyrene            6   11.077   1.0320     42.5383      70.1339      0.500   324.08   53.330694    5.714782  (   0.00, 200.00,-324.08)
 |   122 Steel235              26   55.757   7.8500      1.7653      17.1928      2.200   326.28   54.576975    5.842742  (   0.00, 200.00,-326.28)
 |   123 Air                    7   14.784   0.0012  30528.8407   71998.1725      0.150   326.43   54.576980    5.842744  (   0.00, 200.00,-326.43)
 |   124 Polystyrene            6   11.077   1.0320     42.5383      70.1339      0.500   326.93   54.588734    5.849874  (   0.00, 200.00,-326.93)
 |   125 Steel235              26   55.757   7.8500      1.7653      17.1928      2.000   328.93   55.721716    5.966201  (   0.00, 200.00,-328.93)
 |   126 Air                    7   14.784   0.0012  30528.8407   71998.1725      0.150   329.08   55.721721    5.966203  (   0.00, 200.00,-329.08)
 |   127 Polystyrene            6   11.077   1.0320     42.5383      70.1339      0.500   329.58   55.733475    5.973333  (   0.00, 200.00,-329.58)
 |   128 Steel235              26   55.757   7.8500      1.7653      17.1928      2.000   331.58   56.866457    6.089660  (   0.00, 200.00,-331.58)
 |   129 Air                    7   14.784   0.0012  30528.8407   71998.1725      0.150   331.73   56.866462    6.089662  (   0.00, 200.00,-331.73)
 |   130 Polystyrene            6   11.077   1.0320     42.5383      70.1339      0.500   332.23   56.878216    6.096791  (   0.00, 200.00,-332.23)
 |   131 Steel235              26   55.757   7.8500      1.7653      17.1928      2.000   334.23   58.011199    6.213119  (   0.00, 200.00,-334.23)
 |   132 Air                    7   14.784   0.0012  30528.8407   71998.1725      0.150   334.38   58.011204    6.213121  (   0.00, 200.00,-334.38)
 |   133 Polystyrene            6   11.077   1.0320     42.5383      70.1339      0.500   334.88   58.022958    6.220250  (   0.00, 200.00,-334.88)
 |   134 Steel235              26   55.757   7.8500      1.7653      17.1928      2.000   336.88   59.155940    6.336578  (   0.00, 200.00,-336.88)
 |   135 Air                    7   14.784   0.0012  30528.8407   71998.1725      0.150   337.03   59.155945    6.336580  (   0.00, 200.00,-337.03)
 |   136 Polystyrene            6   11.077   1.0320     42.5383      70.1339      0.500   337.53   59.167699    6.343709  (   0.00, 200.00,-337.53)
 |   137 Steel235              26   55.757   7.8500      1.7653      17.1928      2.000   339.53   60.300681    6.460037  (   0.00, 200.00,-339.53)
 |   138 Air                    7   14.784   0.0012  30528.8407   71998.1725      0.150   339.68   60.300686    6.460039  (   0.00, 200.00,-339.68)
 |   139 Polystyrene            6   11.077   1.0320     42.5383      70.1339      0.500   340.18   60.312440    6.467168  (   0.00, 200.00,-340.18)
 |   140 Steel235              26   55.757   7.8500      1.7653      17.1928      2.000   342.18   61.445423    6.583496  (   0.00, 200.00,-342.18)
 |   141 Air                    7   14.784   0.0012  30528.8407   71998.1725      0.150   342.33   61.445428    6.583498  (   0.00, 200.00,-342.33)
 |   142 Polystyrene            6   11.077   1.0320     42.5383      70.1339      0.500   342.83   61.457182    6.590627  (   0.00, 200.00,-342.83)
 |   143 Steel235              26   55.757   7.8500      1.7653      17.1928      2.000   344.83   62.590164    6.706955  (   0.00, 200.00,-344.83)
 |   144 Air                    7   14.784   0.0012  30528.8407   71998.1725      0.150   344.98   62.590169    6.706957  (   0.00, 200.00,-344.98)
 |   145 Polystyrene            6   11.077   1.0320     42.5383      70.1339      0.500   345.48   62.601923    6.714086  (   0.00, 200.00,-345.48)
 |   146 Steel235              26   55.757   7.8500      1.7653      17.1928      2.000   347.48   63.734905    6.830414  (   0.00, 200.00,-347.48)
 |   147 Air                    7   14.784   0.0012  30528.8407   71998.1725      0.150   347.63   63.734910    6.830416  (   0.00, 200.00,-347.63)
 |   148 Polystyrene            6   11.077   1.0320     42.5383      70.1339      0.500   348.13   63.746664    6.837545  (   0.00, 200.00,-348.13)
 |   149 Steel235              26   55.757   7.8500      1.7653      17.1928      2.000   350.13   64.879647    6.953873  (   0.00, 200.00,-350.13)
 |   150 Air                    7   14.784   0.0012  30528.8407   71998.1725      0.150   350.28   64.879652    6.953875  (   0.00, 200.00,-350.28)
 |   151 Polystyrene            6   11.077   1.0320     42.5383      70.1339      0.500   350.78   64.891406    6.961004  (   0.00, 200.00,-350.78)
 |   152 Steel235              26   55.757   7.8500      1.7653      17.1928      2.000   352.78   66.024388    7.077332  (   0.00, 200.00,-352.78)
 |   153 Air                    7   14.784   0.0012  30528.8407   71998.1725     36.450   389.23   66.025582    7.077838  (   0.00, 200.00,-389.23)
 |   154 Iron                  26   55.845   7.8740      1.7575      17.1639     10.000   399.23   71.715505    7.660456  (   0.00, 200.00,-399.23)
 |   155 Aluminum              13   26.982   2.6990      8.8963      39.8672      0.100   399.33   71.726745    7.662965  (   0.00, 200.00,-399.33)
 |   156 Air                    7   14.784   0.0012  30528.8407   71998.1725      0.350   399.68   71.726757    7.662970  (   0.00, 200.00,-399.68)
 |   157 PyrexGlass            10   20.495   2.2300     12.6748      43.5474      0.200   399.88   71.742536    7.667562  (   0.00, 200.00,-399.88)
 |   158 RPCGasDefault          8   16.809   0.0037   9559.7011   23915.1216      0.200   400.08   71.742557    7.667571  (   0.00, 200.00,-400.08)
 |   159 PyrexGlass            10   20.495   2.2300     12.6748      43.5474      0.200   400.28   71.758336    7.672163  (   0.00, 200.00,-400.28)
 |   160 Air                    7   14.784   0.0012  30528.8407   71998.1725      0.350   400.63   71.758348    7.672168  (   0.00, 200.00,-400.63)
 |   161 Aluminum              13   26.982   2.6990      8.8963      39.8672      0.100   400.73   71.769589    7.674677  (   0.00, 200.00,-400.73)
 |   162 Aluminum              13   26.982   2.6990      8.8963      39.8672      0.100   400.83   71.780829    7.677185  (   0.00, 200.00,-400.83)
 |   163 Air                    7   14.784   0.0012  30528.8407   71998.1725      0.350   401.18   71.780841    7.677190  (   0.00, 200.00,-401.18)
 |   164 PyrexGlass            10   20.495   2.2300     12.6748      43.5474      0.200   401.38   71.796620    7.681782  (   0.00, 200.00,-401.38)
 |   165 RPCGasDefault          8   16.809   0.0037   9559.7011   23915.1216      0.200   401.58   71.796641    7.681791  (   0.00, 200.00,-401.58)
 |   166 PyrexGlass            10   20.495   2.2300     12.6748      43.5474      0.200   401.78   71.812420    7.686384  (   0.00, 200.00,-401.78)
 |   167 Air                    7   14.784   0.0012  30528.8407   71998.1725      0.350   402.13   71.812432    7.686388  (   0.00, 200.00,-402.13)
 |   168 Aluminum              13   26.982   2.6990      8.8963      39.8672      0.100   402.23   71.823672    7.688897  (   0.00, 200.00,-402.23)
 |   169 Air                    7   14.784   0.0012  30528.8407   71998.1725      1.000   403.23   71.823705    7.688911  (   0.00, 200.00,-403.23)
 |   170 Iron                  26   55.845   7.8740      1.7575      17.1639     10.000   413.23   77.513628    8.271529  (   0.00, 200.00,-413.23)
 |   171 Aluminum              13   26.982   2.6990      8.8963      39.8672      0.100   413.33   77.524868    8.274037  (   0.00, 200.00,-413.33)
 |   172 Air                    7   14.784   0.0012  30528.8407   71998.1725      0.350   413.68   77.524880    8.274042  (   0.00, 200.00,-413.68)
 |   173 PyrexGlass            10   20.495   2.2300     12.6748      43.5474      0.200   413.88   77.540659    8.278635  (   0.00, 200.00,-413.88)
 |   174 RPCGasDefault          8   16.809   0.0037   9559.7011   23915.1216      0.200   414.08   77.540680    8.278643  (   0.00, 200.00,-414.08)
 |   175 PyrexGlass            10   20.495   2.2300     12.6748      43.5474      0.200   414.28   77.556459    8.283236  (   0.00, 200.00,-414.28)
 |   176 Air                    7   14.784   0.0012  30528.8407   71998.1725      0.350   414.63   77.556471    8.283241  (   0.00, 200.00,-414.63)
 |   177 Aluminum              13   26.982   2.6990      8.8963      39.8672      0.100   414.73   77.567712    8.285749  (   0.00, 200.00,-414.73)
 |   178 Aluminum              13   26.982   2.6990      8.8963      39.8672      0.100   414.83   77.578952    8.288257  (   0.00, 200.00,-414.83)
 |   179 Air                    7   14.784   0.0012  30528.8407   71998.1725      0.350   415.18   77.578964    8.288262  (   0.00, 200.00,-415.18)
 |   180 PyrexGlass            10   20.495   2.2300     12.6748      43.5474      0.200   415.38   77.594743    8.292855  (   0.00, 200.00,-415.38)
 |   181 RPCGasDefault          8   16.809   0.0037   9559.7011   23915.1216      0.200   415.58   77.594764    8.292863  (   0.00, 200.00,-415.58)
 |   182 PyrexGlass            10   20.495   2.2300     12.6748      43.5474      0.200   415.78   77.610543    8.297456  (   0.00, 200.00,-415.78)
 |   183 Air                    7   14.784   0.0012  30528.8407   71998.1725      0.350   416.13   77.610555    8.297461  (   0.00, 200.00,-416.13)
 |   184 Aluminum              13   26.982   2.6990      8.8963      39.8672      0.100   416.23   77.621795    8.299969  (   0.00, 200.00,-416.23)
 |   185 Air                    7   14.784   0.0012  30528.8407   71998.1725      1.000   417.23   77.621828    8.299983  (   0.00, 200.00,-417.23)
 |   186 Iron                  26   55.845   7.8740      1.7575      17.1639     10.000   427.23   83.311751    8.882601  (   0.00, 200.00,-427.23)
 |   187 Aluminum              13   26.982   2.6990      8.8963      39.8672      0.100   427.33   83.322991    8.885110  (   0.00, 200.00,-427.33)
 |   188 Air                    7   14.784   0.0012  30528.8407   71998.1725      0.350   427.68   83.323003    8.885114  (   0.00, 200.00,-427.68)
 |   189 PyrexGlass            10   20.495   2.2300     12.6748      43.5474      0.200   427.88   83.338782    8.889707  (   0.00, 200.00,-427.88)
 |   190 RPCGasDefault          8   16.809   0.0037   9559.7011   23915.1216      0.200   428.08   83.338803    8.889716  (   0.00, 200.00,-428.08)
 |   191 PyrexGlass            10   20.495   2.2300     12.6748      43.5474      0.200   428.28   83.354583    8.894308  (   0.00, 200.00,-428.28)
 |   192 Air                    7   14.784   0.0012  30528.8407   71998.1725      0.350   428.63   83.354594    8.894313  (   0.00, 200.00,-428.63)
 |   193 Aluminum              13   26.982   2.6990      8.8963      39.8672      0.100   428.73   83.365835    8.896821  (   0.00, 200.00,-428.73)
 |   194 Aluminum              13   26.982   2.6990      8.8963      39.8672      0.100   428.83   83.377075    8.899330  (   0.00, 200.00,-428.83)
 |   195 Air                    7   14.784   0.0012  30528.8407   71998.1725      0.350   429.18   83.377087    8.899335  (   0.00, 200.00,-429.18)
 |   196 PyrexGlass            10   20.495   2.2300     12.6748      43.5474      0.200   429.38   83.392866    8.903927  (   0.00, 200.00,-429.38)
 |   197 RPCGasDefault          8   16.809   0.0037   9559.7011   23915.1216      0.200   429.58   83.392887    8.903936  (   0.00, 200.00,-429.58)
 |   198 PyrexGlass            10   20.495   2.2300     12.6748      43.5474      0.200   429.78   83.408666    8.908528  (   0.00, 200.00,-429.78)
 |   199 Air                    7   14.784   0.0012  30528.8407   71998.1725      0.350   430.13   83.408678    8.908533  (   0.00, 200.00,-430.13)
 |   200 Aluminum              13   26.982   2.6990      8.8963      39.8672      0.100   430.23   83.419918    8.911042  (   0.00, 200.00,-430.23)
 |   201 Air                    7   14.784   0.0012  30528.8407   71998.1725      1.000   431.23   83.419951    8.911055  (   0.00, 200.00,-431.23)
 |   202 Iron                  26   55.845   7.8740      1.7575      17.1639     10.000   441.23   89.109874    9.493674  (   0.00, 200.00,-441.23)
 |   203 Aluminum              13   26.982   2.6990      8.8963      39.8672      0.100   441.33   89.121114    9.496182  (   0.00, 200.00,-441.33)
 |   204 Air                    7   14.784   0.0012  30528.8407   71998.1725      0.350   441.68   89.121126    9.496187  (   0.00, 200.00,-441.68)
 |   205 PyrexGlass            10   20.495   2.2300     12.6748      43.5474      0.200   441.88   89.136905    9.500780  (   0.00, 200.00,-441.88)
 |   206 RPCGasDefault          8   16.809   0.0037   9559.7011   23915.1216      0.200   442.08   89.136926    9.500788  (   0.00, 200.00,-442.08)
 |   207 PyrexGlass            10   20.495   2.2300     12.6748      43.5474      0.200   442.28   89.152706    9.505381  (   0.00, 200.00,-442.28)
 |   208 Air                    7   14.784   0.0012  30528.8407   71998.1725      0.350   442.63   89.152717    9.505386  (   0.00, 200.00,-442.63)
 |   209 Aluminum              13   26.982   2.6990      8.8963      39.8672      0.100   442.73   89.163958    9.507894  (   0.00, 200.00,-442.73)
 |   210 Aluminum              13   26.982   2.6990      8.8963      39.8672      0.100   442.83   89.175198    9.510402  (   0.00, 200.00,-442.83)
 |   211 Air                    7   14.784   0.0012  30528.8407   71998.1725      0.350   443.18   89.175210    9.510407  (   0.00, 200.00,-443.18)
 |   212 PyrexGlass            10   20.495   2.2300     12.6748      43.5474      0.200   443.38   89.190989    9.515000  (   0.00, 200.00,-443.38)
 |   213 RPCGasDefault          8   16.809   0.0037   9559.7011   23915.1216      0.200   443.58   89.191010    9.515008  (   0.00, 200.00,-443.58)
 |   214 PyrexGlass            10   20.495   2.2300     12.6748      43.5474      0.200   443.78   89.206789    9.519601  (   0.00, 200.00,-443.78)
 |   215 Air                    7   14.784   0.0012  30528.8407   71998.1725      0.350   444.13   89.206801    9.519606  (   0.00, 200.00,-444.13)
 |   216 Aluminum              13   26.982   2.6990      8.8963      39.8672      0.100   444.23   89.218041    9.522114  (   0.00, 200.00,-444.23)
 |   217 Air                    7   14.784   0.0012  30528.8407   71998.1725      1.000   445.23   89.218074    9.522128  (   0.00, 200.00,-445.23)
 |   218 Iron                  26   55.845   7.8740      1.7575      17.1639     10.000   455.23   94.907997   10.104746  (   0.00, 200.00,-455.23)
 |   219 Aluminum              13   26.982   2.6990      8.8963      39.8672      0.100   455.33   94.919237   10.107254  (   0.00, 200.00,-455.33)
 |   220 Air                    7   14.784   0.0012  30528.8407   71998.1725      0.350   455.68   94.919249   10.107259  (   0.00, 200.00,-455.68)
 |   221 PyrexGlass            10   20.495   2.2300     12.6748      43.5474      0.200   455.88   94.935028   10.111852  (   0.00, 200.00,-455.88)
 |   222 RPCGasDefault          8   16.809   0.0037   9559.7011   23915.1216      0.200   456.08   94.935049   10.111860  (   0.00, 200.00,-456.08)
 |   223 PyrexGlass            10   20.495   2.2300     12.6748      43.5474      0.200   456.28   94.950829   10.116453  (   0.00, 200.00,-456.28)
 |   224 Air                    7   14.784   0.0012  30528.8407   71998.1725      0.350   456.63   94.950840   10.116458  (   0.00, 200.00,-456.63)
 |   225 Aluminum              13   26.982   2.6990      8.8963      39.8672      0.100   456.73   94.962081   10.118966  (   0.00, 200.00,-456.73)
 |   226 Aluminum              13   26.982   2.6990      8.8963      39.8672      0.100   456.83   94.973321   10.121475  (   0.00, 200.00,-456.83)
 |   227 Air                    7   14.784   0.0012  30528.8407   71998.1725      0.350   457.18   94.973333   10.121479  (   0.00, 200.00,-457.18)
 |   228 PyrexGlass            10   20.495   2.2300     12.6748      43.5474      0.200   457.38   94.989112   10.126072  (   0.00, 200.00,-457.38)
 |   229 RPCGasDefault          8   16.809   0.0037   9559.7011   23915.1216      0.200   457.58   94.989133   10.126081  (   0.00, 200.00,-457.58)
 |   230 PyrexGlass            10   20.495   2.2300     12.6748      43.5474      0.200   457.78   95.004912   10.130673  (   0.00, 200.00,-457.78)
 |   231 Air                    7   14.784   0.0012  30528.8407   71998.1725      0.350   458.13   95.004924   10.130678  (   0.00, 200.00,-458.13)
 |   232 Aluminum              13   26.982   2.6990      8.8963      39.8672      0.100   458.23   95.016165   10.133186  (   0.00, 200.00,-458.23)
 |   233 Air                    7   14.784   0.0012  30528.8407   71998.1725      1.000   459.23   95.016197   10.133200  (   0.00, 200.00,-459.23)
 |   234 Iron                  26   55.845   7.8740      1.7575      17.1639     10.000   469.23  100.706120   10.715819  (   0.00, 200.00,-469.23)
 |   235 Aluminum              13   26.982   2.6990      8.8963      39.8672      0.100   469.33  100.717360   10.718327  (   0.00, 200.00,-469.33)
 |   236 Air                    7   14.784   0.0012  30528.8407   71998.1725      0.350   469.68  100.717372   10.718332  (   0.00, 200.00,-469.68)
 |   237 PyrexGlass            10   20.495   2.2300     12.6748      43.5474      0.200   469.88  100.733151   10.722924  (   0.00, 200.00,-469.88)
 |   238 RPCGasDefault          8   16.809   0.0037   9559.7011   23915.1216      0.200   470.08  100.733172   10.722933  (   0.00, 200.00,-470.08)
 |   239 PyrexGlass            10   20.495   2.2300     12.6748      43.5474      0.200   470.28  100.748952   10.727526  (   0.00, 200.00,-470.28)
 |   240 Air                    7   14.784   0.0012  30528.8407   71998.1725      0.350   470.63  100.748963   10.727530  (   0.00, 200.00,-470.63)
 |   241 Aluminum              13   26.982   2.6990      8.8963      39.8672      0.100   470.73  100.760204   10.730039  (   0.00, 200.00,-470.73)
 |   242 Aluminum              13   26.982   2.6990      8.8963      39.8672      0.100   470.83  100.771444   10.732547  (   0.00, 200.00,-470.83)
 |   243 Air                    7   14.784   0.0012  30528.8407   71998.1725      0.350   471.18  100.771456   10.732552  (   0.00, 200.00,-471.18)
 |   244 PyrexGlass            10   20.495   2.2300     12.6748      43.5474      0.200   471.38  100.787235   10.737145  (   0.00, 200.00,-471.38)
 |   245 RPCGasDefault          8   16.809   0.0037   9559.7011   23915.1216      0.200   471.58  100.787256   10.737153  (   0.00, 200.00,-471.58)
 |   246 PyrexGlass            10   20.495   2.2300     12.6748      43.5474      0.200   471.78  100.803036   10.741746  (   0.00, 200.00,-471.78)
 |   247 Air                    7   14.784   0.0012  30528.8407   71998.1725      0.350   472.13  100.803047   10.741751  (   0.00, 200.00,-472.13)
 |   248 Aluminum              13   26.982   2.6990      8.8963      39.8672      0.100   472.23  100.814288   10.744259  (   0.00, 200.00,-472.23)
 |   249 Air                    7   14.784   0.0012  30528.8407   71998.1725      1.000   473.23  100.814320   10.744273  (   0.00, 200.00,-473.23)
 |   250 Iron                  26   55.845   7.8740      1.7575      17.1639     10.000   483.23  106.504243   11.326891  (   0.00, 200.00,-483.23)
 |   251 Aluminum              13   26.982   2.6990      8.8963      39.8672      0.100   483.33  106.515484   11.329399  (   0.00, 200.00,-483.33)
 |   252 Air                    7   14.784   0.0012  30528.8407   71998.1725      0.350   483.68  106.515495   11.329404  (   0.00, 200.00,-483.68)
 |   253 PyrexGlass            10   20.495   2.2300     12.6748      43.5474      0.200   483.88  106.531274   11.333997  (   0.00, 200.00,-483.88)
 |   254 RPCGasDefault          8   16.809   0.0037   9559.7011   23915.1216      0.200   484.08  106.531295   11.334005  (   0.00, 200.00,-484.08)
 |   255 PyrexGlass            10   20.495   2.2300     12.6748      43.5474      0.200   484.28  106.547075   11.338598  (   0.00, 200.00,-484.28)
 |   256 Air                    7   14.784   0.0012  30528.8407   71998.1725      0.350   484.63  106.547086   11.338603  (   0.00, 200.00,-484.63)
 |   257 Aluminum              13   26.982   2.6990      8.8963      39.8672      0.100   484.73  106.558327   11.341111  (   0.00, 200.00,-484.73)
 |   258 Aluminum              13   26.982   2.6990      8.8963      39.8672      0.100   484.83  106.569567   11.343619  (   0.00, 200.00,-484.83)
 |   259 Air                    7   14.784   0.0012  30528.8407   71998.1725      0.350   485.18  106.569579   11.343624  (   0.00, 200.00,-485.18)
 |   260 PyrexGlass            10   20.495   2.2300     12.6748      43.5474      0.200   485.38  106.585358   11.348217  (   0.00, 200.00,-485.38)
 |   261 RPCGasDefault          8   16.809   0.0037   9559.7011   23915.1216      0.200   485.58  106.585379   11.348225  (   0.00, 200.00,-485.58)
 |   262 PyrexGlass            10   20.495   2.2300     12.6748      43.5474      0.200   485.78  106.601159   11.352818  (   0.00, 200.00,-485.78)
 |   263 Air                    7   14.784   0.0012  30528.8407   71998.1725      0.350   486.13  106.601170   11.352823  (   0.00, 200.00,-486.13)
 |   264 Aluminum              13   26.982   2.6990      8.8963      39.8672      0.100   486.23  106.612411   11.355331  (   0.00, 200.00,-486.23)
 |   265 Air                    7   14.784   0.0012  30528.8407   71998.1725      1.000   487.23  106.612443   11.355345  (   0.00, 200.00,-487.23)
 |   266 Iron                  26   55.845   7.8740      1.7575      17.1639     10.000   497.23  112.302366   11.937963  (   0.00, 200.00,-497.23)
 |   267 Aluminum              13   26.982   2.6990      8.8963      39.8672      0.100   497.33  112.313607   11.940472  (   0.00, 200.00,-497.33)
 |   268 Air                    7   14.784   0.0012  30528.8407   71998.1725      0.350   497.68  112.313618   11.940477  (   0.00, 200.00,-497.68)
 |   269 PyrexGlass            10   20.495   2.2300     12.6748      43.5474      0.200   497.88  112.329397   11.945069  (   0.00, 200.00,-497.88)
 |   270 RPCGasDefault          8   16.809   0.0037   9559.7011   23915.1216      0.200   498.08  112.329418   11.945078  (   0.00, 200.00,-498.08)
 |   271 PyrexGlass            10   20.495   2.2300     12.6748      43.5474      0.200   498.28  112.345198   11.949670  (   0.00, 200.00,-498.28)
 |   272 Air                    7   14.784   0.0012  30528.8407   71998.1725      0.350   498.63  112.345209   11.949675  (   0.00, 200.00,-498.63)
 |   273 Aluminum              13   26.982   2.6990      8.8963      39.8672      0.100   498.73  112.356450   11.952184  (   0.00, 200.00,-498.73)
 |   274 Aluminum              13   26.982   2.6990      8.8963      39.8672      0.100   498.83  112.367690   11.954692  (   0.00, 200.00,-498.83)
 |   275 Air                    7   14.784   0.0012  30528.8407   71998.1725      0.350   499.18  112.367702   11.954697  (   0.00, 200.00,-499.18)
 |   276 PyrexGlass            10   20.495   2.2300     12.6748      43.5474      0.200   499.38  112.383481   11.959289  (   0.00, 200.00,-499.38)
 |   277 RPCGasDefault          8   16.809   0.0037   9559.7011   23915.1216      0.200   499.58  112.383502   11.959298  (   0.00, 200.00,-499.58)
 |   278 PyrexGlass            10   20.495   2.2300     12.6748      43.5474      0.200   499.78  112.399282   11.963891  (   0.00, 200.00,-499.78)
 |   279 Air                    7   14.784   0.0012  30528.8407   71998.1725      0.350   500.13  112.399293   11.963895  (   0.00, 200.00,-500.13)
 |   280 Aluminum              13   26.982   2.6990      8.8963      39.8672      0.100   500.23  112.410534   11.966404  (   0.00, 200.00,-500.23)
 |   281 Air                    7   14.784   0.0012  30528.8407   71998.1725      1.000   501.23  112.410566   11.966418  (   0.00, 200.00,-501.23)
 |   282 Iron                  26   55.845   7.8740      1.7575      17.1639     10.000   511.23  118.100489   12.549036  (   0.00, 200.00,-511.23)
 |   283 Aluminum              13   26.982   2.6990      8.8963      39.8672      0.100   511.33  118.111730   12.551544  (   0.00, 200.00,-511.33)
 |   284 Air                    7   14.784   0.0012  30528.8407   71998.1725      0.350   511.68  118.111741   12.551549  (   0.00, 200.00,-511.68)
 |   285 PyrexGlass            10   20.495   2.2300     12.6748      43.5474      0.200   511.88  118.127520   12.556142  (   0.00, 200.00,-511.88)
 |   286 RPCGasDefault          8   16.809   0.0037   9559.7011   23915.1216      0.200   512.08  118.127541   12.556150  (   0.00, 200.00,-512.08)
 |   287 PyrexGlass            10   20.495   2.2300     12.6748      43.5474      0.200   512.28  118.143321   12.560743  (   0.00, 200.00,-512.28)
 |   288 Air                    7   14.784   0.0012  30528.8407   71998.1725      0.350   512.63  118.143332   12.560748  (   0.00, 200.00,-512.63)
 |   289 Aluminum              13   26.982   2.6990      8.8963      39.8672      0.100   512.73  118.154573   12.563256  (   0.00, 200.00,-512.73)
 |   290 Aluminum              13   26.982   2.6990      8.8963      39.8672      0.100   512.83  118.165813   12.565764  (   0.00, 200.00,-512.83)
 |   291 Air                    7   14.784   0.0012  30528.8407   71998.1725      0.350   513.18  118.165825   12.565769  (   0.00, 200.00,-513.18)
 |   292 PyrexGlass            10   20.495   2.2300     12.6748      43.5474      0.200   513.38  118.181604   12.570362  (   0.00, 200.00,-513.38)
 |   293 RPCGasDefault          8   16.809   0.0037   9559.7011   23915.1216      0.200   513.58  118.181625   12.570370  (   0.00, 200.00,-513.58)
 |   294 PyrexGlass            10   20.495   2.2300     12.6748      43.5474      0.200   513.78  118.197405   12.574963  (   0.00, 200.00,-513.78)
 |   295 Air                    7   14.784   0.0012  30528.8407   71998.1725      0.350   514.12  118.197416   12.574968  (   0.00, 200.00,-514.12)
 |   296 Aluminum              13   26.982   2.6990      8.8963      39.8672      0.100   514.23  118.208657   12.577476  (   0.00, 200.00,-514.23)
 |   297 Air                    7   14.784   0.0012  30528.8407   71998.1725      1.000   515.23  118.208689   12.577490  (   0.00, 200.00,-515.23)
 |   298 Iron                  26   55.845   7.8740      1.7575      17.1639     10.000   525.23  123.898612   13.160108  (   0.00, 200.00,-525.23)
 |   299 Aluminum              13   26.982   2.6990      8.8963      39.8672      0.100   525.32  123.909853   13.162617  (   0.00, 200.00,-525.32)
 |   300 Air                    7   14.784   0.0012  30528.8407   71998.1725      0.350   525.67  123.909864   13.162621  (   0.00, 200.00,-525.67)
 |   301 PyrexGlass            10   20.495   2.2300     12.6748      43.5474      0.200   525.87  123.925644   13.167214  (   0.00, 200.00,-525.87)
 |   302 RPCGasDefault          8   16.809   0.0037   9559.7011   23915.1216      0.200   526.07  123.925664   13.167223  (   0.00, 200.00,-526.07)
 |   303 PyrexGlass            10   20.495   2.2300     12.6748      43.5474      0.200   526.27  123.941444   13.171815  (   0.00, 200.00,-526.27)
 |   304 Air                    7   14.784   0.0012  30528.8407   71998.1725      0.350   526.62  123.941455   13.171820  (   0.00, 200.00,-526.62)
 |   305 Aluminum              13   26.982   2.6990      8.8963      39.8672      0.100   526.72  123.952696   13.174328  (   0.00, 200.00,-526.72)
 |   306 Aluminum              13   26.982   2.6990      8.8963      39.8672      0.100   526.82  123.963937   13.176837  (   0.00, 200.00,-526.82)
 |   307 Air                    7   14.784   0.0012  30528.8407   71998.1725      0.350   527.17  123.963948   13.176842  (   0.00, 200.00,-527.17)
 |   308 PyrexGlass            10   20.495   2.2300     12.6748      43.5474      0.200   527.37  123.979727   13.181434  (   0.00, 200.00,-527.37)
 |   309 RPCGasDefault          8   16.809   0.0037   9559.7011   23915.1216      0.200   527.57  123.979748   13.181443  (   0.00, 200.00,-527.57)
 |   310 PyrexGlass            10   20.495   2.2300     12.6748      43.5474      0.200   527.77  123.995528   13.186035  (   0.00, 200.00,-527.77)
 |   311 Air                    7   14.784   0.0012  30528.8407   71998.1725      0.350   528.12  123.995539   13.186040  (   0.00, 200.00,-528.12)
 |   312 Aluminum              13   26.982   2.6990      8.8963      39.8672      0.100   528.22  124.006780   13.188549  (   0.00, 200.00,-528.22)
 |   313 Air                    7   14.784   0.0012  30528.8407   71998.1725      1.000   529.22  124.006813   13.188562  (   0.00, 200.00,-529.22)
 |   314 Iron                  26   55.845   7.8740      1.7575      17.1639     10.000   539.22  129.696735   13.771181  (   0.00, 200.00,-539.22)
 |   315 Aluminum              13   26.982   2.6990      8.8963      39.8672      0.100   539.32  129.707976   13.773689  (   0.00, 200.00,-539.32)
 |   316 Air                    7   14.784   0.0012  30528.8407   71998.1725      0.350   539.67  129.707987   13.773694  (   0.00, 200.00,-539.67)
 |   317 PyrexGlass            10   20.495   2.2300     12.6748      43.5474      0.200   539.87  129.723767   13.778287  (   0.00, 200.00,-539.87)
 |   318 RPCGasDefault          8   16.809   0.0037   9559.7011   23915.1216      0.200   540.07  129.723787   13.778295  (   0.00, 200.00,-540.07)
 |   319 PyrexGlass            10   20.495   2.2300     12.6748      43.5474      0.200   540.27  129.739567   13.782888  (   0.00, 200.00,-540.27)
 |   320 Air                    7   14.784   0.0012  30528.8407   71998.1725      0.350   540.62  129.739578   13.782893  (   0.00, 200.00,-540.62)
 |   321 Aluminum              13   26.982   2.6990      8.8963      39.8672      0.100   540.72  129.750819   13.785401  (   0.00, 200.00,-540.72)
 |   322 Aluminum              13   26.982   2.6990      8.8963      39.8672      0.100   540.82  129.762060   13.787909  (   0.00, 200.00,-540.82)
 |   323 Air                    7   14.784   0.0012  30528.8407   71998.1725      0.350   541.17  129.762071   13.787914  (   0.00, 200.00,-541.17)
 |   324 PyrexGlass            10   20.495   2.2300     12.6748      43.5474      0.200   541.37  129.777850   13.792507  (   0.00, 200.00,-541.37)
 |   325 RPCGasDefault          8   16.809   0.0037   9559.7011   23915.1216      0.200   541.57  129.777871   13.792515  (   0.00, 200.00,-541.57)
 |   326 PyrexGlass            10   20.495   2.2300     12.6748      43.5474      0.200   541.77  129.793651   13.797108  (   0.00, 200.00,-541.77)
 |   327 Air                    7   14.784   0.0012  30528.8407   71998.1725      0.350   542.12  129.793662   13.797113  (   0.00, 200.00,-542.12)
 |   328 Aluminum              13   26.982   2.6990      8.8963      39.8672      0.100   542.22  129.804903   13.799621  (   0.00, 200.00,-542.22)
 |   329 Air                    7   14.784   0.0012  30528.8407   71998.1725      1.000   543.22  129.804936   13.799635  (   0.00, 200.00,-543.22)
 |   330 Iron                  26   55.845   7.8740      1.7575      17.1639     10.000   553.22  135.494858   14.382253  (   0.00, 200.00,-553.22)
 |   331 Aluminum              13   26.982   2.6990      8.8963      39.8672      0.100   553.32  135.506099   14.384761  (   0.00, 200.00,-553.32)
 |   332 Air                    7   14.784   0.0012  30528.8407   71998.1725      0.350   553.67  135.506110   14.384766  (   0.00, 200.00,-553.67)
 |   333 PyrexGlass            10   20.495   2.2300     12.6748      43.5474      0.200   553.87  135.521890   14.389359  (   0.00, 200.00,-553.87)
 |   334 RPCGasDefault          8   16.809   0.0037   9559.7011   23915.1216      0.200   554.07  135.521911   14.389367  (   0.00, 200.00,-554.07)
 |   335 PyrexGlass            10   20.495   2.2300     12.6748      43.5474      0.200   554.27  135.537690   14.393960  (   0.00, 200.00,-554.27)
 |   336 Air                    7   14.784   0.0012  30528.8407   71998.1725      0.350   554.62  135.537701   14.393965  (   0.00, 200.00,-554.62)
 |   337 Aluminum              13   26.982   2.6990      8.8963      39.8672      0.100   554.72  135.548942   14.396473  (   0.00, 200.00,-554.72)
 |   338 Aluminum              13   26.982   2.6990      8.8963      39.8672      0.100   554.82  135.560183   14.398982  (   0.00, 200.00,-554.82)
 |   339 Air                    7   14.784   0.0012  30528.8407   71998.1725      0.350   555.17  135.560194   14.398986  (   0.00, 200.00,-555.17)
 |   340 PyrexGlass            10   20.495   2.2300     12.6748      43.5474      0.200   555.37  135.575973   14.403579  (   0.00, 200.00,-555.37)
 |   341 RPCGasDefault          8   16.809   0.0037   9559.7011   23915.1216      0.200   555.57  135.575994   14.403588  (   0.00, 200.00,-555.57)
 |   342 PyrexGlass            10   20.495   2.2300     12.6748      43.5474      0.200   555.77  135.591774   14.408180  (   0.00, 200.00,-555.77)
 |   343 Air                    7   14.784   0.0012  30528.8407   71998.1725      0.350   556.12  135.591785   14.408185  (   0.00, 200.00,-556.12)
 |   344 Aluminum              13   26.982   2.6990      8.8963      39.8672      0.100   556.22  135.603026   14.410693  (   0.00, 200.00,-556.22)
 |   345 Air                    7   14.784   0.0012  30528.8407   71998.1725      1.000   557.22  135.603059   14.410707  (   0.00, 200.00,-557.22)
 |   346 Air                    7   14.784   0.0012  30528.8407   71998.1725    342.775   900.00  135.614287   14.415468  (   0.00, 200.00,-900.00)
 +--------------------------------------------------------------------------------------------------------------------------------------------------
 |     0 Average Material      24   51.569   2.1250      6.6365      62.4329    900.000   900.00  135.614287   14.415468  (   0.00, 200.00,-900.00)
 +--------------------------------------------------------------------------------------------------------------------------------------------------
