materialScan compact_Lhe_dip_sol_ell_mod.xml  0. 0. 0. 0. 600. 0. >| materialScan_compact_Lhe_dip_sol_ell_mod_origin_90deg_up.txt
DD4hep           WARN  ++ STD conditions NOT defined by client. NTP defaults taken.
VertexBarrelSupports_layer0 3.7 3.7 50.5125
VertexBarrelSupports_layer1 3.9 3.9 51.7
TGeoTube::SetTubeDimensions: In shape TGeoTube wrong rmin=3.75 rmax=3.65
TGeoTube::SetTubeDimensions: In shape TGeoTube wrong rmin=3.75 rmax=3.65
TGeoTube::SetTubeDimensions: In shape TGeoTube wrong rmin=3.95 rmax=3.75
TGeoTube::SetTubeDimensions: In shape TGeoTube wrong rmin=3.95 rmax=3.75
TGeoTube::SetTubeDimensions: In shape TGeoTube wrong rmin=3.95 rmax=3.75
 +--------------------------------------------------------------------------------------------------------------------------------------------------
 + Material scan between: x_0 = (   0.00,   0.00,   0.00) [cm] and x_1 = (   0.00, 600.00,   0.00) [cm] : 
 +--------------------------------------------------------------------------------------------------------------------------------------------------
 |     \   Material           Atomic                 Radiation   Interaction               Path   Integrated  Integrated    Material
 | Num. \  Name          Number/Z   Mass/A  Density    Length       Length    Thickness   Length      X0        Lambda      Endpoint  
 | Layer \                        [g/mole]  [g/cm3]     [cm]        [cm]          [cm]      [cm]     [cm]        [cm]     (     cm,     cm,     cm)
 +--------------------------------------------------------------------------------------------------------------------------------------------------
 |     1 Air                    7   14.784   0.0012  30528.8407   71998.1725      0.001     0.00    0.000000    0.000000  (   0.00,   0.00,   0.00)
 |     2 Vacuum                 7   14.784   0.0000 3.66346e+11  8.63978e+11      1.900     1.90    0.000000    0.000000  (   0.00,   1.90,   0.00)
 |     3 Beryllium              4    9.012   1.8480     35.2760      39.4488      0.299     2.20    0.008476    0.007579  (   0.00,   2.20,   0.00)
 |     4 Air                    7   14.784   0.0012  30528.8407   71998.1725      1.050     3.25    0.008510    0.007594  (   0.00,   3.25,   0.00)
 |     5 Air                    7   14.784   0.0012  30528.8407   71998.1725      0.525     3.78    0.008528    0.007601  (   0.00,   3.78,   0.00)
 |     6 Air                    7   14.784   0.0012  30528.8407   71998.1725      0.006     3.78    0.008528    0.007601  (   0.00,   3.78,   0.00)
 |     7 CarbonFiber_50D        6   11.968   0.7500     56.1492     102.4553      0.013     3.79    0.008759    0.007728  (   0.00,   3.79,   0.00)
 |     8 Air                    7   14.784   0.0012  30528.8407   71998.1725      0.026     3.82    0.008760    0.007729  (   0.00,   3.82,   0.00)
 |     9 Silicon               14   28.085   2.3300      9.3661      45.7531      0.005     3.83    0.009294    0.007838  (   0.00,   3.83,   0.00)
 |    10 Air                    7   14.784   0.0012  30528.8407   71998.1725      0.525     4.35    0.009311    0.007845  (   0.00,   4.35,   0.00)
 |    11 Air                    7   14.784   0.0012  30528.8407   71998.1725      0.350     4.70    0.009323    0.007850  (   0.00,   4.70,   0.00)
 |    12 Air                    7   14.784   0.0012  30528.8407   71998.1725      1.750     6.45    0.009380    0.007874  (   0.00,   6.45,   0.00)
 |    13 Air                    7   14.784   0.0012  30528.8407   71998.1725      0.525     6.97    0.009397    0.007882  (   0.00,   6.97,   0.00)
 |    14 Air                    7   14.784   0.0012  30528.8407   71998.1725      0.007     6.98    0.009397    0.007882  (   0.00,   6.98,   0.00)
 |    15 CarbonFiber_50D        6   11.968   0.7500     56.1492     102.4553      0.013     6.99    0.009629    0.008009  (   0.00,   6.99,   0.00)
 |    16 Air                    7   14.784   0.0012  30528.8407   71998.1725      0.025     7.02    0.009630    0.008009  (   0.00,   7.02,   0.00)
 |    17 Silicon               14   28.085   2.3300      9.3661      45.7531      0.005     7.03    0.010164    0.008118  (   0.00,   7.03,   0.00)
 |    18 Air                    7   14.784   0.0012  30528.8407   71998.1725      0.525     7.55    0.010181    0.008126  (   0.00,   7.55,   0.00)
 |    19 Air                    7   14.784   0.0012  30528.8407   71998.1725      7.541    15.09    0.010428    0.008230  (   0.00,  15.09,   0.00)
 |    20 Air                    7   14.784   0.0012  30528.8407   71998.1725      2.186    17.28    0.010499    0.008261  (   0.00,  17.28,   0.00)
 |    21 PEEK                   6   12.213   1.3700     30.3288      56.7278      0.021    17.30    0.011203    0.008637  (   0.00,  17.30,   0.00)
 |    22 CarbonFiber_50D        6   11.968   0.7500     56.1492     102.4553      0.017    17.32    0.011506    0.008803  (   0.00,  17.32,   0.00)
 |    23 Rohacell31_50D         6   12.079   0.0160   2584.8791    4680.4532      0.192    17.51    0.011581    0.008844  (   0.00,  17.51,   0.00)
 |    24 Epoxy                  6   11.888   1.3000     31.5900      54.8420      0.019    17.53    0.012171    0.009184  (   0.00,  17.53,   0.00)
 |    25 CarbonFiber_50D        6   11.968   0.7500     56.1492     102.4553      0.017    17.54    0.012475    0.009351  (   0.00,  17.54,   0.00)
 |    26 Silicon               14   28.085   2.3300      9.3661      45.7531      0.032    17.58    0.015891    0.010050  (   0.00,  17.58,   0.00)
 |    27 Silicon               14   28.085   2.3300      9.3661      45.7531      0.001    17.58    0.015945    0.010061  (   0.00,  17.58,   0.00)
 |    28 Air                    7   14.784   0.0012  30528.8407   71998.1725      0.006    17.58    0.015945    0.010061  (   0.00,  17.58,   0.00)
 |    29 Kapton                 6   12.701   1.4300     28.3749      55.9194      0.004    17.59    0.016088    0.010134  (   0.00,  17.59,   0.00)
 |    30 Air                    7   14.784   0.0012  30528.8407   71998.1725      0.007    17.59    0.016088    0.010134  (   0.00,  17.59,   0.00)
 |    31 Copper                29   63.546   8.9600      1.4356      15.6778      0.000    17.59    0.016371    0.010160  (   0.00,  17.59,   0.00)
 |    32 Air                    7   14.784   0.0012  30528.8407   71998.1725      0.004    17.60    0.016371    0.010160  (   0.00,  17.60,   0.00)
 |    33 Air                    7   14.784   0.0012  30528.8407   71998.1725      4.394    21.99    0.016515    0.010221  (   0.00,  21.99,   0.00)
 |    34 Air                    7   14.784   0.0012  30528.8407   71998.1725      5.593    27.58    0.016698    0.010298  (   0.00,  27.58,   0.00)
 |    35 Air                    7   14.784   0.0012  30528.8407   71998.1725      5.592    33.18    0.016881    0.010376  (   0.00,  33.18,   0.00)
 |    36 Air                    7   14.784   0.0012  30528.8407   71998.1725      4.693    37.87    0.017035    0.010441  (   0.00,  37.87,   0.00)
 |    37 Air                    7   14.784   0.0012  30528.8407   71998.1725      6.000    43.87    0.017231    0.010525  (   0.00,  43.87,   0.00)
 |    38 Air                    7   14.784   0.0012  30528.8407   71998.1725      8.750    52.62    0.017518    0.010646  (   0.00,  52.62,   0.00)
 |    39 CarbonFiber            6   11.968   1.5000     28.0746      51.2277      0.050    52.67    0.019299    0.011622  (   0.00,  52.67,   0.00)
 |    40 Rohacell31_15percent   6   12.079   0.0048   8616.2638   15601.5107      0.807    53.48    0.019393    0.011674  (   0.00,  53.48,   0.00)
 |    41 CarbonFiber            6   11.968   1.5000     28.0746      51.2277      0.050    53.53    0.021174    0.012650  (   0.00,  53.53,   0.00)
 |    42 Air                    7   14.784   0.0012  30528.8407   71998.1725      0.611    54.14    0.021194    0.012658  (   0.00,  54.14,   0.00)
 |    43 PEEK                   6   12.213   1.3700     30.3288      56.7278      0.020    54.16    0.021869    0.013020  (   0.00,  54.16,   0.00)
 |    44 CarbonFiber_50D        6   11.968   0.7500     56.1492     102.4553      0.016    54.17    0.022161    0.013179  (   0.00,  54.17,   0.00)
 |    45 Rohacell31_50D         6   12.079   0.0160   2584.8791    4680.4532      0.184    54.36    0.022232    0.013219  (   0.00,  54.36,   0.00)
 |    46 Epoxy                  6   11.888   1.3000     31.5900      54.8420      0.018    54.38    0.022799    0.013546  (   0.00,  54.38,   0.00)
 |    47 CarbonFiber_50D        6   11.968   0.7500     56.1492     102.4553      0.016    54.39    0.023091    0.013706  (   0.00,  54.39,   0.00)
 |    48 Air                    7   14.784   0.0012  30528.8407   71998.1725      0.031    54.42    0.023092    0.013706  (   0.00,  54.42,   0.00)
 |    49 Silicon               14   28.085   2.3300      9.3661      45.7531      0.000    54.42    0.023145    0.013717  (   0.00,  54.42,   0.00)
 |    50 Air                    7   14.784   0.0012  30528.8407   71998.1725      0.005    54.43    0.023145    0.013717  (   0.00,  54.43,   0.00)
 |    51 Kapton                 6   12.701   1.4300     28.3749      55.9194      0.005    54.43    0.023329    0.013810  (   0.00,  54.43,   0.00)
 |    52 Air                    7   14.784   0.0012  30528.8407   71998.1725      0.006    54.44    0.023329    0.013810  (   0.00,  54.44,   0.00)
 |    53 Copper                29   63.546   8.9600      1.4356      15.6778      0.001    54.44    0.023700    0.013844  (   0.00,  54.44,   0.00)
 |    54 Air                    7   14.784   0.0012  30528.8407   71998.1725      0.004    54.44    0.023700    0.013844  (   0.00,  54.44,   0.00)
 |    55 Air                    7   14.784   0.0012  30528.8407   71998.1725      4.424    58.87    0.023845    0.013906  (   0.00,  58.87,   0.00)
 |    56 Air                    7   14.784   0.0012  30528.8407   71998.1725      8.550    67.42    0.024125    0.014024  (   0.00,  67.42,   0.00)
 |    57 CarbonFiber            6   11.968   1.5000     28.0746      51.2277      0.050    67.47    0.025906    0.015000  (   0.00,  67.47,   0.00)
 |    58 Rohacell31_15percent   6   12.079   0.0048   8616.2638   15601.5107      0.808    68.28    0.026000    0.015052  (   0.00,  68.28,   0.00)
 |    59 CarbonFiber            6   11.968   1.5000     28.0746      51.2277      0.050    68.33    0.027781    0.016028  (   0.00,  68.33,   0.00)
 |    60 Air                    7   14.784   0.0012  30528.8407   71998.1725      0.833    69.16    0.027808    0.016040  (   0.00,  69.16,   0.00)
 |    61 PEEK                   6   12.213   1.3700     30.3288      56.7278      0.020    69.18    0.028479    0.016399  (   0.00,  69.18,   0.00)
 |    62 CarbonFiber_50D        6   11.968   0.7500     56.1492     102.4553      0.016    69.20    0.028769    0.016558  (   0.00,  69.20,   0.00)
 |    63 Rohacell31_50D         6   12.079   0.0160   2584.8791    4680.4532      0.183    69.38    0.028840    0.016597  (   0.00,  69.38,   0.00)
 |    64 Epoxy                  6   11.888   1.3000     31.5900      54.8420      0.018    69.40    0.029404    0.016922  (   0.00,  69.40,   0.00)
 |    65 CarbonFiber_50D        6   11.968   0.7500     56.1492     102.4553      0.016    69.41    0.029694    0.017081  (   0.00,  69.41,   0.00)
 |    66 Silicon               14   28.085   2.3300      9.3661      45.7531      0.031    69.44    0.032955    0.017748  (   0.00,  69.44,   0.00)
 |    67 Silicon               14   28.085   2.3300      9.3661      45.7531      0.000    69.44    0.033007    0.017759  (   0.00,  69.44,   0.00)
 |    68 Air                    7   14.784   0.0012  30528.8407   71998.1725      0.004    69.45    0.033007    0.017759  (   0.00,  69.45,   0.00)
 |    69 Kapton                 6   12.701   1.4300     28.3749      55.9194      0.007    69.46    0.033237    0.017875  (   0.00,  69.46,   0.00)
 |    70 Air                    7   14.784   0.0012  30528.8407   71998.1725      0.005    69.46    0.033237    0.017875  (   0.00,  69.46,   0.00)
 |    71 Copper                29   63.546   8.9600      1.4356      15.6778      0.001    69.46    0.033698    0.017918  (   0.00,  69.46,   0.00)
 |    72 Air                    7   14.784   0.0012  30528.8407   71998.1725      0.004    69.47    0.033698    0.017918  (   0.00,  69.47,   0.00)
 |    73 Air                    7   14.784   0.0012  30528.8407   71998.1725      4.404    73.87    0.033842    0.017979  (   0.00,  73.87,   0.00)
 |    74 Air                    7   14.784   0.0012  30528.8407   71998.1725      2.606    76.47    0.033927    0.018015  (   0.00,  76.47,   0.00)
 |    75 Kapton                 6   12.701   1.4300     28.3749      55.9194      0.030    76.50    0.034985    0.018551  (   0.00,  76.50,   0.00)
 |    76 Polystyrene            6   11.077   1.0320     42.5383      70.1339      0.300    76.80    0.042037    0.022829  (   0.00,  76.80,   0.00)
 |    77 Lead                  82  207.217  11.3500      0.5613      18.2607      0.300    77.10    0.576555    0.039258  (   0.00,  77.10,   0.00)
 |    78 Polystyrene            6   11.077   1.0320     42.5383      70.1339      0.500    77.60    0.588309    0.046387  (   0.00,  77.60,   0.00)
 |    79 Air                    7   14.784   0.0012  30528.8407   71998.1725      0.150    77.75    0.588314    0.046389  (   0.00,  77.75,   0.00)
 |    80 Lead                  82  207.217  11.3500      0.5613      18.2607      0.300    78.05    1.122832    0.062818  (   0.00,  78.05,   0.00)
 |    81 Polystyrene            6   11.077   1.0320     42.5383      70.1339      0.500    78.55    1.134586    0.069947  (   0.00,  78.55,   0.00)
 |    82 Air                    7   14.784   0.0012  30528.8407   71998.1725      0.150    78.70    1.134591    0.069949  (   0.00,  78.70,   0.00)
 |    83 Lead                  82  207.217  11.3500      0.5613      18.2607      0.300    79.00    1.669109    0.086378  (   0.00,  79.00,   0.00)
 |    84 Polystyrene            6   11.077   1.0320     42.5383      70.1339      0.500    79.50    1.680863    0.093507  (   0.00,  79.50,   0.00)
 |    85 Air                    7   14.784   0.0012  30528.8407   71998.1725      0.150    79.65    1.680868    0.093509  (   0.00,  79.65,   0.00)
 |    86 Lead                  82  207.217  11.3500      0.5613      18.2607      0.300    79.95    2.215386    0.109938  (   0.00,  79.95,   0.00)
 |    87 Polystyrene            6   11.077   1.0320     42.5383      70.1339      0.500    80.45    2.227140    0.117067  (   0.00,  80.45,   0.00)
 |    88 Air                    7   14.784   0.0012  30528.8407   71998.1725      0.150    80.60    2.227145    0.117069  (   0.00,  80.60,   0.00)
 |    89 Lead                  82  207.217  11.3500      0.5613      18.2607      0.300    80.90    2.761663    0.133498  (   0.00,  80.90,   0.00)
 |    90 Polystyrene            6   11.077   1.0320     42.5383      70.1339      0.500    81.40    2.773418    0.140627  (   0.00,  81.40,   0.00)
 |    91 Air                    7   14.784   0.0012  30528.8407   71998.1725      0.150    81.55    2.773422    0.140629  (   0.00,  81.55,   0.00)
 |    92 Lead                  82  207.217  11.3500      0.5613      18.2607      0.300    81.85    3.307940    0.157058  (   0.00,  81.85,   0.00)
 |    93 Polystyrene            6   11.077   1.0320     42.5383      70.1339      0.500    82.35    3.319695    0.164187  (   0.00,  82.35,   0.00)
 |    94 Air                    7   14.784   0.0012  30528.8407   71998.1725      0.150    82.50    3.319700    0.164189  (   0.00,  82.50,   0.00)
 |    95 Lead                  82  207.217  11.3500      0.5613      18.2607      0.300    82.80    3.854218    0.180618  (   0.00,  82.80,   0.00)
 |    96 Polystyrene            6   11.077   1.0320     42.5383      70.1339      0.500    83.30    3.865972    0.187747  (   0.00,  83.30,   0.00)
 |    97 Air                    7   14.784   0.0012  30528.8407   71998.1725      0.150    83.45    3.865977    0.187749  (   0.00,  83.45,   0.00)
 |    98 Lead                  82  207.217  11.3500      0.5613      18.2607      0.300    83.75    4.400495    0.204178  (   0.00,  83.75,   0.00)
 |    99 Polystyrene            6   11.077   1.0320     42.5383      70.1339      0.500    84.25    4.412249    0.211307  (   0.00,  84.25,   0.00)
 |   100 Air                    7   14.784   0.0012  30528.8407   71998.1725      0.150    84.40    4.412254    0.211309  (   0.00,  84.40,   0.00)
 |   101 Lead                  82  207.217  11.3500      0.5613      18.2607      0.300    84.70    4.946772    0.227738  (   0.00,  84.70,   0.00)
 |   102 Polystyrene            6   11.077   1.0320     42.5383      70.1339      0.500    85.20    4.958526    0.234867  (   0.00,  85.20,   0.00)
 |   103 Air                    7   14.784   0.0012  30528.8407   71998.1725      0.150    85.35    4.958531    0.234869  (   0.00,  85.35,   0.00)
 |   104 Lead                  82  207.217  11.3500      0.5613      18.2607      0.400    85.75    5.671221    0.256774  (   0.00,  85.75,   0.00)
 |   105 Polystyrene            6   11.077   1.0320     42.5383      70.1339      0.500    86.25    5.682976    0.263904  (   0.00,  86.25,   0.00)
 |   106 Air                    7   14.784   0.0012  30528.8407   71998.1725      0.150    86.40    5.682980    0.263906  (   0.00,  86.40,   0.00)
 |   107 Lead                  82  207.217  11.3500      0.5613      18.2607      0.400    86.80    6.395671    0.285811  (   0.00,  86.80,   0.00)
 |   108 Polystyrene            6   11.077   1.0320     42.5383      70.1339      0.500    87.30    6.407425    0.292940  (   0.00,  87.30,   0.00)
 |   109 Air                    7   14.784   0.0012  30528.8407   71998.1725      0.150    87.45    6.407430    0.292942  (   0.00,  87.45,   0.00)
 |   110 Lead                  82  207.217  11.3500      0.5613      18.2607      0.400    87.85    7.120121    0.314847  (   0.00,  87.85,   0.00)
 |   111 Polystyrene            6   11.077   1.0320     42.5383      70.1339      0.500    88.35    7.131875    0.321976  (   0.00,  88.35,   0.00)
 |   112 Air                    7   14.784   0.0012  30528.8407   71998.1725      0.150    88.50    7.131880    0.321978  (   0.00,  88.50,   0.00)
 |   113 Lead                  82  207.217  11.3500      0.5613      18.2607      0.400    88.90    7.844571    0.343883  (   0.00,  88.90,   0.00)
 |   114 Polystyrene            6   11.077   1.0320     42.5383      70.1339      0.500    89.40    7.856325    0.351012  (   0.00,  89.40,   0.00)
 |   115 Air                    7   14.784   0.0012  30528.8407   71998.1725      0.150    89.55    7.856330    0.351014  (   0.00,  89.55,   0.00)
 |   116 Lead                  82  207.217  11.3500      0.5613      18.2607      0.400    89.95    8.569020    0.372919  (   0.00,  89.95,   0.00)
 |   117 Polystyrene            6   11.077   1.0320     42.5383      70.1339      0.500    90.45    8.580775    0.380049  (   0.00,  90.45,   0.00)
 |   118 Air                    7   14.784   0.0012  30528.8407   71998.1725      0.150    90.60    8.580780    0.380051  (   0.00,  90.60,   0.00)
 |   119 Lead                  82  207.217  11.3500      0.5613      18.2607      0.400    91.00    9.293470    0.401956  (   0.00,  91.00,   0.00)
 |   120 Polystyrene            6   11.077   1.0320     42.5383      70.1339      0.500    91.50    9.305224    0.409085  (   0.00,  91.50,   0.00)
 |   121 Air                    7   14.784   0.0012  30528.8407   71998.1725      0.150    91.65    9.305229    0.409087  (   0.00,  91.65,   0.00)
 |   122 Lead                  82  207.217  11.3500      0.5613      18.2607      0.400    92.05   10.017920    0.430992  (   0.00,  92.05,   0.00)
 |   123 Polystyrene            6   11.077   1.0320     42.5383      70.1339      0.500    92.55   10.029674    0.438121  (   0.00,  92.55,   0.00)
 |   124 Air                    7   14.784   0.0012  30528.8407   71998.1725      0.150    92.70   10.029679    0.438123  (   0.00,  92.70,   0.00)
 |   125 Lead                  82  207.217  11.3500      0.5613      18.2607      0.400    93.10   10.742370    0.460028  (   0.00,  93.10,   0.00)
 |   126 Polystyrene            6   11.077   1.0320     42.5383      70.1339      0.500    93.60   10.754124    0.467157  (   0.00,  93.60,   0.00)
 |   127 Air                    7   14.784   0.0012  30528.8407   71998.1725      0.150    93.75   10.754129    0.467160  (   0.00,  93.75,   0.00)
 |   128 Lead                  82  207.217  11.3500      0.5613      18.2607      0.400    94.15   11.466820    0.489064  (   0.00,  94.15,   0.00)
 |   129 Polystyrene            6   11.077   1.0320     42.5383      70.1339      0.500    94.65   11.478574    0.496194  (   0.00,  94.65,   0.00)
 |   130 Air                    7   14.784   0.0012  30528.8407   71998.1725      0.150    94.80   11.478579    0.496196  (   0.00,  94.80,   0.00)
 |   131 Lead                  82  207.217  11.3500      0.5613      18.2607      0.400    95.20   12.191269    0.518101  (   0.00,  95.20,   0.00)
 |   132 Polystyrene            6   11.077   1.0320     42.5383      70.1339      0.500    95.70   12.203023    0.525230  (   0.00,  95.70,   0.00)
 |   133 Air                    7   14.784   0.0012  30528.8407   71998.1725      0.150    95.85   12.203028    0.525232  (   0.00,  95.85,   0.00)
 |   134 Lead                  82  207.217  11.3500      0.5613      18.2607      0.400    96.25   12.915719    0.547137  (   0.00,  96.25,   0.00)
 |   135 Polystyrene            6   11.077   1.0320     42.5383      70.1339      0.500    96.75   12.927473    0.554266  (   0.00,  96.75,   0.00)
 |   136 Air                    7   14.784   0.0012  30528.8407   71998.1725      0.150    96.90   12.927478    0.554268  (   0.00,  96.90,   0.00)
 |   137 Lead                  82  207.217  11.3500      0.5613      18.2607      0.400    97.30   13.640169    0.576173  (   0.00,  97.30,   0.00)
 |   138 Polystyrene            6   11.077   1.0320     42.5383      70.1339      0.500    97.80   13.651923    0.583303  (   0.00,  97.80,   0.00)
 |   139 Air                    7   14.784   0.0012  30528.8407   71998.1725      0.150    97.95   13.651928    0.583305  (   0.00,  97.95,   0.00)
 |   140 Lead                  82  207.217  11.3500      0.5613      18.2607      0.400    98.35   14.364619    0.605210  (   0.00,  98.35,   0.00)
 |   141 Polystyrene            6   11.077   1.0320     42.5383      70.1339      0.500    98.85   14.376373    0.612339  (   0.00,  98.85,   0.00)
 |   142 Air                    7   14.784   0.0012  30528.8407   71998.1725      0.150    99.00   14.376378    0.612341  (   0.00,  99.00,   0.00)
 |   143 Lead                  82  207.217  11.3500      0.5613      18.2607      0.400    99.40   15.089068    0.634246  (   0.00,  99.40,   0.00)
 |   144 Polystyrene            6   11.077   1.0320     42.5383      70.1339      0.500    99.90   15.100822    0.641375  (   0.00,  99.90,   0.00)
 |   145 Air                    7   14.784   0.0012  30528.8407   71998.1725      0.150   100.05   15.100827    0.641377  (   0.00, 100.05,   0.00)
 |   146 Lead                  82  207.217  11.3500      0.5613      18.2607      0.600   100.65   16.169863    0.674235  (   0.00, 100.65,   0.00)
 |   147 Polystyrene            6   11.077   1.0320     42.5383      70.1339      0.500   101.15   16.181618    0.681364  (   0.00, 101.15,   0.00)
 |   148 Air                    7   14.784   0.0012  30528.8407   71998.1725      0.150   101.30   16.181622    0.681366  (   0.00, 101.30,   0.00)
 |   149 Lead                  82  207.217  11.3500      0.5613      18.2607      0.600   101.90   17.250659    0.714223  (   0.00, 101.90,   0.00)
 |   150 Polystyrene            6   11.077   1.0320     42.5383      70.1339      0.500   102.40   17.262413    0.721353  (   0.00, 102.40,   0.00)
 |   151 Air                    7   14.784   0.0012  30528.8407   71998.1725      0.150   102.55   17.262418    0.721355  (   0.00, 102.55,   0.00)
 |   152 Lead                  82  207.217  11.3500      0.5613      18.2607      0.600   103.15   18.331454    0.754212  (   0.00, 103.15,   0.00)
 |   153 Polystyrene            6   11.077   1.0320     42.5383      70.1339      0.500   103.65   18.343208    0.761341  (   0.00, 103.65,   0.00)
 |   154 Air                    7   14.784   0.0012  30528.8407   71998.1725      0.150   103.80   18.343213    0.761343  (   0.00, 103.80,   0.00)
 |   155 Lead                  82  207.217  11.3500      0.5613      18.2607      0.600   104.40   19.412249    0.794201  (   0.00, 104.40,   0.00)
 |   156 Polystyrene            6   11.077   1.0320     42.5383      70.1339      0.500   104.90   19.424003    0.801330  (   0.00, 104.90,   0.00)
 |   157 Air                    7   14.784   0.0012  30528.8407   71998.1725      0.150   105.05   19.424008    0.801332  (   0.00, 105.05,   0.00)
 |   158 Lead                  82  207.217  11.3500      0.5613      18.2607      0.600   105.65   20.493044    0.834190  (   0.00, 105.65,   0.00)
 |   159 Polystyrene            6   11.077   1.0320     42.5383      70.1339      0.500   106.15   20.504798    0.841319  (   0.00, 106.15,   0.00)
 |   160 Air                    7   14.784   0.0012  30528.8407   71998.1725      0.150   106.30   20.504803    0.841321  (   0.00, 106.30,   0.00)
 |   161 Lead                  82  207.217  11.3500      0.5613      18.2607      0.600   106.90   21.573839    0.874178  (   0.00, 106.90,   0.00)
 |   162 Polystyrene            6   11.077   1.0320     42.5383      70.1339      0.500   107.40   21.585593    0.881308  (   0.00, 107.40,   0.00)
 |   163 Air                    7   14.784   0.0012  30528.8407   71998.1725      0.150   107.55   21.585598    0.881310  (   0.00, 107.55,   0.00)
 |   164 Lead                  82  207.217  11.3500      0.5613      18.2607      0.600   108.15   22.654634    0.914167  (   0.00, 108.15,   0.00)
 |   165 Polystyrene            6   11.077   1.0320     42.5383      70.1339      0.500   108.65   22.666388    0.921296  (   0.00, 108.65,   0.00)
 |   166 Air                    7   14.784   0.0012  30528.8407   71998.1725      0.150   108.80   22.666393    0.921298  (   0.00, 108.80,   0.00)
 |   167 Lead                  82  207.217  11.3500      0.5613      18.2607      0.600   109.40   23.735429    0.954156  (   0.00, 109.40,   0.00)
 |   168 Polystyrene            6   11.077   1.0320     42.5383      70.1339      0.500   109.90   23.747183    0.961285  (   0.00, 109.90,   0.00)
 |   169 Air                    7   14.784   0.0012  30528.8407   71998.1725      0.150   110.05   23.747188    0.961287  (   0.00, 110.05,   0.00)
 |   170 Lead                  82  207.217  11.3500      0.5613      18.2607      0.600   110.65   24.816224    0.994145  (   0.00, 110.65,   0.00)
 |   171 Polystyrene            6   11.077   1.0320     42.5383      70.1339      0.500   111.15   24.827978    1.001274  (   0.00, 111.15,   0.00)
 |   172 Air                    7   14.784   0.0012  30528.8407   71998.1725      0.150   111.30   24.827983    1.001276  (   0.00, 111.30,   0.00)
 |   173 Lead                  82  207.217  11.3500      0.5613      18.2607      0.600   111.90   25.897019    1.034133  (   0.00, 111.90,   0.00)
 |   174 Polystyrene            6   11.077   1.0320     42.5383      70.1339      0.500   112.40   25.908774    1.041263  (   0.00, 112.40,   0.00)
 |   175 Air                    7   14.784   0.0012  30528.8407   71998.1725      0.150   112.55   25.908778    1.041265  (   0.00, 112.55,   0.00)
 |   176 Lead                  82  207.217  11.3500      0.5613      18.2607      0.600   113.15   26.977815    1.074122  (   0.00, 113.15,   0.00)
 |   177 Polystyrene            6   11.077   1.0320     42.5383      70.1339      0.500   113.65   26.989569    1.081251  (   0.00, 113.65,   0.00)
 |   178 Air                    7   14.784   0.0012  30528.8407   71998.1725      0.150   113.80   26.989574    1.081254  (   0.00, 113.80,   0.00)
 |   179 Lead                  82  207.217  11.3500      0.5613      18.2607      0.600   114.40   28.058610    1.114111  (   0.00, 114.40,   0.00)
 |   180 Polystyrene            6   11.077   1.0320     42.5383      70.1339      0.500   114.90   28.070364    1.121240  (   0.00, 114.90,   0.00)
 |   181 Air                    7   14.784   0.0012  30528.8407   71998.1725      0.150   115.05   28.070369    1.121242  (   0.00, 115.05,   0.00)
 |   182 Lead                  82  207.217  11.3500      0.5613      18.2607      0.600   115.65   29.139405    1.154100  (   0.00, 115.65,   0.00)
 |   183 Polystyrene            6   11.077   1.0320     42.5383      70.1339      0.500   116.15   29.151159    1.161229  (   0.00, 116.15,   0.00)
 |   184 Air                    7   14.784   0.0012  30528.8407   71998.1725      0.150   116.30   29.151164    1.161231  (   0.00, 116.30,   0.00)
 |   185 Lead                  82  207.217  11.3500      0.5613      18.2607      0.600   116.90   30.220200    1.194088  (   0.00, 116.90,   0.00)
 |   186 Polystyrene            6   11.077   1.0320     42.5383      70.1339      0.500   117.40   30.231954    1.201218  (   0.00, 117.40,   0.00)
 |   187 Air                    7   14.784   0.0012  30528.8407   71998.1725      0.150   117.55   30.231959    1.201220  (   0.00, 117.55,   0.00)
 |   188 Air                    7   14.784   0.0012  30528.8407   71998.1725      5.889   123.44   30.232152    1.201302  (   0.00, 123.44,   0.00)
 |   189 Aluminum              13   26.982   2.6990      8.8963      39.8672      3.000   126.44   30.569370    1.276551  (   0.00, 126.44,   0.00)
 |   190 Vacuum                 7   14.784   0.0000 3.66346e+11  8.63978e+11      1.500   127.94   30.569370    1.276551  (   0.00, 127.94,   0.00)
 |   191 Aluminum              13   26.982   2.6990      8.8963      39.8672      3.000   130.94   30.906588    1.351801  (   0.00, 130.94,   0.00)
 |   192 Air                    7   14.784   0.0012  30528.8407   71998.1725      2.000   132.94   30.906654    1.351829  (   0.00, 132.94,   0.00)
 |   193 Aluminum              13   26.982   2.6990      8.8963      39.8672      6.000   138.94   31.581090    1.502329  (   0.00, 138.94,   0.00)
 |   194 Aluminum              13   26.982   2.6990      8.8963      39.8672      5.000   143.94   32.143120    1.627745  (   0.00, 143.94,   0.00)
 |   195 Air                    7   14.784   0.0012  30528.8407   71998.1725      6.500   150.44   32.143333    1.627835  (   0.00, 150.44,   0.00)
 |   196 Aluminum              13   26.982   2.6990      8.8963      39.8672      1.500   151.94   32.311942    1.665460  (   0.00, 151.94,   0.00)
 |   197 Aluminum              13   26.982   2.6990      8.8963      39.8672      3.000   154.94   32.649161    1.740710  (   0.00, 154.94,   0.00)
 |   198 Vacuum                 7   14.784   0.0000 3.66346e+11  8.63978e+11      3.000   157.94   32.649161    1.740710  (   0.00, 157.94,   0.00)
 |   199 Aluminum              13   26.982   2.6990      8.8963      39.8672      4.000   161.94   33.098785    1.841043  (   0.00, 161.94,   0.00)
 |   200 Air                    7   14.784   0.0012  30528.8407   71998.1725      0.500   162.44   33.098801    1.841050  (   0.00, 162.44,   0.00)
 |   201 Steel235              26   55.757   7.8500      1.7653      17.1928      2.200   164.64   34.345082    1.969011  (   0.00, 164.64,   0.00)
 |   202 Polystyrene            6   11.077   1.0320     42.5383      70.1339      0.500   165.14   34.356836    1.976140  (   0.00, 165.14,   0.00)
 |   203 Air                    7   14.784   0.0012  30528.8407   71998.1725      0.150   165.29   34.356841    1.976142  (   0.00, 165.29,   0.00)
 |   204 Steel235              26   55.757   7.8500      1.7653      17.1928      2.200   167.49   35.603121    2.104102  (   0.00, 167.49,   0.00)
 |   205 Polystyrene            6   11.077   1.0320     42.5383      70.1339      0.500   167.99   35.614875    2.111232  (   0.00, 167.99,   0.00)
 |   206 Air                    7   14.784   0.0012  30528.8407   71998.1725      0.150   168.14   35.614880    2.111234  (   0.00, 168.14,   0.00)
 |   207 Steel235              26   55.757   7.8500      1.7653      17.1928      2.200   170.34   36.861161    2.239194  (   0.00, 170.34,   0.00)
 |   208 Polystyrene            6   11.077   1.0320     42.5383      70.1339      0.500   170.84   36.872915    2.246323  (   0.00, 170.84,   0.00)
 |   209 Air                    7   14.784   0.0012  30528.8407   71998.1725      0.150   170.99   36.872920    2.246325  (   0.00, 170.99,   0.00)
 |   210 Steel235              26   55.757   7.8500      1.7653      17.1928      2.200   173.19   38.119200    2.374286  (   0.00, 173.19,   0.00)
 |   211 Polystyrene            6   11.077   1.0320     42.5383      70.1339      0.500   173.69   38.130955    2.381415  (   0.00, 173.69,   0.00)
 |   212 Air                    7   14.784   0.0012  30528.8407   71998.1725      0.150   173.84   38.130959    2.381417  (   0.00, 173.84,   0.00)
 |   213 Steel235              26   55.757   7.8500      1.7653      17.1928      2.200   176.04   39.377240    2.509378  (   0.00, 176.04,   0.00)
 |   214 Polystyrene            6   11.077   1.0320     42.5383      70.1339      0.500   176.54   39.388994    2.516507  (   0.00, 176.54,   0.00)
 |   215 Air                    7   14.784   0.0012  30528.8407   71998.1725      0.150   176.69   39.388999    2.516509  (   0.00, 176.69,   0.00)
 |   216 Steel235              26   55.757   7.8500      1.7653      17.1928      2.200   178.89   40.635280    2.644469  (   0.00, 178.89,   0.00)
 |   217 Polystyrene            6   11.077   1.0320     42.5383      70.1339      0.500   179.39   40.647034    2.651599  (   0.00, 179.39,   0.00)
 |   218 Air                    7   14.784   0.0012  30528.8407   71998.1725      0.150   179.54   40.647039    2.651601  (   0.00, 179.54,   0.00)
 |   219 Steel235              26   55.757   7.8500      1.7653      17.1928      2.200   181.74   41.893319    2.779561  (   0.00, 181.74,   0.00)
 |   220 Polystyrene            6   11.077   1.0320     42.5383      70.1339      0.500   182.24   41.905073    2.786690  (   0.00, 182.24,   0.00)
 |   221 Air                    7   14.784   0.0012  30528.8407   71998.1725      0.150   182.39   41.905078    2.786692  (   0.00, 182.39,   0.00)
 |   222 Steel235              26   55.757   7.8500      1.7653      17.1928      2.200   184.59   43.151359    2.914653  (   0.00, 184.59,   0.00)
 |   223 Polystyrene            6   11.077   1.0320     42.5383      70.1339      0.500   185.09   43.163113    2.921782  (   0.00, 185.09,   0.00)
 |   224 Air                    7   14.784   0.0012  30528.8407   71998.1725      0.150   185.24   43.163118    2.921784  (   0.00, 185.24,   0.00)
 |   225 Steel235              26   55.757   7.8500      1.7653      17.1928      2.500   187.74   44.579346    3.067194  (   0.00, 187.74,   0.00)
 |   226 Polystyrene            6   11.077   1.0320     42.5383      70.1339      0.500   188.24   44.591100    3.074323  (   0.00, 188.24,   0.00)
 |   227 Air                    7   14.784   0.0012  30528.8407   71998.1725      0.150   188.39   44.591105    3.074325  (   0.00, 188.39,   0.00)
 |   228 Steel235              26   55.757   7.8500      1.7653      17.1928      2.500   190.89   46.007333    3.219735  (   0.00, 190.89,   0.00)
 |   229 Polystyrene            6   11.077   1.0320     42.5383      70.1339      0.500   191.39   46.019087    3.226864  (   0.00, 191.39,   0.00)
 |   230 Air                    7   14.784   0.0012  30528.8407   71998.1725      0.150   191.54   46.019092    3.226866  (   0.00, 191.54,   0.00)
 |   231 Steel235              26   55.757   7.8500      1.7653      17.1928      2.500   194.04   47.435320    3.372275  (   0.00, 194.04,   0.00)
 |   232 Polystyrene            6   11.077   1.0320     42.5383      70.1339      0.500   194.54   47.447074    3.379405  (   0.00, 194.54,   0.00)
 |   233 Air                    7   14.784   0.0012  30528.8407   71998.1725      0.150   194.69   47.447079    3.379407  (   0.00, 194.69,   0.00)
 |   234 Steel235              26   55.757   7.8500      1.7653      17.1928      2.500   197.19   48.863306    3.524816  (   0.00, 197.19,   0.00)
 |   235 Polystyrene            6   11.077   1.0320     42.5383      70.1339      0.500   197.69   48.875061    3.531946  (   0.00, 197.69,   0.00)
 |   236 Air                    7   14.784   0.0012  30528.8407   71998.1725      0.150   197.84   48.875065    3.531948  (   0.00, 197.84,   0.00)
 |   237 Steel235              26   55.757   7.8500      1.7653      17.1928      2.500   200.34   50.291293    3.677357  (   0.00, 200.34,   0.00)
 |   238 Polystyrene            6   11.077   1.0320     42.5383      70.1339      0.500   200.84   50.303048    3.684486  (   0.00, 200.84,   0.00)
 |   239 Air                    7   14.784   0.0012  30528.8407   71998.1725      0.150   200.99   50.303052    3.684488  (   0.00, 200.99,   0.00)
 |   240 Steel235              26   55.757   7.8500      1.7653      17.1928      2.500   203.49   51.719280    3.829898  (   0.00, 203.49,   0.00)
 |   241 Polystyrene            6   11.077   1.0320     42.5383      70.1339      0.500   203.99   51.731034    3.837027  (   0.00, 203.99,   0.00)
 |   242 Air                    7   14.784   0.0012  30528.8407   71998.1725      0.150   204.14   51.731039    3.837029  (   0.00, 204.14,   0.00)
 |   243 Steel235              26   55.757   7.8500      1.7653      17.1928      2.500   206.64   53.147267    3.982439  (   0.00, 206.64,   0.00)
 |   244 Polystyrene            6   11.077   1.0320     42.5383      70.1339      0.500   207.14   53.159021    3.989568  (   0.00, 207.14,   0.00)
 |   245 Air                    7   14.784   0.0012  30528.8407   71998.1725      0.150   207.29   53.159026    3.989570  (   0.00, 207.29,   0.00)
 |   246 Steel235              26   55.757   7.8500      1.7653      17.1928      2.500   209.79   54.575254    4.134980  (   0.00, 209.79,   0.00)
 |   247 Polystyrene            6   11.077   1.0320     42.5383      70.1339      0.500   210.29   54.587008    4.142109  (   0.00, 210.29,   0.00)
 |   248 Air                    7   14.784   0.0012  30528.8407   71998.1725      0.150   210.44   54.587013    4.142111  (   0.00, 210.44,   0.00)
 |   249 Steel235              26   55.757   7.8500      1.7653      17.1928      2.500   212.94   56.003241    4.287521  (   0.00, 212.94,   0.00)
 |   250 Polystyrene            6   11.077   1.0320     42.5383      70.1339      0.500   213.44   56.014995    4.294650  (   0.00, 213.44,   0.00)
 |   251 Air                    7   14.784   0.0012  30528.8407   71998.1725      0.150   213.59   56.015000    4.294652  (   0.00, 213.59,   0.00)
 |   252 Steel235              26   55.757   7.8500      1.7653      17.1928      2.500   216.09   57.431228    4.440062  (   0.00, 216.09,   0.00)
 |   253 Polystyrene            6   11.077   1.0320     42.5383      70.1339      0.500   216.59   57.442982    4.447191  (   0.00, 216.59,   0.00)
 |   254 Air                    7   14.784   0.0012  30528.8407   71998.1725      0.150   216.74   57.442987    4.447193  (   0.00, 216.74,   0.00)
 |   255 Steel235              26   55.757   7.8500      1.7653      17.1928      2.500   219.24   58.859215    4.592602  (   0.00, 219.24,   0.00)
 |   256 Polystyrene            6   11.077   1.0320     42.5383      70.1339      0.500   219.74   58.870969    4.599732  (   0.00, 219.74,   0.00)
 |   257 Air                    7   14.784   0.0012  30528.8407   71998.1725      0.150   219.89   58.870974    4.599734  (   0.00, 219.89,   0.00)
 |   258 Steel235              26   55.757   7.8500      1.7653      17.1928      2.500   222.39   60.287202    4.745143  (   0.00, 222.39,   0.00)
 |   259 Polystyrene            6   11.077   1.0320     42.5383      70.1339      0.500   222.89   60.298956    4.752273  (   0.00, 222.89,   0.00)
 |   260 Air                    7   14.784   0.0012  30528.8407   71998.1725      0.150   223.04   60.298961    4.752275  (   0.00, 223.04,   0.00)
 |   261 Steel235              26   55.757   7.8500      1.7653      17.1928      2.500   225.54   61.715189    4.897684  (   0.00, 225.54,   0.00)
 |   262 Polystyrene            6   11.077   1.0320     42.5383      70.1339      0.500   226.04   61.726943    4.904813  (   0.00, 226.04,   0.00)
 |   263 Air                    7   14.784   0.0012  30528.8407   71998.1725      0.150   226.19   61.726948    4.904816  (   0.00, 226.19,   0.00)
 |   264 Steel235              26   55.757   7.8500      1.7653      17.1928      2.500   228.69   63.143176    5.050225  (   0.00, 228.69,   0.00)
 |   265 Polystyrene            6   11.077   1.0320     42.5383      70.1339      0.500   229.19   63.154930    5.057354  (   0.00, 229.19,   0.00)
 |   266 Air                    7   14.784   0.0012  30528.8407   71998.1725      0.150   229.34   63.154935    5.057356  (   0.00, 229.34,   0.00)
 |   267 Steel235              26   55.757   7.8500      1.7653      17.1928      2.500   231.84   64.571163    5.202766  (   0.00, 231.84,   0.00)
 |   268 Polystyrene            6   11.077   1.0320     42.5383      70.1339      0.500   232.34   64.582917    5.209895  (   0.00, 232.34,   0.00)
 |   269 Air                    7   14.784   0.0012  30528.8407   71998.1725      0.150   232.49   64.582922    5.209897  (   0.00, 232.49,   0.00)
 |   270 Steel235              26   55.757   7.8500      1.7653      17.1928      2.500   234.99   65.999150    5.355307  (   0.00, 234.99,   0.00)
 |   271 Polystyrene            6   11.077   1.0320     42.5383      70.1339      0.500   235.49   66.010904    5.362436  (   0.00, 235.49,   0.00)
 |   272 Air                    7   14.784   0.0012  30528.8407   71998.1725      0.150   235.64   66.010909    5.362438  (   0.00, 235.64,   0.00)
 |   273 Steel235              26   55.757   7.8500      1.7653      17.1928      3.000   238.64   67.710382    5.536930  (   0.00, 238.64,   0.00)
 |   274 Polystyrene            6   11.077   1.0320     42.5383      70.1339      0.500   239.14   67.722136    5.544059  (   0.00, 239.14,   0.00)
 |   275 Air                    7   14.784   0.0012  30528.8407   71998.1725      0.150   239.29   67.722141    5.544061  (   0.00, 239.29,   0.00)
 |   276 Steel235              26   55.757   7.8500      1.7653      17.1928      3.000   242.29   69.421615    5.718553  (   0.00, 242.29,   0.00)
 |   277 Polystyrene            6   11.077   1.0320     42.5383      70.1339      0.500   242.79   69.433369    5.725682  (   0.00, 242.79,   0.00)
 |   278 Air                    7   14.784   0.0012  30528.8407   71998.1725      0.150   242.94   69.433374    5.725684  (   0.00, 242.94,   0.00)
 |   279 Steel235              26   55.757   7.8500      1.7653      17.1928      3.000   245.94   71.132847    5.900175  (   0.00, 245.94,   0.00)
 |   280 Polystyrene            6   11.077   1.0320     42.5383      70.1339      0.500   246.44   71.144601    5.907305  (   0.00, 246.44,   0.00)
 |   281 Air                    7   14.784   0.0012  30528.8407   71998.1725      0.150   246.59   71.144606    5.907307  (   0.00, 246.59,   0.00)
 |   282 Steel235              26   55.757   7.8500      1.7653      17.1928      3.000   249.59   72.844080    6.081798  (   0.00, 249.59,   0.00)
 |   283 Polystyrene            6   11.077   1.0320     42.5383      70.1339      0.500   250.09   72.855834    6.088927  (   0.00, 250.09,   0.00)
 |   284 Air                    7   14.784   0.0012  30528.8407   71998.1725      0.150   250.24   72.855839    6.088929  (   0.00, 250.24,   0.00)
 |   285 Steel235              26   55.757   7.8500      1.7653      17.1928      3.000   253.24   74.555312    6.263421  (   0.00, 253.24,   0.00)
 |   286 Polystyrene            6   11.077   1.0320     42.5383      70.1339      0.500   253.74   74.567066    6.270550  (   0.00, 253.74,   0.00)
 |   287 Air                    7   14.784   0.0012  30528.8407   71998.1725      0.150   253.89   74.567071    6.270552  (   0.00, 253.89,   0.00)
 |   288 Steel235              26   55.757   7.8500      1.7653      17.1928      3.000   256.89   76.266545    6.445044  (   0.00, 256.89,   0.00)
 |   289 Polystyrene            6   11.077   1.0320     42.5383      70.1339      0.500   257.39   76.278299    6.452173  (   0.00, 257.39,   0.00)
 |   290 Air                    7   14.784   0.0012  30528.8407   71998.1725      0.150   257.54   76.278304    6.452175  (   0.00, 257.54,   0.00)
 |   291 Steel235              26   55.757   7.8500      1.7653      17.1928      3.000   260.54   77.977777    6.626666  (   0.00, 260.54,   0.00)
 |   292 Polystyrene            6   11.077   1.0320     42.5383      70.1339      0.500   261.04   77.989531    6.633796  (   0.00, 261.04,   0.00)
 |   293 Air                    7   14.784   0.0012  30528.8407   71998.1725      0.150   261.19   77.989536    6.633798  (   0.00, 261.19,   0.00)
 |   294 Steel235              26   55.757   7.8500      1.7653      17.1928      3.000   264.19   79.689010    6.808289  (   0.00, 264.19,   0.00)
 |   295 Polystyrene            6   11.077   1.0320     42.5383      70.1339      0.500   264.69   79.700764    6.815419  (   0.00, 264.69,   0.00)
 |   296 Air                    7   14.784   0.0012  30528.8407   71998.1725      0.150   264.84   79.700769    6.815421  (   0.00, 264.84,   0.00)
 |   297 Steel235              26   55.757   7.8500      1.7653      17.1928      3.000   267.84   81.400242    6.989912  (   0.00, 267.84,   0.00)
 |   298 Polystyrene            6   11.077   1.0320     42.5383      70.1339      0.500   268.34   81.411996    6.997041  (   0.00, 268.34,   0.00)
 |   299 Air                    7   14.784   0.0012  30528.8407   71998.1725      0.150   268.49   81.412001    6.997043  (   0.00, 268.49,   0.00)
 |   300 Steel235              26   55.757   7.8500      1.7653      17.1928      3.000   271.49   83.111475    7.171535  (   0.00, 271.49,   0.00)
 |   301 Polystyrene            6   11.077   1.0320     42.5383      70.1339      0.500   271.99   83.123229    7.178664  (   0.00, 271.99,   0.00)
 |   302 Air                    7   14.784   0.0012  30528.8407   71998.1725      0.150   272.14   83.123234    7.178666  (   0.00, 272.14,   0.00)
 |   303 Steel235              26   55.757   7.8500      1.7653      17.1928      3.000   275.14   84.822707    7.353158  (   0.00, 275.14,   0.00)
 |   304 Polystyrene            6   11.077   1.0320     42.5383      70.1339      0.500   275.64   84.834461    7.360287  (   0.00, 275.64,   0.00)
 |   305 Air                    7   14.784   0.0012  30528.8407   71998.1725      0.150   275.79   84.834466    7.360289  (   0.00, 275.79,   0.00)
 |   306 Steel235              26   55.757   7.8500      1.7653      17.1928      3.000   278.79   86.533940    7.534780  (   0.00, 278.79,   0.00)
 |   307 Polystyrene            6   11.077   1.0320     42.5383      70.1339      0.500   279.29   86.545694    7.541910  (   0.00, 279.29,   0.00)
 |   308 Air                    7   14.784   0.0012  30528.8407   71998.1725      0.150   279.44   86.545699    7.541912  (   0.00, 279.44,   0.00)
 |   309 Steel235              26   55.757   7.8500      1.7653      17.1928      3.000   282.44   88.245172    7.716403  (   0.00, 282.44,   0.00)
 |   310 Polystyrene            6   11.077   1.0320     42.5383      70.1339      0.500   282.94   88.256926    7.723533  (   0.00, 282.94,   0.00)
 |   311 Air                    7   14.784   0.0012  30528.8407   71998.1725      0.150   283.09   88.256931    7.723535  (   0.00, 283.09,   0.00)
 |   312 Steel235              26   55.757   7.8500      1.7653      17.1928      3.000   286.09   89.956405    7.898026  (   0.00, 286.09,   0.00)
 |   313 Polystyrene            6   11.077   1.0320     42.5383      70.1339      0.500   286.59   89.968159    7.905155  (   0.00, 286.59,   0.00)
 |   314 Air                    7   14.784   0.0012  30528.8407   71998.1725      0.150   286.74   89.968164    7.905157  (   0.00, 286.74,   0.00)
 |   315 Steel235              26   55.757   7.8500      1.7653      17.1928      3.000   289.74   91.667637    8.079649  (   0.00, 289.74,   0.00)
 |   316 Polystyrene            6   11.077   1.0320     42.5383      70.1339      0.500   290.24   91.679391    8.086778  (   0.00, 290.24,   0.00)
 |   317 Air                    7   14.784   0.0012  30528.8407   71998.1725      0.150   290.39   91.679396    8.086780  (   0.00, 290.39,   0.00)
 |   318 Steel235              26   55.757   7.8500      1.7653      17.1928      3.000   293.39   93.378870    8.261272  (   0.00, 293.39,   0.00)
 |   319 Polystyrene            6   11.077   1.0320     42.5383      70.1339      0.500   293.89   93.390624    8.268401  (   0.00, 293.89,   0.00)
 |   320 Air                    7   14.784   0.0012  30528.8407   71998.1725      0.150   294.04   93.390629    8.268403  (   0.00, 294.04,   0.00)
 |   321 Steel235              26   55.757   7.8500      1.7653      17.1928      3.000   297.04   95.090102    8.442894  (   0.00, 297.04,   0.00)
 |   322 Polystyrene            6   11.077   1.0320     42.5383      70.1339      0.500   297.54   95.101856    8.450024  (   0.00, 297.54,   0.00)
 |   323 Air                    7   14.784   0.0012  30528.8407   71998.1725      0.150   297.69   95.101861    8.450026  (   0.00, 297.69,   0.00)
 |   324 Steel235              26   55.757   7.8500      1.7653      17.1928      3.000   300.69   96.801335    8.624517  (   0.00, 300.69,   0.00)
 |   325 Polystyrene            6   11.077   1.0320     42.5383      70.1339      0.500   301.19   96.813089    8.631647  (   0.00, 301.19,   0.00)
 |   326 Air                    7   14.784   0.0012  30528.8407   71998.1725      0.150   301.34   96.813094    8.631649  (   0.00, 301.34,   0.00)
 |   327 Steel235              26   55.757   7.8500      1.7653      17.1928      3.000   304.34   98.512567    8.806140  (   0.00, 304.34,   0.00)
 |   328 Polystyrene            6   11.077   1.0320     42.5383      70.1339      0.500   304.84   98.524321    8.813269  (   0.00, 304.84,   0.00)
 |   329 Air                    7   14.784   0.0012  30528.8407   71998.1725      0.150   304.99   98.524326    8.813271  (   0.00, 304.99,   0.00)
 |   330 Steel235              26   55.757   7.8500      1.7653      17.1928      3.000   307.99  100.223800    8.987763  (   0.00, 307.99,   0.00)
 |   331 Polystyrene            6   11.077   1.0320     42.5383      70.1339      0.500   308.49  100.235554    8.994892  (   0.00, 308.49,   0.00)
 |   332 Air                    7   14.784   0.0012  30528.8407   71998.1725      0.150   308.64  100.235559    8.994894  (   0.00, 308.64,   0.00)
 |   333 Steel235              26   55.757   7.8500      1.7653      17.1928      3.000   311.64  101.935032    9.169386  (   0.00, 311.64,   0.00)
 |   334 Polystyrene            6   11.077   1.0320     42.5383      70.1339      0.500   312.14  101.946786    9.176515  (   0.00, 312.14,   0.00)
 |   335 Air                    7   14.784   0.0012  30528.8407   71998.1725      0.150   312.29  101.946791    9.176517  (   0.00, 312.29,   0.00)
 |   336 Air                    7   14.784   0.0012  30528.8407   71998.1725     22.777   335.07  101.947537    9.176833  (   0.00, 335.07,   0.00)
 |   337 Aluminum              13   26.982   2.6990      8.8963      39.8672      0.100   335.17  101.958778    9.179342  (   0.00, 335.17,   0.00)
 |   338 Air                    7   14.784   0.0012  30528.8407   71998.1725      0.350   335.52  101.958790    9.179347  (   0.00, 335.52,   0.00)
 |   339 PyrexGlass            10   20.495   2.2300     12.6748      43.5474      0.200   335.72  101.974569    9.183939  (   0.00, 335.72,   0.00)
 |   340 RPCGasDefault          8   16.809   0.0037   9559.7011   23915.1216      0.200   335.92  101.974590    9.183948  (   0.00, 335.92,   0.00)
 |   341 PyrexGlass            10   20.495   2.2300     12.6748      43.5474      0.200   336.12  101.990369    9.188540  (   0.00, 336.12,   0.00)
 |   342 Air                    7   14.784   0.0012  30528.8407   71998.1725      0.350   336.47  101.990381    9.188545  (   0.00, 336.47,   0.00)
 |   343 Aluminum              13   26.982   2.6990      8.8963      39.8672      0.100   336.57  102.001621    9.191053  (   0.00, 336.57,   0.00)
 |   344 Aluminum              13   26.982   2.6990      8.8963      39.8672      0.100   336.67  102.012862    9.193562  (   0.00, 336.67,   0.00)
 |   345 Air                    7   14.784   0.0012  30528.8407   71998.1725      0.350   337.02  102.012873    9.193567  (   0.00, 337.02,   0.00)
 |   346 PyrexGlass            10   20.495   2.2300     12.6748      43.5474      0.200   337.22  102.028653    9.198159  (   0.00, 337.22,   0.00)
 |   347 RPCGasDefault          8   16.809   0.0037   9559.7011   23915.1216      0.200   337.42  102.028674    9.198168  (   0.00, 337.42,   0.00)
 |   348 PyrexGlass            10   20.495   2.2300     12.6748      43.5474      0.200   337.62  102.044453    9.202760  (   0.00, 337.62,   0.00)
 |   349 Air                    7   14.784   0.0012  30528.8407   71998.1725      0.350   337.97  102.044465    9.202765  (   0.00, 337.97,   0.00)
 |   350 Aluminum              13   26.982   2.6990      8.8963      39.8672      0.100   338.07  102.055705    9.205274  (   0.00, 338.07,   0.00)
 |   351 Air                    7   14.784   0.0012  30528.8407   71998.1725      1.000   339.07  102.055738    9.205288  (   0.00, 339.07,   0.00)
 |   352 Iron                  26   55.845   7.8740      1.7575      17.1639      5.000   344.07  104.900699    9.496597  (   0.00, 344.07,   0.00)
 |   353 Aluminum              13   26.982   2.6990      8.8963      39.8672      0.100   344.17  104.911940    9.499105  (   0.00, 344.17,   0.00)
 |   354 Air                    7   14.784   0.0012  30528.8407   71998.1725      0.350   344.52  104.911951    9.499110  (   0.00, 344.52,   0.00)
 |   355 PyrexGlass            10   20.495   2.2300     12.6748      43.5474      0.200   344.72  104.927731    9.503703  (   0.00, 344.72,   0.00)
 |   356 RPCGasDefault          8   16.809   0.0037   9559.7011   23915.1216      0.200   344.92  104.927752    9.503711  (   0.00, 344.92,   0.00)
 |   357 PyrexGlass            10   20.495   2.2300     12.6748      43.5474      0.200   345.12  104.943531    9.508304  (   0.00, 345.12,   0.00)
 |   358 Air                    7   14.784   0.0012  30528.8407   71998.1725      0.350   345.47  104.943542    9.508308  (   0.00, 345.47,   0.00)
 |   359 Aluminum              13   26.982   2.6990      8.8963      39.8672      0.100   345.57  104.954783    9.510817  (   0.00, 345.57,   0.00)
 |   360 Aluminum              13   26.982   2.6990      8.8963      39.8672      0.100   345.67  104.966024    9.513325  (   0.00, 345.67,   0.00)
 |   361 Air                    7   14.784   0.0012  30528.8407   71998.1725      0.350   346.02  104.966035    9.513330  (   0.00, 346.02,   0.00)
 |   362 PyrexGlass            10   20.495   2.2300     12.6748      43.5474      0.200   346.22  104.981815    9.517923  (   0.00, 346.22,   0.00)
 |   363 RPCGasDefault          8   16.809   0.0037   9559.7011   23915.1216      0.200   346.42  104.981835    9.517931  (   0.00, 346.42,   0.00)
 |   364 PyrexGlass            10   20.495   2.2300     12.6748      43.5474      0.200   346.62  104.997615    9.522524  (   0.00, 346.62,   0.00)
 |   365 Air                    7   14.784   0.0012  30528.8407   71998.1725      0.350   346.97  104.997626    9.522529  (   0.00, 346.97,   0.00)
 |   366 Aluminum              13   26.982   2.6990      8.8963      39.8672      0.100   347.07  105.008867    9.525037  (   0.00, 347.07,   0.00)
 |   367 Air                    7   14.784   0.0012  30528.8407   71998.1725      1.000   348.07  105.008900    9.525051  (   0.00, 348.07,   0.00)
 |   368 Iron                  26   55.845   7.8740      1.7575      17.1639     20.000   368.07  116.388745   10.690287  (   0.00, 368.07,   0.00)
 |   369 Aluminum              13   26.982   2.6990      8.8963      39.8672      0.100   368.17  116.399985   10.692796  (   0.00, 368.17,   0.00)
 |   370 Air                    7   14.784   0.0012  30528.8407   71998.1725      0.350   368.52  116.399997   10.692801  (   0.00, 368.52,   0.00)
 |   371 PyrexGlass            10   20.495   2.2300     12.6748      43.5474      0.200   368.72  116.415776   10.697393  (   0.00, 368.72,   0.00)
 |   372 RPCGasDefault          8   16.809   0.0037   9559.7011   23915.1216      0.200   368.92  116.415797   10.697402  (   0.00, 368.92,   0.00)
 |   373 PyrexGlass            10   20.495   2.2300     12.6748      43.5474      0.200   369.12  116.431577   10.701994  (   0.00, 369.12,   0.00)
 |   374 Air                    7   14.784   0.0012  30528.8407   71998.1725      0.350   369.47  116.431588   10.701999  (   0.00, 369.47,   0.00)
 |   375 Aluminum              13   26.982   2.6990      8.8963      39.8672      0.100   369.57  116.442829   10.704507  (   0.00, 369.57,   0.00)
 |   376 Aluminum              13   26.982   2.6990      8.8963      39.8672      0.100   369.67  116.454069   10.707016  (   0.00, 369.67,   0.00)
 |   377 Air                    7   14.784   0.0012  30528.8407   71998.1725      0.350   370.02  116.454081   10.707021  (   0.00, 370.02,   0.00)
 |   378 PyrexGlass            10   20.495   2.2300     12.6748      43.5474      0.200   370.22  116.469860   10.711613  (   0.00, 370.22,   0.00)
 |   379 RPCGasDefault          8   16.809   0.0037   9559.7011   23915.1216      0.200   370.42  116.469881   10.711622  (   0.00, 370.42,   0.00)
 |   380 PyrexGlass            10   20.495   2.2300     12.6748      43.5474      0.200   370.62  116.485660   10.716214  (   0.00, 370.62,   0.00)
 |   381 Air                    7   14.784   0.0012  30528.8407   71998.1725      0.350   370.97  116.485672   10.716219  (   0.00, 370.97,   0.00)
 |   382 Aluminum              13   26.982   2.6990      8.8963      39.8672      0.100   371.07  116.496913   10.718728  (   0.00, 371.07,   0.00)
 |   383 Air                    7   14.784   0.0012  30528.8407   71998.1725      1.000   372.07  116.496945   10.718741  (   0.00, 372.07,   0.00)
 |   384 Iron                  26   55.845   7.8740      1.7575      17.1639     10.000   382.07  122.186868   11.301360  (   0.00, 382.07,   0.00)
 |   385 Aluminum              13   26.982   2.6990      8.8963      39.8672      0.100   382.17  122.198109   11.303868  (   0.00, 382.17,   0.00)
 |   386 Air                    7   14.784   0.0012  30528.8407   71998.1725      0.350   382.52  122.198120   11.303873  (   0.00, 382.52,   0.00)
 |   387 PyrexGlass            10   20.495   2.2300     12.6748      43.5474      0.200   382.72  122.213899   11.308466  (   0.00, 382.72,   0.00)
 |   388 RPCGasDefault          8   16.809   0.0037   9559.7011   23915.1216      0.200   382.92  122.213920   11.308474  (   0.00, 382.92,   0.00)
 |   389 PyrexGlass            10   20.495   2.2300     12.6748      43.5474      0.200   383.12  122.229700   11.313067  (   0.00, 383.12,   0.00)
 |   390 Air                    7   14.784   0.0012  30528.8407   71998.1725      0.350   383.47  122.229711   11.313072  (   0.00, 383.47,   0.00)
 |   391 Aluminum              13   26.982   2.6990      8.8963      39.8672      0.100   383.57  122.240952   11.315580  (   0.00, 383.57,   0.00)
 |   392 Aluminum              13   26.982   2.6990      8.8963      39.8672      0.100   383.67  122.252192   11.318088  (   0.00, 383.67,   0.00)
 |   393 Air                    7   14.784   0.0012  30528.8407   71998.1725      0.350   384.02  122.252204   11.318093  (   0.00, 384.02,   0.00)
 |   394 PyrexGlass            10   20.495   2.2300     12.6748      43.5474      0.200   384.22  122.267983   11.322686  (   0.00, 384.22,   0.00)
 |   395 RPCGasDefault          8   16.809   0.0037   9559.7011   23915.1216      0.200   384.42  122.268004   11.322694  (   0.00, 384.42,   0.00)
 |   396 PyrexGlass            10   20.495   2.2300     12.6748      43.5474      0.200   384.62  122.283784   11.327287  (   0.00, 384.62,   0.00)
 |   397 Air                    7   14.784   0.0012  30528.8407   71998.1725      0.350   384.97  122.283795   11.327292  (   0.00, 384.97,   0.00)
 |   398 Aluminum              13   26.982   2.6990      8.8963      39.8672      0.100   385.07  122.295036   11.329800  (   0.00, 385.07,   0.00)
 |   399 Air                    7   14.784   0.0012  30528.8407   71998.1725      1.000   386.07  122.295068   11.329814  (   0.00, 386.07,   0.00)
 |   400 Iron                  26   55.845   7.8740      1.7575      17.1639     10.000   396.07  127.984991   11.912432  (   0.00, 396.07,   0.00)
 |   401 Aluminum              13   26.982   2.6990      8.8963      39.8672      0.100   396.17  127.996232   11.914941  (   0.00, 396.17,   0.00)
 |   402 Air                    7   14.784   0.0012  30528.8407   71998.1725      0.350   396.52  127.996243   11.914945  (   0.00, 396.52,   0.00)
 |   403 PyrexGlass            10   20.495   2.2300     12.6748      43.5474      0.200   396.72  128.012022   11.919538  (   0.00, 396.72,   0.00)
 |   404 RPCGasDefault          8   16.809   0.0037   9559.7011   23915.1216      0.200   396.92  128.012043   11.919546  (   0.00, 396.92,   0.00)
 |   405 PyrexGlass            10   20.495   2.2300     12.6748      43.5474      0.200   397.12  128.027823   11.924139  (   0.00, 397.12,   0.00)
 |   406 Air                    7   14.784   0.0012  30528.8407   71998.1725      0.350   397.47  128.027834   11.924144  (   0.00, 397.47,   0.00)
 |   407 Aluminum              13   26.982   2.6990      8.8963      39.8672      0.100   397.57  128.039075   11.926652  (   0.00, 397.57,   0.00)
 |   408 Aluminum              13   26.982   2.6990      8.8963      39.8672      0.100   397.67  128.050315   11.929161  (   0.00, 397.67,   0.00)
 |   409 Air                    7   14.784   0.0012  30528.8407   71998.1725      0.350   398.02  128.050327   11.929166  (   0.00, 398.02,   0.00)
 |   410 PyrexGlass            10   20.495   2.2300     12.6748      43.5474      0.200   398.22  128.066106   11.933758  (   0.00, 398.22,   0.00)
 |   411 RPCGasDefault          8   16.809   0.0037   9559.7011   23915.1216      0.200   398.42  128.066127   11.933767  (   0.00, 398.42,   0.00)
 |   412 PyrexGlass            10   20.495   2.2300     12.6748      43.5474      0.200   398.62  128.081907   11.938359  (   0.00, 398.62,   0.00)
 |   413 Air                    7   14.784   0.0012  30528.8407   71998.1725      0.350   398.97  128.081918   11.938364  (   0.00, 398.97,   0.00)
 |   414 Aluminum              13   26.982   2.6990      8.8963      39.8672      0.100   399.07  128.093159   11.940872  (   0.00, 399.07,   0.00)
 |   415 Air                    7   14.784   0.0012  30528.8407   71998.1725      1.000   400.07  128.093191   11.940886  (   0.00, 400.07,   0.00)
 |   416 Iron                  26   55.845   7.8740      1.7575      17.1639     10.000   410.07  133.783114   12.523505  (   0.00, 410.07,   0.00)
 |   417 Aluminum              13   26.982   2.6990      8.8963      39.8672      0.100   410.17  133.794355   12.526013  (   0.00, 410.17,   0.00)
 |   418 Air                    7   14.784   0.0012  30528.8407   71998.1725      0.350   410.52  133.794366   12.526018  (   0.00, 410.52,   0.00)
 |   419 PyrexGlass            10   20.495   2.2300     12.6748      43.5474      0.200   410.72  133.810145   12.530610  (   0.00, 410.72,   0.00)
 |   420 RPCGasDefault          8   16.809   0.0037   9559.7011   23915.1216      0.200   410.92  133.810166   12.530619  (   0.00, 410.92,   0.00)
 |   421 PyrexGlass            10   20.495   2.2300     12.6748      43.5474      0.200   411.12  133.825946   12.535212  (   0.00, 411.12,   0.00)
 |   422 Air                    7   14.784   0.0012  30528.8407   71998.1725      0.350   411.47  133.825957   12.535216  (   0.00, 411.47,   0.00)
 |   423 Aluminum              13   26.982   2.6990      8.8963      39.8672      0.100   411.57  133.837198   12.537725  (   0.00, 411.57,   0.00)
 |   424 Aluminum              13   26.982   2.6990      8.8963      39.8672      0.100   411.67  133.848438   12.540233  (   0.00, 411.67,   0.00)
 |   425 Air                    7   14.784   0.0012  30528.8407   71998.1725      0.350   412.02  133.848450   12.540238  (   0.00, 412.02,   0.00)
 |   426 PyrexGlass            10   20.495   2.2300     12.6748      43.5474      0.200   412.22  133.864229   12.544831  (   0.00, 412.22,   0.00)
 |   427 RPCGasDefault          8   16.809   0.0037   9559.7011   23915.1216      0.200   412.42  133.864250   12.544839  (   0.00, 412.42,   0.00)
 |   428 PyrexGlass            10   20.495   2.2300     12.6748      43.5474      0.200   412.62  133.880030   12.549432  (   0.00, 412.62,   0.00)
 |   429 Air                    7   14.784   0.0012  30528.8407   71998.1725      0.350   412.97  133.880041   12.549437  (   0.00, 412.97,   0.00)
 |   430 Aluminum              13   26.982   2.6990      8.8963      39.8672      0.100   413.07  133.891282   12.551945  (   0.00, 413.07,   0.00)
 |   431 Air                    7   14.784   0.0012  30528.8407   71998.1725      1.000   414.07  133.891314   12.551959  (   0.00, 414.07,   0.00)
 |   432 Iron                  26   55.845   7.8740      1.7575      17.1639     10.000   424.07  139.581237   13.134577  (   0.00, 424.07,   0.00)
 |   433 Aluminum              13   26.982   2.6990      8.8963      39.8672      0.100   424.17  139.592478   13.137085  (   0.00, 424.17,   0.00)
 |   434 Air                    7   14.784   0.0012  30528.8407   71998.1725      0.350   424.52  139.592489   13.137090  (   0.00, 424.52,   0.00)
 |   435 PyrexGlass            10   20.495   2.2300     12.6748      43.5474      0.200   424.72  139.608269   13.141683  (   0.00, 424.72,   0.00)
 |   436 RPCGasDefault          8   16.809   0.0037   9559.7011   23915.1216      0.200   424.92  139.608289   13.141691  (   0.00, 424.92,   0.00)
 |   437 PyrexGlass            10   20.495   2.2300     12.6748      43.5474      0.200   425.12  139.624069   13.146284  (   0.00, 425.12,   0.00)
 |   438 Air                    7   14.784   0.0012  30528.8407   71998.1725      0.350   425.47  139.624080   13.146289  (   0.00, 425.47,   0.00)
 |   439 Aluminum              13   26.982   2.6990      8.8963      39.8672      0.100   425.57  139.635321   13.148797  (   0.00, 425.57,   0.00)
 |   440 Aluminum              13   26.982   2.6990      8.8963      39.8672      0.100   425.67  139.646561   13.151306  (   0.00, 425.67,   0.00)
 |   441 Air                    7   14.784   0.0012  30528.8407   71998.1725      0.350   426.02  139.646573   13.151310  (   0.00, 426.02,   0.00)
 |   442 PyrexGlass            10   20.495   2.2300     12.6748      43.5474      0.200   426.22  139.662352   13.155903  (   0.00, 426.22,   0.00)
 |   443 RPCGasDefault          8   16.809   0.0037   9559.7011   23915.1216      0.200   426.42  139.662373   13.155911  (   0.00, 426.42,   0.00)
 |   444 PyrexGlass            10   20.495   2.2300     12.6748      43.5474      0.200   426.62  139.678153   13.160504  (   0.00, 426.62,   0.00)
 |   445 Air                    7   14.784   0.0012  30528.8407   71998.1725      0.350   426.97  139.678164   13.160509  (   0.00, 426.97,   0.00)
 |   446 Aluminum              13   26.982   2.6990      8.8963      39.8672      0.100   427.07  139.689405   13.163017  (   0.00, 427.07,   0.00)
 |   447 Air                    7   14.784   0.0012  30528.8407   71998.1725      1.000   428.07  139.689437   13.163031  (   0.00, 428.07,   0.00)
 |   448 Iron                  26   55.845   7.8740      1.7575      17.1639     10.000   438.07  145.379360   13.745649  (   0.00, 438.07,   0.00)
 |   449 Aluminum              13   26.982   2.6990      8.8963      39.8672      0.100   438.17  145.390601   13.748158  (   0.00, 438.17,   0.00)
 |   450 Air                    7   14.784   0.0012  30528.8407   71998.1725      0.350   438.52  145.390612   13.748163  (   0.00, 438.52,   0.00)
 |   451 PyrexGlass            10   20.495   2.2300     12.6748      43.5474      0.200   438.72  145.406392   13.752755  (   0.00, 438.72,   0.00)
 |   452 RPCGasDefault          8   16.809   0.0037   9559.7011   23915.1216      0.200   438.92  145.406412   13.752764  (   0.00, 438.92,   0.00)
 |   453 PyrexGlass            10   20.495   2.2300     12.6748      43.5474      0.200   439.12  145.422192   13.757356  (   0.00, 439.12,   0.00)
 |   454 Air                    7   14.784   0.0012  30528.8407   71998.1725      0.350   439.47  145.422203   13.757361  (   0.00, 439.47,   0.00)
 |   455 Aluminum              13   26.982   2.6990      8.8963      39.8672      0.100   439.57  145.433444   13.759870  (   0.00, 439.57,   0.00)
 |   456 Aluminum              13   26.982   2.6990      8.8963      39.8672      0.100   439.67  145.444685   13.762378  (   0.00, 439.67,   0.00)
 |   457 Air                    7   14.784   0.0012  30528.8407   71998.1725      0.350   440.02  145.444696   13.762383  (   0.00, 440.02,   0.00)
 |   458 PyrexGlass            10   20.495   2.2300     12.6748      43.5474      0.200   440.22  145.460475   13.766975  (   0.00, 440.22,   0.00)
 |   459 RPCGasDefault          8   16.809   0.0037   9559.7011   23915.1216      0.200   440.42  145.460496   13.766984  (   0.00, 440.42,   0.00)
 |   460 PyrexGlass            10   20.495   2.2300     12.6748      43.5474      0.200   440.62  145.476276   13.771577  (   0.00, 440.62,   0.00)
 |   461 Air                    7   14.784   0.0012  30528.8407   71998.1725      0.350   440.97  145.476287   13.771581  (   0.00, 440.97,   0.00)
 |   462 Aluminum              13   26.982   2.6990      8.8963      39.8672      0.100   441.07  145.487528   13.774090  (   0.00, 441.07,   0.00)
 |   463 Air                    7   14.784   0.0012  30528.8407   71998.1725      1.000   442.07  145.487561   13.774104  (   0.00, 442.07,   0.00)
 |   464 Iron                  26   55.845   7.8740      1.7575      17.1639     10.000   452.07  151.177483   14.356722  (   0.00, 452.07,   0.00)
 |   465 Aluminum              13   26.982   2.6990      8.8963      39.8672      0.100   452.17  151.188724   14.359230  (   0.00, 452.17,   0.00)
 |   466 Air                    7   14.784   0.0012  30528.8407   71998.1725      0.350   452.52  151.188735   14.359235  (   0.00, 452.52,   0.00)
 |   467 PyrexGlass            10   20.495   2.2300     12.6748      43.5474      0.200   452.72  151.204515   14.363828  (   0.00, 452.72,   0.00)
 |   468 RPCGasDefault          8   16.809   0.0037   9559.7011   23915.1216      0.200   452.92  151.204536   14.363836  (   0.00, 452.92,   0.00)
 |   469 PyrexGlass            10   20.495   2.2300     12.6748      43.5474      0.200   453.12  151.220315   14.368429  (   0.00, 453.12,   0.00)
 |   470 Air                    7   14.784   0.0012  30528.8407   71998.1725      0.350   453.47  151.220326   14.368434  (   0.00, 453.47,   0.00)
 |   471 Aluminum              13   26.982   2.6990      8.8963      39.8672      0.100   453.57  151.231567   14.370942  (   0.00, 453.57,   0.00)
 |   472 Aluminum              13   26.982   2.6990      8.8963      39.8672      0.100   453.67  151.242808   14.373450  (   0.00, 453.67,   0.00)
 |   473 Air                    7   14.784   0.0012  30528.8407   71998.1725      0.350   454.02  151.242819   14.373455  (   0.00, 454.02,   0.00)
 |   474 PyrexGlass            10   20.495   2.2300     12.6748      43.5474      0.200   454.22  151.258598   14.378048  (   0.00, 454.22,   0.00)
 |   475 RPCGasDefault          8   16.809   0.0037   9559.7011   23915.1216      0.200   454.42  151.258619   14.378056  (   0.00, 454.42,   0.00)
 |   476 PyrexGlass            10   20.495   2.2300     12.6748      43.5474      0.200   454.62  151.274399   14.382649  (   0.00, 454.62,   0.00)
 |   477 Air                    7   14.784   0.0012  30528.8407   71998.1725      0.350   454.97  151.274410   14.382654  (   0.00, 454.97,   0.00)
 |   478 Aluminum              13   26.982   2.6990      8.8963      39.8672      0.100   455.07  151.285651   14.385162  (   0.00, 455.07,   0.00)
 |   479 Air                    7   14.784   0.0012  30528.8407   71998.1725      1.000   456.07  151.285684   14.385176  (   0.00, 456.07,   0.00)
 |   480 Iron                  26   55.845   7.8740      1.7575      17.1639     20.000   476.07  162.665529   15.550413  (   0.00, 476.07,   0.00)
 |   481 Air                    7   14.784   0.0012  30528.8407   71998.1725    123.929   600.00  162.669588   15.552134  (   0.00, 600.00,   0.00)
 +--------------------------------------------------------------------------------------------------------------------------------------------------
 |     0 Average Material      24   52.050   3.5032      3.6885      38.5799    600.000   600.00  162.669588   15.552134  (   0.00, 600.00,   0.00)
 +--------------------------------------------------------------------------------------------------------------------------------------------------
