> materialScan compact_Lhe_dip_sol_ell.xml 0. 152. 0. 0. 152. 900. >| materialScan_compact_Lhe_dip_sol_ell_0_152_0-0_152_900.txt
VertexBarrelSupports_layer0 2.5 2.5 50.625
VertexBarrelSupports_layer1 4.5 4.5 51.7
 +--------------------------------------------------------------------------------------------------------------------------------------------------
 + Material scan between: x_0 = (   0.00, 152.00,   0.00) [cm] and x_1 = (   0.00, 152.00, 900.00) [cm] : 
 +--------------------------------------------------------------------------------------------------------------------------------------------------
 |     \   Material           Atomic                 Radiation   Interaction               Path   Integrated  Integrated    Material
 | Num. \  Name          Number/Z   Mass/A  Density    Length       Length    Thickness   Length      X0        Lambda      Endpoint  
 | Layer \                        [g/mole]  [g/cm3]     [cm]        [cm]          [cm]      [cm]     [cm]        [cm]     (     cm,     cm,     cm)
 +--------------------------------------------------------------------------------------------------------------------------------------------------
 |     1 Aluminum              13   26.982   2.6990      8.8963      39.8672    500.000   500.00   56.203028   12.541640  (   0.00, 152.00, 500.00)
 |     2 Aluminum              13   26.982   2.6990      8.8963      39.8672    109.291   609.29   68.487943   15.283004  (   0.00, 152.00, 609.29)
 |     3 Iron                  26   55.845   7.8740      1.7575      17.1639      5.759   615.05   71.765054   15.618563  (   0.00, 152.00, 615.05)
 |     4 Aluminum              13   26.982   2.6990      8.8963      39.8672      0.100   615.15   71.776294   15.621071  (   0.00, 152.00, 615.15)
 |     5 Air                    7   14.784   0.0012  30528.8407   71998.1725      0.350   615.50   71.776306   15.621076  (   0.00, 152.00, 615.50)
 |     6 PyrexGlass            10   20.495   2.2300     12.6748      43.5474      0.200   615.70   71.792085   15.625669  (   0.00, 152.00, 615.70)
 |     7 RPCGasDefault          8   16.809   0.0037   9559.7011   23915.1216      0.200   615.90   71.792106   15.625677  (   0.00, 152.00, 615.90)
 |     8 PyrexGlass            10   20.495   2.2300     12.6748      43.5474      0.200   616.10   71.807885   15.630270  (   0.00, 152.00, 616.10)
 |     9 Air                    7   14.784   0.0012  30528.8407   71998.1725      0.350   616.45   71.807897   15.630275  (   0.00, 152.00, 616.45)
 |    10 Aluminum              13   26.982   2.6990      8.8963      39.8672      0.100   616.55   71.819137   15.632783  (   0.00, 152.00, 616.55)
 |    11 Aluminum              13   26.982   2.6990      8.8963      39.8672      0.100   616.65   71.830378   15.635291  (   0.00, 152.00, 616.65)
 |    12 Air                    7   14.784   0.0012  30528.8407   71998.1725      0.350   617.00   71.830389   15.635296  (   0.00, 152.00, 617.00)
 |    13 PyrexGlass            10   20.495   2.2300     12.6748      43.5474      0.200   617.20   71.846169   15.639889  (   0.00, 152.00, 617.20)
 |    14 RPCGasDefault          8   16.809   0.0037   9559.7011   23915.1216      0.200   617.40   71.846190   15.639897  (   0.00, 152.00, 617.40)
 |    15 PyrexGlass            10   20.495   2.2300     12.6748      43.5474      0.200   617.60   71.861969   15.644490  (   0.00, 152.00, 617.60)
 |    16 Air                    7   14.784   0.0012  30528.8407   71998.1725      0.350   617.95   71.861981   15.644495  (   0.00, 152.00, 617.95)
 |    17 Aluminum              13   26.982   2.6990      8.8963      39.8672      0.100   618.05   71.873221   15.647003  (   0.00, 152.00, 618.05)
 |    18 Air                    7   14.784   0.0012  30528.8407   71998.1725      1.000   619.05   71.873254   15.647017  (   0.00, 152.00, 619.05)
 |    19 Iron                  26   55.845   7.8740      1.7575      17.1639     10.000   629.05   77.563177   16.229635  (   0.00, 152.00, 629.05)
 |    20 Aluminum              13   26.982   2.6990      8.8963      39.8672      0.100   629.15   77.574417   16.232144  (   0.00, 152.00, 629.15)
 |    21 Air                    7   14.784   0.0012  30528.8407   71998.1725      0.350   629.50   77.574429   16.232148  (   0.00, 152.00, 629.50)
 |    22 PyrexGlass            10   20.495   2.2300     12.6748      43.5474      0.200   629.70   77.590208   16.236741  (   0.00, 152.00, 629.70)
 |    23 RPCGasDefault          8   16.809   0.0037   9559.7011   23915.1216      0.200   629.90   77.590229   16.236749  (   0.00, 152.00, 629.90)
 |    24 PyrexGlass            10   20.495   2.2300     12.6748      43.5474      0.200   630.10   77.606008   16.241342  (   0.00, 152.00, 630.10)
 |    25 Air                    7   14.784   0.0012  30528.8407   71998.1725      0.350   630.45   77.606020   16.241347  (   0.00, 152.00, 630.45)
 |    26 Aluminum              13   26.982   2.6990      8.8963      39.8672      0.100   630.55   77.617260   16.243855  (   0.00, 152.00, 630.55)
 |    27 Aluminum              13   26.982   2.6990      8.8963      39.8672      0.100   630.65   77.628501   16.246364  (   0.00, 152.00, 630.65)
 |    28 Air                    7   14.784   0.0012  30528.8407   71998.1725      0.350   631.00   77.628512   16.246369  (   0.00, 152.00, 631.00)
 |    29 PyrexGlass            10   20.495   2.2300     12.6748      43.5474      0.200   631.20   77.644292   16.250961  (   0.00, 152.00, 631.20)
 |    30 RPCGasDefault          8   16.809   0.0037   9559.7011   23915.1216      0.200   631.40   77.644313   16.250970  (   0.00, 152.00, 631.40)
 |    31 PyrexGlass            10   20.495   2.2300     12.6748      43.5474      0.200   631.60   77.660092   16.255562  (   0.00, 152.00, 631.60)
 |    32 Air                    7   14.784   0.0012  30528.8407   71998.1725      0.350   631.95   77.660104   16.255567  (   0.00, 152.00, 631.95)
 |    33 Aluminum              13   26.982   2.6990      8.8963      39.8672      0.100   632.05   77.671344   16.258076  (   0.00, 152.00, 632.05)
 |    34 Air                    7   14.784   0.0012  30528.8407   71998.1725      1.000   633.05   77.671377   16.258089  (   0.00, 152.00, 633.05)
 |    35 Iron                  26   55.845   7.8740      1.7575      17.1639     10.000   643.05   83.361300   16.840708  (   0.00, 152.00, 643.05)
 |    36 Aluminum              13   26.982   2.6990      8.8963      39.8672      0.100   643.15   83.372540   16.843216  (   0.00, 152.00, 643.15)
 |    37 Air                    7   14.784   0.0012  30528.8407   71998.1725      0.350   643.50   83.372552   16.843221  (   0.00, 152.00, 643.50)
 |    38 PyrexGlass            10   20.495   2.2300     12.6748      43.5474      0.200   643.70   83.388331   16.847814  (   0.00, 152.00, 643.70)
 |    39 RPCGasDefault          8   16.809   0.0037   9559.7011   23915.1216      0.200   643.90   83.388352   16.847822  (   0.00, 152.00, 643.90)
 |    40 PyrexGlass            10   20.495   2.2300     12.6748      43.5474      0.200   644.10   83.404131   16.852415  (   0.00, 152.00, 644.10)
 |    41 Air                    7   14.784   0.0012  30528.8407   71998.1725      0.350   644.45   83.404143   16.852419  (   0.00, 152.00, 644.45)
 |    42 Aluminum              13   26.982   2.6990      8.8963      39.8672      0.100   644.55   83.415383   16.854928  (   0.00, 152.00, 644.55)
 |    43 Aluminum              13   26.982   2.6990      8.8963      39.8672      0.100   644.65   83.426624   16.857436  (   0.00, 152.00, 644.65)
 |    44 Air                    7   14.784   0.0012  30528.8407   71998.1725      0.350   645.00   83.426636   16.857441  (   0.00, 152.00, 645.00)
 |    45 PyrexGlass            10   20.495   2.2300     12.6748      43.5474      0.200   645.20   83.442415   16.862034  (   0.00, 152.00, 645.20)
 |    46 RPCGasDefault          8   16.809   0.0037   9559.7011   23915.1216      0.200   645.40   83.442436   16.862042  (   0.00, 152.00, 645.40)
 |    47 PyrexGlass            10   20.495   2.2300     12.6748      43.5474      0.200   645.60   83.458215   16.866635  (   0.00, 152.00, 645.60)
 |    48 Air                    7   14.784   0.0012  30528.8407   71998.1725      0.350   645.95   83.458227   16.866640  (   0.00, 152.00, 645.95)
 |    49 Aluminum              13   26.982   2.6990      8.8963      39.8672      0.100   646.05   83.469467   16.869148  (   0.00, 152.00, 646.05)
 |    50 Air                    7   14.784   0.0012  30528.8407   71998.1725      1.000   647.05   83.469500   16.869162  (   0.00, 152.00, 647.05)
 |    51 Iron                  26   55.845   7.8740      1.7575      17.1639     10.000   657.05   89.159423   17.451780  (   0.00, 152.00, 657.05)
 |    52 Aluminum              13   26.982   2.6990      8.8963      39.8672      0.100   657.15   89.170663   17.454288  (   0.00, 152.00, 657.15)
 |    53 Air                    7   14.784   0.0012  30528.8407   71998.1725      0.350   657.50   89.170675   17.454293  (   0.00, 152.00, 657.50)
 |    54 PyrexGlass            10   20.495   2.2300     12.6748      43.5474      0.200   657.70   89.186454   17.458886  (   0.00, 152.00, 657.70)
 |    55 RPCGasDefault          8   16.809   0.0037   9559.7011   23915.1216      0.200   657.90   89.186475   17.458894  (   0.00, 152.00, 657.90)
 |    56 PyrexGlass            10   20.495   2.2300     12.6748      43.5474      0.200   658.10   89.202254   17.463487  (   0.00, 152.00, 658.10)
 |    57 Air                    7   14.784   0.0012  30528.8407   71998.1725      0.350   658.45   89.202266   17.463492  (   0.00, 152.00, 658.45)
 |    58 Aluminum              13   26.982   2.6990      8.8963      39.8672      0.100   658.55   89.213507   17.466000  (   0.00, 152.00, 658.55)
 |    59 Aluminum              13   26.982   2.6990      8.8963      39.8672      0.100   658.65   89.224747   17.468509  (   0.00, 152.00, 658.65)
 |    60 Air                    7   14.784   0.0012  30528.8407   71998.1725      0.350   659.00   89.224759   17.468513  (   0.00, 152.00, 659.00)
 |    61 PyrexGlass            10   20.495   2.2300     12.6748      43.5474      0.200   659.20   89.240538   17.473106  (   0.00, 152.00, 659.20)
 |    62 RPCGasDefault          8   16.809   0.0037   9559.7011   23915.1216      0.200   659.40   89.240559   17.473114  (   0.00, 152.00, 659.40)
 |    63 PyrexGlass            10   20.495   2.2300     12.6748      43.5474      0.200   659.60   89.256338   17.477707  (   0.00, 152.00, 659.60)
 |    64 Air                    7   14.784   0.0012  30528.8407   71998.1725      0.350   659.95   89.256350   17.477712  (   0.00, 152.00, 659.95)
 |    65 Aluminum              13   26.982   2.6990      8.8963      39.8672      0.100   660.05   89.267590   17.480220  (   0.00, 152.00, 660.05)
 |    66 Air                    7   14.784   0.0012  30528.8407   71998.1725      1.000   661.05   89.267623   17.480234  (   0.00, 152.00, 661.05)
 |    67 Iron                  26   55.845   7.8740      1.7575      17.1639     10.000   671.05   94.957546   18.062853  (   0.00, 152.00, 671.05)
 |    68 Aluminum              13   26.982   2.6990      8.8963      39.8672      0.100   671.15   94.968786   18.065361  (   0.00, 152.00, 671.15)
 |    69 Air                    7   14.784   0.0012  30528.8407   71998.1725      0.350   671.50   94.968798   18.065366  (   0.00, 152.00, 671.50)
 |    70 PyrexGlass            10   20.495   2.2300     12.6748      43.5474      0.200   671.70   94.984577   18.069958  (   0.00, 152.00, 671.70)
 |    71 RPCGasDefault          8   16.809   0.0037   9559.7011   23915.1216      0.200   671.90   94.984598   18.069967  (   0.00, 152.00, 671.90)
 |    72 PyrexGlass            10   20.495   2.2300     12.6748      43.5474      0.200   672.10   95.000377   18.074559  (   0.00, 152.00, 672.10)
 |    73 Air                    7   14.784   0.0012  30528.8407   71998.1725      0.350   672.45   95.000389   18.074564  (   0.00, 152.00, 672.45)
 |    74 Aluminum              13   26.982   2.6990      8.8963      39.8672      0.100   672.55   95.011630   18.077073  (   0.00, 152.00, 672.55)
 |    75 Aluminum              13   26.982   2.6990      8.8963      39.8672      0.100   672.65   95.022870   18.079581  (   0.00, 152.00, 672.65)
 |    76 Air                    7   14.784   0.0012  30528.8407   71998.1725      0.350   673.00   95.022882   18.079586  (   0.00, 152.00, 673.00)
 |    77 PyrexGlass            10   20.495   2.2300     12.6748      43.5474      0.200   673.20   95.038661   18.084179  (   0.00, 152.00, 673.20)
 |    78 RPCGasDefault          8   16.809   0.0037   9559.7011   23915.1216      0.200   673.40   95.038682   18.084187  (   0.00, 152.00, 673.40)
 |    79 PyrexGlass            10   20.495   2.2300     12.6748      43.5474      0.200   673.60   95.054461   18.088780  (   0.00, 152.00, 673.60)
 |    80 Air                    7   14.784   0.0012  30528.8407   71998.1725      0.350   673.95   95.054473   18.088784  (   0.00, 152.00, 673.95)
 |    81 Aluminum              13   26.982   2.6990      8.8963      39.8672      0.100   674.05   95.065713   18.091293  (   0.00, 152.00, 674.05)
 |    82 Air                    7   14.784   0.0012  30528.8407   71998.1725      1.000   675.05   95.065746   18.091307  (   0.00, 152.00, 675.05)
 |    83 Iron                  26   55.845   7.8740      1.7575      17.1639     10.000   685.05  100.755669   18.673925  (   0.00, 152.00, 685.05)
 |    84 Aluminum              13   26.982   2.6990      8.8963      39.8672      0.100   685.15  100.766909   18.676433  (   0.00, 152.00, 685.15)
 |    85 Air                    7   14.784   0.0012  30528.8407   71998.1725      0.350   685.50  100.766921   18.676438  (   0.00, 152.00, 685.50)
 |    86 PyrexGlass            10   20.495   2.2300     12.6748      43.5474      0.200   685.70  100.782700   18.681031  (   0.00, 152.00, 685.70)
 |    87 RPCGasDefault          8   16.809   0.0037   9559.7011   23915.1216      0.200   685.90  100.782721   18.681039  (   0.00, 152.00, 685.90)
 |    88 PyrexGlass            10   20.495   2.2300     12.6748      43.5474      0.200   686.10  100.798501   18.685632  (   0.00, 152.00, 686.10)
 |    89 Air                    7   14.784   0.0012  30528.8407   71998.1725      0.350   686.45  100.798512   18.685637  (   0.00, 152.00, 686.45)
 |    90 Aluminum              13   26.982   2.6990      8.8963      39.8672      0.100   686.55  100.809753   18.688145  (   0.00, 152.00, 686.55)
 |    91 Aluminum              13   26.982   2.6990      8.8963      39.8672      0.100   686.65  100.820993   18.690653  (   0.00, 152.00, 686.65)
 |    92 Air                    7   14.784   0.0012  30528.8407   71998.1725      0.350   687.00  100.821005   18.690658  (   0.00, 152.00, 687.00)
 |    93 PyrexGlass            10   20.495   2.2300     12.6748      43.5474      0.200   687.20  100.836784   18.695251  (   0.00, 152.00, 687.20)
 |    94 RPCGasDefault          8   16.809   0.0037   9559.7011   23915.1216      0.200   687.40  100.836805   18.695259  (   0.00, 152.00, 687.40)
 |    95 PyrexGlass            10   20.495   2.2300     12.6748      43.5474      0.200   687.60  100.852584   18.699852  (   0.00, 152.00, 687.60)
 |    96 Air                    7   14.784   0.0012  30528.8407   71998.1725      0.350   687.95  100.852596   18.699857  (   0.00, 152.00, 687.95)
 |    97 Aluminum              13   26.982   2.6990      8.8963      39.8672      0.100   688.05  100.863836   18.702365  (   0.00, 152.00, 688.05)
 |    98 Air                    7   14.784   0.0012  30528.8407   71998.1725      1.000   689.05  100.863869   18.702379  (   0.00, 152.00, 689.05)
 |    99 Iron                  26   55.845   7.8740      1.7575      17.1639     10.000   699.05  106.553792   19.284997  (   0.00, 152.00, 699.05)
 |   100 Aluminum              13   26.982   2.6990      8.8963      39.8672      0.100   699.15  106.565032   19.287506  (   0.00, 152.00, 699.15)
 |   101 Air                    7   14.784   0.0012  30528.8407   71998.1725      0.350   699.50  106.565044   19.287511  (   0.00, 152.00, 699.50)
 |   102 PyrexGlass            10   20.495   2.2300     12.6748      43.5474      0.200   699.70  106.580823   19.292103  (   0.00, 152.00, 699.70)
 |   103 RPCGasDefault          8   16.809   0.0037   9559.7011   23915.1216      0.200   699.90  106.580844   19.292112  (   0.00, 152.00, 699.90)
 |   104 PyrexGlass            10   20.495   2.2300     12.6748      43.5474      0.200   700.10  106.596624   19.296704  (   0.00, 152.00, 700.10)
 |   105 Air                    7   14.784   0.0012  30528.8407   71998.1725      0.350   700.45  106.596635   19.296709  (   0.00, 152.00, 700.45)
 |   106 Aluminum              13   26.982   2.6990      8.8963      39.8672      0.100   700.55  106.607876   19.299218  (   0.00, 152.00, 700.55)
 |   107 Aluminum              13   26.982   2.6990      8.8963      39.8672      0.100   700.65  106.619116   19.301726  (   0.00, 152.00, 700.65)
 |   108 Air                    7   14.784   0.0012  30528.8407   71998.1725      0.350   701.00  106.619128   19.301731  (   0.00, 152.00, 701.00)
 |   109 PyrexGlass            10   20.495   2.2300     12.6748      43.5474      0.200   701.20  106.634907   19.306323  (   0.00, 152.00, 701.20)
 |   110 RPCGasDefault          8   16.809   0.0037   9559.7011   23915.1216      0.200   701.40  106.634928   19.306332  (   0.00, 152.00, 701.40)
 |   111 PyrexGlass            10   20.495   2.2300     12.6748      43.5474      0.200   701.60  106.650707   19.310924  (   0.00, 152.00, 701.60)
 |   112 Air                    7   14.784   0.0012  30528.8407   71998.1725      0.350   701.95  106.650719   19.310929  (   0.00, 152.00, 701.95)
 |   113 Aluminum              13   26.982   2.6990      8.8963      39.8672      0.100   702.05  106.661959   19.313438  (   0.00, 152.00, 702.05)
 |   114 Air                    7   14.784   0.0012  30528.8407   71998.1725      1.000   703.05  106.661992   19.313452  (   0.00, 152.00, 703.05)
 |   115 Iron                  26   55.845   7.8740      1.7575      17.1639     10.000   713.05  112.351915   19.896070  (   0.00, 152.00, 713.05)
 |   116 Aluminum              13   26.982   2.6990      8.8963      39.8672      0.100   713.15  112.363155   19.898578  (   0.00, 152.00, 713.15)
 |   117 Air                    7   14.784   0.0012  30528.8407   71998.1725      0.350   713.50  112.363167   19.898583  (   0.00, 152.00, 713.50)
 |   118 PyrexGlass            10   20.495   2.2300     12.6748      43.5474      0.200   713.70  112.378946   19.903176  (   0.00, 152.00, 713.70)
 |   119 RPCGasDefault          8   16.809   0.0037   9559.7011   23915.1216      0.200   713.90  112.378967   19.903184  (   0.00, 152.00, 713.90)
 |   120 PyrexGlass            10   20.495   2.2300     12.6748      43.5474      0.200   714.10  112.394747   19.907777  (   0.00, 152.00, 714.10)
 |   121 Air                    7   14.784   0.0012  30528.8407   71998.1725      0.350   714.45  112.394758   19.907782  (   0.00, 152.00, 714.45)
 |   122 Aluminum              13   26.982   2.6990      8.8963      39.8672      0.100   714.55  112.405999   19.910290  (   0.00, 152.00, 714.55)
 |   123 Aluminum              13   26.982   2.6990      8.8963      39.8672      0.100   714.65  112.417239   19.912798  (   0.00, 152.00, 714.65)
 |   124 Air                    7   14.784   0.0012  30528.8407   71998.1725      0.350   715.00  112.417251   19.912803  (   0.00, 152.00, 715.00)
 |   125 PyrexGlass            10   20.495   2.2300     12.6748      43.5474      0.200   715.20  112.433030   19.917396  (   0.00, 152.00, 715.20)
 |   126 RPCGasDefault          8   16.809   0.0037   9559.7011   23915.1216      0.200   715.40  112.433051   19.917404  (   0.00, 152.00, 715.40)
 |   127 PyrexGlass            10   20.495   2.2300     12.6748      43.5474      0.200   715.60  112.448830   19.921997  (   0.00, 152.00, 715.60)
 |   128 Air                    7   14.784   0.0012  30528.8407   71998.1725      0.350   715.95  112.448842   19.922002  (   0.00, 152.00, 715.95)
 |   129 Aluminum              13   26.982   2.6990      8.8963      39.8672      0.100   716.05  112.460083   19.924510  (   0.00, 152.00, 716.05)
 |   130 Air                    7   14.784   0.0012  30528.8407   71998.1725      1.000   717.05  112.460115   19.924524  (   0.00, 152.00, 717.05)
 |   131 Iron                  26   55.845   7.8740      1.7575      17.1639     10.000   727.05  118.150038   20.507142  (   0.00, 152.00, 727.05)
 |   132 Aluminum              13   26.982   2.6990      8.8963      39.8672      0.100   727.15  118.161278   20.509651  (   0.00, 152.00, 727.15)
 |   133 Air                    7   14.784   0.0012  30528.8407   71998.1725      0.350   727.50  118.161290   20.509655  (   0.00, 152.00, 727.50)
 |   134 PyrexGlass            10   20.495   2.2300     12.6748      43.5474      0.200   727.70  118.177069   20.514248  (   0.00, 152.00, 727.70)
 |   135 RPCGasDefault          8   16.809   0.0037   9559.7011   23915.1216      0.200   727.90  118.177090   20.514256  (   0.00, 152.00, 727.90)
 |   136 PyrexGlass            10   20.495   2.2300     12.6748      43.5474      0.200   728.10  118.192870   20.518849  (   0.00, 152.00, 728.10)
 |   137 Air                    7   14.784   0.0012  30528.8407   71998.1725      0.350   728.45  118.192881   20.518854  (   0.00, 152.00, 728.45)
 |   138 Aluminum              13   26.982   2.6990      8.8963      39.8672      0.100   728.55  118.204122   20.521362  (   0.00, 152.00, 728.55)
 |   139 Aluminum              13   26.982   2.6990      8.8963      39.8672      0.100   728.65  118.215362   20.523871  (   0.00, 152.00, 728.65)
 |   140 Air                    7   14.784   0.0012  30528.8407   71998.1725      0.350   729.00  118.215374   20.523876  (   0.00, 152.00, 729.00)
 |   141 PyrexGlass            10   20.495   2.2300     12.6748      43.5474      0.200   729.20  118.231153   20.528468  (   0.00, 152.00, 729.20)
 |   142 RPCGasDefault          8   16.809   0.0037   9559.7011   23915.1216      0.200   729.40  118.231174   20.528477  (   0.00, 152.00, 729.40)
 |   143 PyrexGlass            10   20.495   2.2300     12.6748      43.5474      0.200   729.60  118.246954   20.533069  (   0.00, 152.00, 729.60)
 |   144 Air                    7   14.784   0.0012  30528.8407   71998.1725      0.350   729.95  118.246965   20.533074  (   0.00, 152.00, 729.95)
 |   145 Aluminum              13   26.982   2.6990      8.8963      39.8672      0.100   730.05  118.258206   20.535583  (   0.00, 152.00, 730.05)
 |   146 Air                    7   14.784   0.0012  30528.8407   71998.1725      1.000   731.05  118.258238   20.535596  (   0.00, 152.00, 731.05)
 |   147 Iron                  26   55.845   7.8740      1.7575      17.1639     10.000   741.05  123.948161   21.118215  (   0.00, 152.00, 741.05)
 |   148 Aluminum              13   26.982   2.6990      8.8963      39.8672      0.100   741.15  123.959402   21.120723  (   0.00, 152.00, 741.15)
 |   149 Air                    7   14.784   0.0012  30528.8407   71998.1725      0.350   741.50  123.959413   21.120728  (   0.00, 152.00, 741.50)
 |   150 PyrexGlass            10   20.495   2.2300     12.6748      43.5474      0.200   741.70  123.975192   21.125321  (   0.00, 152.00, 741.70)
 |   151 RPCGasDefault          8   16.809   0.0037   9559.7011   23915.1216      0.200   741.90  123.975213   21.125329  (   0.00, 152.00, 741.90)
 |   152 PyrexGlass            10   20.495   2.2300     12.6748      43.5474      0.200   742.10  123.990993   21.129922  (   0.00, 152.00, 742.10)
 |   153 Air                    7   14.784   0.0012  30528.8407   71998.1725      0.350   742.45  123.991004   21.129926  (   0.00, 152.00, 742.45)
 |   154 Aluminum              13   26.982   2.6990      8.8963      39.8672      0.100   742.55  124.002245   21.132435  (   0.00, 152.00, 742.55)
 |   155 Aluminum              13   26.982   2.6990      8.8963      39.8672      0.100   742.65  124.013485   21.134943  (   0.00, 152.00, 742.65)
 |   156 Air                    7   14.784   0.0012  30528.8407   71998.1725      0.350   743.00  124.013497   21.134948  (   0.00, 152.00, 743.00)
 |   157 PyrexGlass            10   20.495   2.2300     12.6748      43.5474      0.200   743.20  124.029276   21.139541  (   0.00, 152.00, 743.20)
 |   158 RPCGasDefault          8   16.809   0.0037   9559.7011   23915.1216      0.200   743.40  124.029297   21.139549  (   0.00, 152.00, 743.40)
 |   159 PyrexGlass            10   20.495   2.2300     12.6748      43.5474      0.200   743.60  124.045077   21.144142  (   0.00, 152.00, 743.60)
 |   160 Air                    7   14.784   0.0012  30528.8407   71998.1725      0.350   743.95  124.045088   21.144147  (   0.00, 152.00, 743.95)
 |   161 Aluminum              13   26.982   2.6990      8.8963      39.8672      0.100   744.05  124.056329   21.146655  (   0.00, 152.00, 744.05)
 |   162 Air                    7   14.784   0.0012  30528.8407   71998.1725      1.000   745.05  124.056361   21.146669  (   0.00, 152.00, 745.05)
 |   163 Iron                  26   55.845   7.8740      1.7575      17.1639     10.000   755.05  129.746284   21.729287  (   0.00, 152.00, 755.05)
 |   164 Aluminum              13   26.982   2.6990      8.8963      39.8672      0.100   755.15  129.757525   21.731795  (   0.00, 152.00, 755.15)
 |   165 Air                    7   14.784   0.0012  30528.8407   71998.1725      0.350   755.50  129.757536   21.731800  (   0.00, 152.00, 755.50)
 |   166 PyrexGlass            10   20.495   2.2300     12.6748      43.5474      0.200   755.70  129.773315   21.736393  (   0.00, 152.00, 755.70)
 |   167 RPCGasDefault          8   16.809   0.0037   9559.7011   23915.1216      0.200   755.90  129.773336   21.736401  (   0.00, 152.00, 755.90)
 |   168 PyrexGlass            10   20.495   2.2300     12.6748      43.5474      0.200   756.10  129.789116   21.740994  (   0.00, 152.00, 756.10)
 |   169 Air                    7   14.784   0.0012  30528.8407   71998.1725      0.350   756.45  129.789127   21.740999  (   0.00, 152.00, 756.45)
 |   170 Aluminum              13   26.982   2.6990      8.8963      39.8672      0.100   756.55  129.800368   21.743507  (   0.00, 152.00, 756.55)
 |   171 Aluminum              13   26.982   2.6990      8.8963      39.8672      0.100   756.65  129.811608   21.746016  (   0.00, 152.00, 756.65)
 |   172 Air                    7   14.784   0.0012  30528.8407   71998.1725      0.350   757.00  129.811620   21.746020  (   0.00, 152.00, 757.00)
 |   173 PyrexGlass            10   20.495   2.2300     12.6748      43.5474      0.200   757.20  129.827399   21.750613  (   0.00, 152.00, 757.20)
 |   174 RPCGasDefault          8   16.809   0.0037   9559.7011   23915.1216      0.200   757.40  129.827420   21.750621  (   0.00, 152.00, 757.40)
 |   175 PyrexGlass            10   20.495   2.2300     12.6748      43.5474      0.200   757.60  129.843200   21.755214  (   0.00, 152.00, 757.60)
 |   176 Air                    7   14.784   0.0012  30528.8407   71998.1725      0.350   757.95  129.843211   21.755219  (   0.00, 152.00, 757.95)
 |   177 Aluminum              13   26.982   2.6990      8.8963      39.8672      0.100   758.05  129.854452   21.757727  (   0.00, 152.00, 758.05)
 |   178 Air                    7   14.784   0.0012  30528.8407   71998.1725      1.000   759.05  129.854484   21.757741  (   0.00, 152.00, 759.05)
 |   179 Air                    7   14.784   0.0012  30528.8407   71998.1725    140.950   900.00  129.859101   21.759699  (   0.00, 152.00, 900.00)
 +--------------------------------------------------------------------------------------------------------------------------------------------------
 |     0 Average Material      15   32.469   2.7877      6.9306      41.3609    900.000   900.00  129.859101   21.759699  (   0.00, 152.00, 900.00)
 +--------------------------------------------------------------------------------------------------------------------------------------------------
