> materialScan compact_Lhe_dip_sol_ell.xml 0. 0. 380. 0. 600. 380. >| materialScan_compact_Lhe_dip_sol_ell_0_0_380-0_600_380.txt
VertexBarrelSupports_layer0 2.5 2.5 50.625
VertexBarrelSupports_layer1 4.5 4.5 51.7
 +--------------------------------------------------------------------------------------------------------------------------------------------------
 + Material scan between: x_0 = (   0.00,   0.00, 380.00) [cm] and x_1 = (   0.00, 600.00, 380.00) [cm] : 
 +--------------------------------------------------------------------------------------------------------------------------------------------------
 |     \   Material           Atomic                 Radiation   Interaction               Path   Integrated  Integrated    Material
 | Num. \  Name          Number/Z   Mass/A  Density    Length       Length    Thickness   Length      X0        Lambda      Endpoint  
 | Layer \                        [g/mole]  [g/cm3]     [cm]        [cm]          [cm]      [cm]     [cm]        [cm]     (     cm,     cm,     cm)
 +--------------------------------------------------------------------------------------------------------------------------------------------------
 |     1 Air                    7   14.784   0.0012  30528.8407   71998.1725      0.001     0.00    0.000000    0.000000  (   0.00,   0.00, 380.00)
 |     2 Vacuum                 7   14.784   0.0000 3.66346e+11  8.63978e+11      2.000     2.00    0.000000    0.000000  (   0.00,   2.00, 380.00)
 |     3 Beryllium              4    9.012   1.8480     35.2760      39.4488      0.399     2.40    0.011311    0.010114  (   0.00,   2.40, 380.00)
 |     4 Air                    7   14.784   0.0012  30528.8407   71998.1725     12.600    15.00    0.011724    0.010289  (   0.00,  15.00, 380.00)
 |     5 TungstenDens25        72  177.567  18.2000      0.3806      10.7225     92.522   107.52  243.121748    8.639109  (   0.00, 107.52, 380.00)
 |     6 Air                    7   14.784   0.0012  30528.8407   71998.1725     15.793   123.32  243.122265    8.639329  (   0.00, 123.32, 380.00)
 |     7 Aluminum              13   26.982   2.6990      8.8963      39.8672      3.000   126.32  243.459483    8.714579  (   0.00, 126.32, 380.00)
 |     8 Vacuum                 7   14.784   0.0000 3.66346e+11  8.63978e+11      1.500   127.82  243.459483    8.714579  (   0.00, 127.82, 380.00)
 |     9 Aluminum              13   26.982   2.6990      8.8963      39.8672      3.000   130.82  243.796702    8.789828  (   0.00, 130.82, 380.00)
 |    10 Air                    7   14.784   0.0012  30528.8407   71998.1725      2.000   132.82  243.796767    8.789856  (   0.00, 132.82, 380.00)
 |    11 Aluminum              13   26.982   2.6990      8.8963      39.8672      6.000   138.82  244.471203    8.940356  (   0.00, 138.82, 380.00)
 |    12 Aluminum              13   26.982   2.6990      8.8963      39.8672      5.000   143.82  245.033234    9.065772  (   0.00, 143.82, 380.00)
 |    13 Air                    7   14.784   0.0012  30528.8407   71998.1725      6.500   150.32  245.033447    9.065863  (   0.00, 150.32, 380.00)
 |    14 Aluminum              13   26.982   2.6990      8.8963      39.8672      1.500   151.82  245.202056    9.103488  (   0.00, 151.82, 380.00)
 |    15 Aluminum              13   26.982   2.6990      8.8963      39.8672      3.000   154.82  245.539274    9.178737  (   0.00, 154.82, 380.00)
 |    16 Vacuum                 7   14.784   0.0000 3.66346e+11  8.63978e+11      3.000   157.82  245.539274    9.178737  (   0.00, 157.82, 380.00)
 |    17 Aluminum              13   26.982   2.6990      8.8963      39.8672      4.000   161.82  245.988898    9.279070  (   0.00, 161.82, 380.00)
 |    18 Air                    7   14.784   0.0012  30528.8407   71998.1725      0.500   162.32  245.988914    9.279077  (   0.00, 162.32, 380.00)
 |    19 Steel235              26   55.757   7.8500      1.7653      17.1928    148.150   310.47  329.914580   17.896049  (   0.00, 310.47, 380.00)
 |    20 Air                    7   14.784   0.0012  30528.8407   71998.1725     24.361   334.83  329.915378   17.896387  (   0.00, 334.83, 380.00)
 |    21 Aluminum              13   26.982   2.6990      8.8963      39.8672      0.100   334.93  329.926618   17.898896  (   0.00, 334.93, 380.00)
 |    22 Air                    7   14.784   0.0012  30528.8407   71998.1725      0.350   335.28  329.926630   17.898901  (   0.00, 335.28, 380.00)
 |    23 PyrexGlass            10   20.495   2.2300     12.6748      43.5474      0.200   335.48  329.942409   17.903493  (   0.00, 335.48, 380.00)
 |    24 RPCGasDefault          8   16.809   0.0037   9559.7011   23915.1216      0.200   335.68  329.942430   17.903502  (   0.00, 335.68, 380.00)
 |    25 PyrexGlass            10   20.495   2.2300     12.6748      43.5474      0.200   335.88  329.958209   17.908094  (   0.00, 335.88, 380.00)
 |    26 Air                    7   14.784   0.0012  30528.8407   71998.1725      0.350   336.23  329.958221   17.908099  (   0.00, 336.23, 380.00)
 |    27 Aluminum              13   26.982   2.6990      8.8963      39.8672      0.100   336.33  329.969462   17.910608  (   0.00, 336.33, 380.00)
 |    28 Aluminum              13   26.982   2.6990      8.8963      39.8672      0.100   336.43  329.980702   17.913116  (   0.00, 336.43, 380.00)
 |    29 Air                    7   14.784   0.0012  30528.8407   71998.1725      0.350   336.78  329.980714   17.913121  (   0.00, 336.78, 380.00)
 |    30 PyrexGlass            10   20.495   2.2300     12.6748      43.5474      0.200   336.98  329.996493   17.917713  (   0.00, 336.98, 380.00)
 |    31 RPCGasDefault          8   16.809   0.0037   9559.7011   23915.1216      0.200   337.18  329.996514   17.917722  (   0.00, 337.18, 380.00)
 |    32 PyrexGlass            10   20.495   2.2300     12.6748      43.5474      0.200   337.38  330.012293   17.922314  (   0.00, 337.38, 380.00)
 |    33 Air                    7   14.784   0.0012  30528.8407   71998.1725      0.350   337.73  330.012305   17.922319  (   0.00, 337.73, 380.00)
 |    34 Aluminum              13   26.982   2.6990      8.8963      39.8672      0.100   337.83  330.023545   17.924828  (   0.00, 337.83, 380.00)
 |    35 Air                    7   14.784   0.0012  30528.8407   71998.1725      1.000   338.83  330.023578   17.924842  (   0.00, 338.83, 380.00)
 |    36 Iron                  26   55.845   7.8740      1.7575      17.1639      5.000   343.83  332.868539   18.216151  (   0.00, 343.83, 380.00)
 |    37 Aluminum              13   26.982   2.6990      8.8963      39.8672      0.100   343.93  332.879780   18.218659  (   0.00, 343.93, 380.00)
 |    38 Air                    7   14.784   0.0012  30528.8407   71998.1725      0.350   344.28  332.879791   18.218664  (   0.00, 344.28, 380.00)
 |    39 PyrexGlass            10   20.495   2.2300     12.6748      43.5474      0.200   344.48  332.895571   18.223257  (   0.00, 344.48, 380.00)
 |    40 RPCGasDefault          8   16.809   0.0037   9559.7011   23915.1216      0.200   344.68  332.895592   18.223265  (   0.00, 344.68, 380.00)
 |    41 PyrexGlass            10   20.495   2.2300     12.6748      43.5474      0.200   344.88  332.911371   18.227858  (   0.00, 344.88, 380.00)
 |    42 Air                    7   14.784   0.0012  30528.8407   71998.1725      0.350   345.23  332.911383   18.227863  (   0.00, 345.23, 380.00)
 |    43 Aluminum              13   26.982   2.6990      8.8963      39.8672      0.100   345.33  332.922623   18.230371  (   0.00, 345.33, 380.00)
 |    44 Aluminum              13   26.982   2.6990      8.8963      39.8672      0.100   345.43  332.933864   18.232879  (   0.00, 345.43, 380.00)
 |    45 Air                    7   14.784   0.0012  30528.8407   71998.1725      0.350   345.78  332.933875   18.232884  (   0.00, 345.78, 380.00)
 |    46 PyrexGlass            10   20.495   2.2300     12.6748      43.5474      0.200   345.98  332.949655   18.237477  (   0.00, 345.98, 380.00)
 |    47 RPCGasDefault          8   16.809   0.0037   9559.7011   23915.1216      0.200   346.18  332.949676   18.237485  (   0.00, 346.18, 380.00)
 |    48 PyrexGlass            10   20.495   2.2300     12.6748      43.5474      0.200   346.38  332.965455   18.242078  (   0.00, 346.38, 380.00)
 |    49 Air                    7   14.784   0.0012  30528.8407   71998.1725      0.350   346.73  332.965467   18.242083  (   0.00, 346.73, 380.00)
 |    50 Aluminum              13   26.982   2.6990      8.8963      39.8672      0.100   346.83  332.976707   18.244591  (   0.00, 346.83, 380.00)
 |    51 Air                    7   14.784   0.0012  30528.8407   71998.1725      1.000   347.83  332.976740   18.244605  (   0.00, 347.83, 380.00)
 |    52 Iron                  26   55.845   7.8740      1.7575      17.1639     20.000   367.83  344.356585   19.409841  (   0.00, 367.83, 380.00)
 |    53 Aluminum              13   26.982   2.6990      8.8963      39.8672      0.100   367.93  344.367826   19.412350  (   0.00, 367.93, 380.00)
 |    54 Air                    7   14.784   0.0012  30528.8407   71998.1725      0.350   368.28  344.367837   19.412355  (   0.00, 368.28, 380.00)
 |    55 PyrexGlass            10   20.495   2.2300     12.6748      43.5474      0.200   368.48  344.383617   19.416947  (   0.00, 368.48, 380.00)
 |    56 RPCGasDefault          8   16.809   0.0037   9559.7011   23915.1216      0.200   368.68  344.383637   19.416956  (   0.00, 368.68, 380.00)
 |    57 PyrexGlass            10   20.495   2.2300     12.6748      43.5474      0.200   368.88  344.399417   19.421548  (   0.00, 368.88, 380.00)
 |    58 Air                    7   14.784   0.0012  30528.8407   71998.1725      0.350   369.23  344.399428   19.421553  (   0.00, 369.23, 380.00)
 |    59 Aluminum              13   26.982   2.6990      8.8963      39.8672      0.100   369.33  344.410669   19.424062  (   0.00, 369.33, 380.00)
 |    60 Aluminum              13   26.982   2.6990      8.8963      39.8672      0.100   369.43  344.421910   19.426570  (   0.00, 369.43, 380.00)
 |    61 Air                    7   14.784   0.0012  30528.8407   71998.1725      0.350   369.78  344.421921   19.426575  (   0.00, 369.78, 380.00)
 |    62 PyrexGlass            10   20.495   2.2300     12.6748      43.5474      0.200   369.98  344.437700   19.431167  (   0.00, 369.98, 380.00)
 |    63 RPCGasDefault          8   16.809   0.0037   9559.7011   23915.1216      0.200   370.18  344.437721   19.431176  (   0.00, 370.18, 380.00)
 |    64 PyrexGlass            10   20.495   2.2300     12.6748      43.5474      0.200   370.38  344.453501   19.435768  (   0.00, 370.38, 380.00)
 |    65 Air                    7   14.784   0.0012  30528.8407   71998.1725      0.350   370.73  344.453512   19.435773  (   0.00, 370.73, 380.00)
 |    66 Aluminum              13   26.982   2.6990      8.8963      39.8672      0.100   370.83  344.464753   19.438282  (   0.00, 370.83, 380.00)
 |    67 Air                    7   14.784   0.0012  30528.8407   71998.1725      1.000   371.83  344.464786   19.438296  (   0.00, 371.83, 380.00)
 |    68 Iron                  26   55.845   7.8740      1.7575      17.1639     10.000   381.83  350.154708   20.020914  (   0.00, 381.83, 380.00)
 |    69 Aluminum              13   26.982   2.6990      8.8963      39.8672      0.100   381.93  350.165949   20.023422  (   0.00, 381.93, 380.00)
 |    70 Air                    7   14.784   0.0012  30528.8407   71998.1725      0.350   382.28  350.165960   20.023427  (   0.00, 382.28, 380.00)
 |    71 PyrexGlass            10   20.495   2.2300     12.6748      43.5474      0.200   382.48  350.181740   20.028020  (   0.00, 382.48, 380.00)
 |    72 RPCGasDefault          8   16.809   0.0037   9559.7011   23915.1216      0.200   382.68  350.181760   20.028028  (   0.00, 382.68, 380.00)
 |    73 PyrexGlass            10   20.495   2.2300     12.6748      43.5474      0.200   382.88  350.197540   20.032621  (   0.00, 382.88, 380.00)
 |    74 Air                    7   14.784   0.0012  30528.8407   71998.1725      0.350   383.23  350.197551   20.032626  (   0.00, 383.23, 380.00)
 |    75 Aluminum              13   26.982   2.6990      8.8963      39.8672      0.100   383.33  350.208792   20.035134  (   0.00, 383.33, 380.00)
 |    76 Aluminum              13   26.982   2.6990      8.8963      39.8672      0.100   383.43  350.220033   20.037642  (   0.00, 383.43, 380.00)
 |    77 Air                    7   14.784   0.0012  30528.8407   71998.1725      0.350   383.78  350.220044   20.037647  (   0.00, 383.78, 380.00)
 |    78 PyrexGlass            10   20.495   2.2300     12.6748      43.5474      0.200   383.98  350.235823   20.042240  (   0.00, 383.98, 380.00)
 |    79 RPCGasDefault          8   16.809   0.0037   9559.7011   23915.1216      0.200   384.18  350.235844   20.042248  (   0.00, 384.18, 380.00)
 |    80 PyrexGlass            10   20.495   2.2300     12.6748      43.5474      0.200   384.38  350.251624   20.046841  (   0.00, 384.38, 380.00)
 |    81 Air                    7   14.784   0.0012  30528.8407   71998.1725      0.350   384.73  350.251635   20.046846  (   0.00, 384.73, 380.00)
 |    82 Aluminum              13   26.982   2.6990      8.8963      39.8672      0.100   384.83  350.262876   20.049354  (   0.00, 384.83, 380.00)
 |    83 Air                    7   14.784   0.0012  30528.8407   71998.1725      1.000   385.83  350.262909   20.049368  (   0.00, 385.83, 380.00)
 |    84 Iron                  26   55.845   7.8740      1.7575      17.1639     10.000   395.83  355.952831   20.631986  (   0.00, 395.83, 380.00)
 |    85 Aluminum              13   26.982   2.6990      8.8963      39.8672      0.100   395.93  355.964072   20.634495  (   0.00, 395.93, 380.00)
 |    86 Air                    7   14.784   0.0012  30528.8407   71998.1725      0.350   396.28  355.964083   20.634499  (   0.00, 396.28, 380.00)
 |    87 PyrexGlass            10   20.495   2.2300     12.6748      43.5474      0.200   396.48  355.979863   20.639092  (   0.00, 396.48, 380.00)
 |    88 RPCGasDefault          8   16.809   0.0037   9559.7011   23915.1216      0.200   396.68  355.979884   20.639100  (   0.00, 396.68, 380.00)
 |    89 PyrexGlass            10   20.495   2.2300     12.6748      43.5474      0.200   396.88  355.995663   20.643693  (   0.00, 396.88, 380.00)
 |    90 Air                    7   14.784   0.0012  30528.8407   71998.1725      0.350   397.23  355.995674   20.643698  (   0.00, 397.23, 380.00)
 |    91 Aluminum              13   26.982   2.6990      8.8963      39.8672      0.100   397.33  356.006915   20.646206  (   0.00, 397.33, 380.00)
 |    92 Aluminum              13   26.982   2.6990      8.8963      39.8672      0.100   397.43  356.018156   20.648715  (   0.00, 397.43, 380.00)
 |    93 Air                    7   14.784   0.0012  30528.8407   71998.1725      0.350   397.78  356.018167   20.648720  (   0.00, 397.78, 380.00)
 |    94 PyrexGlass            10   20.495   2.2300     12.6748      43.5474      0.200   397.98  356.033946   20.653312  (   0.00, 397.98, 380.00)
 |    95 RPCGasDefault          8   16.809   0.0037   9559.7011   23915.1216      0.200   398.18  356.033967   20.653321  (   0.00, 398.18, 380.00)
 |    96 PyrexGlass            10   20.495   2.2300     12.6748      43.5474      0.200   398.38  356.049747   20.657913  (   0.00, 398.38, 380.00)
 |    97 Air                    7   14.784   0.0012  30528.8407   71998.1725      0.350   398.73  356.049758   20.657918  (   0.00, 398.73, 380.00)
 |    98 Aluminum              13   26.982   2.6990      8.8963      39.8672      0.100   398.83  356.060999   20.660427  (   0.00, 398.83, 380.00)
 |    99 Air                    7   14.784   0.0012  30528.8407   71998.1725      1.000   399.83  356.061032   20.660440  (   0.00, 399.83, 380.00)
 |   100 Iron                  26   55.845   7.8740      1.7575      17.1639     10.000   409.83  361.750954   21.243059  (   0.00, 409.83, 380.00)
 |   101 Aluminum              13   26.982   2.6990      8.8963      39.8672      0.100   409.93  361.762195   21.245567  (   0.00, 409.93, 380.00)
 |   102 Air                    7   14.784   0.0012  30528.8407   71998.1725      0.350   410.28  361.762206   21.245572  (   0.00, 410.28, 380.00)
 |   103 PyrexGlass            10   20.495   2.2300     12.6748      43.5474      0.200   410.48  361.777986   21.250165  (   0.00, 410.48, 380.00)
 |   104 RPCGasDefault          8   16.809   0.0037   9559.7011   23915.1216      0.200   410.68  361.778007   21.250173  (   0.00, 410.68, 380.00)
 |   105 PyrexGlass            10   20.495   2.2300     12.6748      43.5474      0.200   410.88  361.793786   21.254766  (   0.00, 410.88, 380.00)
 |   106 Air                    7   14.784   0.0012  30528.8407   71998.1725      0.350   411.23  361.793797   21.254770  (   0.00, 411.23, 380.00)
 |   107 Aluminum              13   26.982   2.6990      8.8963      39.8672      0.100   411.33  361.805038   21.257279  (   0.00, 411.33, 380.00)
 |   108 Aluminum              13   26.982   2.6990      8.8963      39.8672      0.100   411.43  361.816279   21.259787  (   0.00, 411.43, 380.00)
 |   109 Air                    7   14.784   0.0012  30528.8407   71998.1725      0.350   411.78  361.816290   21.259792  (   0.00, 411.78, 380.00)
 |   110 PyrexGlass            10   20.495   2.2300     12.6748      43.5474      0.200   411.98  361.832069   21.264385  (   0.00, 411.98, 380.00)
 |   111 RPCGasDefault          8   16.809   0.0037   9559.7011   23915.1216      0.200   412.18  361.832090   21.264393  (   0.00, 412.18, 380.00)
 |   112 PyrexGlass            10   20.495   2.2300     12.6748      43.5474      0.200   412.38  361.847870   21.268986  (   0.00, 412.38, 380.00)
 |   113 Air                    7   14.784   0.0012  30528.8407   71998.1725      0.350   412.73  361.847881   21.268991  (   0.00, 412.73, 380.00)
 |   114 Aluminum              13   26.982   2.6990      8.8963      39.8672      0.100   412.83  361.859122   21.271499  (   0.00, 412.83, 380.00)
 |   115 Air                    7   14.784   0.0012  30528.8407   71998.1725      1.000   413.83  361.859155   21.271513  (   0.00, 413.83, 380.00)
 |   116 Iron                  26   55.845   7.8740      1.7575      17.1639     10.000   423.83  367.549077   21.854131  (   0.00, 423.83, 380.00)
 |   117 Aluminum              13   26.982   2.6990      8.8963      39.8672      0.100   423.93  367.560318   21.856639  (   0.00, 423.93, 380.00)
 |   118 Air                    7   14.784   0.0012  30528.8407   71998.1725      0.350   424.28  367.560329   21.856644  (   0.00, 424.28, 380.00)
 |   119 PyrexGlass            10   20.495   2.2300     12.6748      43.5474      0.200   424.48  367.576109   21.861237  (   0.00, 424.48, 380.00)
 |   120 RPCGasDefault          8   16.809   0.0037   9559.7011   23915.1216      0.200   424.68  367.576130   21.861245  (   0.00, 424.68, 380.00)
 |   121 PyrexGlass            10   20.495   2.2300     12.6748      43.5474      0.200   424.88  367.591909   21.865838  (   0.00, 424.88, 380.00)
 |   122 Air                    7   14.784   0.0012  30528.8407   71998.1725      0.350   425.23  367.591920   21.865843  (   0.00, 425.23, 380.00)
 |   123 Aluminum              13   26.982   2.6990      8.8963      39.8672      0.100   425.33  367.603161   21.868351  (   0.00, 425.33, 380.00)
 |   124 Aluminum              13   26.982   2.6990      8.8963      39.8672      0.100   425.43  367.614402   21.870860  (   0.00, 425.43, 380.00)
 |   125 Air                    7   14.784   0.0012  30528.8407   71998.1725      0.350   425.78  367.614413   21.870864  (   0.00, 425.78, 380.00)
 |   126 PyrexGlass            10   20.495   2.2300     12.6748      43.5474      0.200   425.98  367.630193   21.875457  (   0.00, 425.98, 380.00)
 |   127 RPCGasDefault          8   16.809   0.0037   9559.7011   23915.1216      0.200   426.18  367.630213   21.875465  (   0.00, 426.18, 380.00)
 |   128 PyrexGlass            10   20.495   2.2300     12.6748      43.5474      0.200   426.38  367.645993   21.880058  (   0.00, 426.38, 380.00)
 |   129 Air                    7   14.784   0.0012  30528.8407   71998.1725      0.350   426.73  367.646004   21.880063  (   0.00, 426.73, 380.00)
 |   130 Aluminum              13   26.982   2.6990      8.8963      39.8672      0.100   426.83  367.657245   21.882571  (   0.00, 426.83, 380.00)
 |   131 Air                    7   14.784   0.0012  30528.8407   71998.1725      1.000   427.83  367.657278   21.882585  (   0.00, 427.83, 380.00)
 |   132 Iron                  26   55.845   7.8740      1.7575      17.1639     10.000   437.83  373.347200   22.465204  (   0.00, 437.83, 380.00)
 |   133 Aluminum              13   26.982   2.6990      8.8963      39.8672      0.100   437.93  373.358441   22.467712  (   0.00, 437.93, 380.00)
 |   134 Air                    7   14.784   0.0012  30528.8407   71998.1725      0.350   438.28  373.358452   22.467717  (   0.00, 438.28, 380.00)
 |   135 PyrexGlass            10   20.495   2.2300     12.6748      43.5474      0.200   438.48  373.374232   22.472309  (   0.00, 438.48, 380.00)
 |   136 RPCGasDefault          8   16.809   0.0037   9559.7011   23915.1216      0.200   438.68  373.374253   22.472318  (   0.00, 438.68, 380.00)
 |   137 PyrexGlass            10   20.495   2.2300     12.6748      43.5474      0.200   438.88  373.390032   22.476910  (   0.00, 438.88, 380.00)
 |   138 Air                    7   14.784   0.0012  30528.8407   71998.1725      0.350   439.23  373.390044   22.476915  (   0.00, 439.23, 380.00)
 |   139 Aluminum              13   26.982   2.6990      8.8963      39.8672      0.100   439.33  373.401284   22.479424  (   0.00, 439.33, 380.00)
 |   140 Aluminum              13   26.982   2.6990      8.8963      39.8672      0.100   439.43  373.412525   22.481932  (   0.00, 439.43, 380.00)
 |   141 Air                    7   14.784   0.0012  30528.8407   71998.1725      0.350   439.78  373.412536   22.481937  (   0.00, 439.78, 380.00)
 |   142 PyrexGlass            10   20.495   2.2300     12.6748      43.5474      0.200   439.98  373.428316   22.486530  (   0.00, 439.98, 380.00)
 |   143 RPCGasDefault          8   16.809   0.0037   9559.7011   23915.1216      0.200   440.18  373.428337   22.486538  (   0.00, 440.18, 380.00)
 |   144 PyrexGlass            10   20.495   2.2300     12.6748      43.5474      0.200   440.38  373.444116   22.491131  (   0.00, 440.38, 380.00)
 |   145 Air                    7   14.784   0.0012  30528.8407   71998.1725      0.350   440.73  373.444127   22.491135  (   0.00, 440.73, 380.00)
 |   146 Aluminum              13   26.982   2.6990      8.8963      39.8672      0.100   440.83  373.455368   22.493644  (   0.00, 440.83, 380.00)
 |   147 Air                    7   14.784   0.0012  30528.8407   71998.1725      1.000   441.83  373.455401   22.493658  (   0.00, 441.83, 380.00)
 |   148 Iron                  26   55.845   7.8740      1.7575      17.1639     10.000   451.83  379.145323   23.076276  (   0.00, 451.83, 380.00)
 |   149 Aluminum              13   26.982   2.6990      8.8963      39.8672      0.100   451.93  379.156564   23.078784  (   0.00, 451.93, 380.00)
 |   150 Air                    7   14.784   0.0012  30528.8407   71998.1725      0.350   452.28  379.156575   23.078789  (   0.00, 452.28, 380.00)
 |   151 PyrexGlass            10   20.495   2.2300     12.6748      43.5474      0.200   452.48  379.172355   23.083382  (   0.00, 452.48, 380.00)
 |   152 RPCGasDefault          8   16.809   0.0037   9559.7011   23915.1216      0.200   452.68  379.172376   23.083390  (   0.00, 452.68, 380.00)
 |   153 PyrexGlass            10   20.495   2.2300     12.6748      43.5474      0.200   452.88  379.188155   23.087983  (   0.00, 452.88, 380.00)
 |   154 Air                    7   14.784   0.0012  30528.8407   71998.1725      0.350   453.23  379.188167   23.087988  (   0.00, 453.23, 380.00)
 |   155 Aluminum              13   26.982   2.6990      8.8963      39.8672      0.100   453.33  379.199407   23.090496  (   0.00, 453.33, 380.00)
 |   156 Aluminum              13   26.982   2.6990      8.8963      39.8672      0.100   453.43  379.210648   23.093004  (   0.00, 453.43, 380.00)
 |   157 Air                    7   14.784   0.0012  30528.8407   71998.1725      0.350   453.78  379.210659   23.093009  (   0.00, 453.78, 380.00)
 |   158 PyrexGlass            10   20.495   2.2300     12.6748      43.5474      0.200   453.98  379.226439   23.097602  (   0.00, 453.98, 380.00)
 |   159 RPCGasDefault          8   16.809   0.0037   9559.7011   23915.1216      0.200   454.18  379.226460   23.097610  (   0.00, 454.18, 380.00)
 |   160 PyrexGlass            10   20.495   2.2300     12.6748      43.5474      0.200   454.38  379.242239   23.102203  (   0.00, 454.38, 380.00)
 |   161 Air                    7   14.784   0.0012  30528.8407   71998.1725      0.350   454.73  379.242250   23.102208  (   0.00, 454.73, 380.00)
 |   162 Aluminum              13   26.982   2.6990      8.8963      39.8672      0.100   454.83  379.253491   23.104716  (   0.00, 454.83, 380.00)
 |   163 Air                    7   14.784   0.0012  30528.8407   71998.1725      1.000   455.83  379.253524   23.104730  (   0.00, 455.83, 380.00)
 |   164 Iron                  26   55.845   7.8740      1.7575      17.1639     20.000   475.83  390.633369   24.269967  (   0.00, 475.83, 380.00)
 |   165 Air                    7   14.784   0.0012  30528.8407   71998.1725    124.174   600.00  390.637436   24.271691  (   0.00, 600.00, 380.00)
 +--------------------------------------------------------------------------------------------------------------------------------------------------
 |     0 Average Material      34   77.019   6.2821      1.5360      24.7202    600.000   600.00  390.637436   24.271691  (   0.00, 600.00, 380.00)
 +--------------------------------------------------------------------------------------------------------------------------------------------------
