> materialScan compact_Lhe_dip_sol_ell.xml 2. 0. 5. 2. 600. 5. >| materialScan_compact_Lhe_dip_sol_ell_2_0_5_2_600_5_90deg_up.txt
VertexBarrelSupports_layer0 2.5 2.5 50.625
VertexBarrelSupports_layer1 4.5 4.5 51.7
 +--------------------------------------------------------------------------------------------------------------------------------------------------
 + Material scan between: x_0 = (   2.00,   0.00,   5.00) [cm] and x_1 = (   2.00, 600.00,   5.00) [cm] : 
 +--------------------------------------------------------------------------------------------------------------------------------------------------
 |     \   Material           Atomic                 Radiation   Interaction               Path   Integrated  Integrated    Material
 | Num. \  Name          Number/Z   Mass/A  Density    Length       Length    Thickness   Length      X0        Lambda      Endpoint  
 | Layer \                        [g/mole]  [g/cm3]     [cm]        [cm]          [cm]      [cm]     [cm]        [cm]     (     cm,     cm,     cm)
 +--------------------------------------------------------------------------------------------------------------------------------------------------
 |     1 Beryllium              4    9.012   1.8480     35.2760      39.4488      1.327     1.33    0.037608    0.033630  (   2.00,   1.33,   5.00)
 |     2 Air                    7   14.784   0.0012  30528.8407   71998.1725      0.173     1.50    0.037613    0.033632  (   2.00,   1.50,   5.00)
 |     3 Air                    7   14.784   0.0012  30528.8407   71998.1725      1.064     2.56    0.037648    0.033647  (   2.00,   2.56,   5.00)
 |     4 Air                    7   14.784   0.0012  30528.8407   71998.1725      0.286     2.85    0.037658    0.033651  (   2.00,   2.85,   5.00)
 |     5 CarbonFiber_50D        6   11.968   0.7500     56.1492     102.4553      0.016     2.87    0.037944    0.033808  (   2.00,   2.87,   5.00)
 |     6 Air                    7   14.784   0.0012  30528.8407   71998.1725      0.032     2.90    0.037945    0.033808  (   2.00,   2.90,   5.00)
 |     7 Silicon               14   28.085   2.3300      9.3661      45.7531      0.006     2.90    0.038605    0.033943  (   2.00,   2.90,   5.00)
 |     8 Air                    7   14.784   0.0012  30528.8407   71998.1725      0.137     3.04    0.038609    0.033945  (   2.00,   3.04,   5.00)
 |     9 Kapton                 6   12.701   1.4300     28.3749      55.9194      0.005     3.05    0.038775    0.034029  (   2.00,   3.05,   5.00)
 |    10 Air                    7   14.784   0.0012  30528.8407   71998.1725      0.008     3.05    0.038775    0.034029  (   2.00,   3.05,   5.00)
 |    11 Copper                29   63.546   8.9600      1.4356      15.6778      0.000     3.05    0.039102    0.034059  (   2.00,   3.05,   5.00)
 |    12 Air                    7   14.784   0.0012  30528.8407   71998.1725      0.128     3.18    0.039106    0.034061  (   2.00,   3.18,   5.00)
 |    13 Air                    7   14.784   0.0012  30528.8407   71998.1725      0.849     4.03    0.039134    0.034073  (   2.00,   4.03,   5.00)
 |    14 Air                    7   14.784   0.0012  30528.8407   71998.1725      0.877     4.91    0.039163    0.034085  (   2.00,   4.91,   5.00)
 |    15 Air                    7   14.784   0.0012  30528.8407   71998.1725      3.867     8.77    0.039290    0.034139  (   2.00,   8.77,   5.00)
 |    16 Air                    7   14.784   0.0012  30528.8407   71998.1725      2.589    11.36    0.039374    0.034175  (   2.00,  11.36,   5.00)
 |    17 PEEK                   6   12.213   1.3700     30.3288      56.7278      0.021    11.39    0.040078    0.034550  (   2.00,  11.39,   5.00)
 |    18 CarbonFiber_50D        6   11.968   0.7500     56.1492     102.4553      0.017    11.40    0.040381    0.034717  (   2.00,  11.40,   5.00)
 |    19 Rohacell31_50D         6   12.079   0.0160   2584.8791    4680.4532      0.192    11.59    0.040456    0.034758  (   2.00,  11.59,   5.00)
 |    20 Epoxy                  6   11.888   1.3000     31.5900      54.8420      0.019    11.61    0.041046    0.035098  (   2.00,  11.61,   5.00)
 |    21 CarbonFiber_50D        6   11.968   0.7500     56.1492     102.4553      0.017    11.63    0.041350    0.035265  (   2.00,  11.63,   5.00)
 |    22 Air                    7   14.784   0.0012  30528.8407   71998.1725      0.032    11.66    0.041351    0.035265  (   2.00,  11.66,   5.00)
 |    23 Silicon               14   28.085   2.3300      9.3661      45.7531      0.001    11.66    0.041406    0.035276  (   2.00,  11.66,   5.00)
 |    24 Air                    7   14.784   0.0012  30528.8407   71998.1725      0.006    11.67    0.041406    0.035276  (   2.00,  11.67,   5.00)
 |    25 Kapton                 6   12.701   1.4300     28.3749      55.9194      0.004    11.67    0.041549    0.035349  (   2.00,  11.67,   5.00)
 |    26 Air                    7   14.784   0.0012  30528.8407   71998.1725      0.007    11.68    0.041549    0.035349  (   2.00,  11.68,   5.00)
 |    27 Copper                29   63.546   8.9600      1.4356      15.6778      0.000    11.68    0.041831    0.035375  (   2.00,  11.68,   5.00)
 |    28 Air                    7   14.784   0.0012  30528.8407   71998.1725      0.004    11.68    0.041831    0.035375  (   2.00,  11.68,   5.00)
 |    29 Air                    7   14.784   0.0012  30528.8407   71998.1725      4.090    15.77    0.041965    0.035432  (   2.00,  15.77,   5.00)
 |    30 Air                    7   14.784   0.0012  30528.8407   71998.1725      6.035    21.81    0.042163    0.035516  (   2.00,  21.81,   5.00)
 |    31 Air                    7   14.784   0.0012  30528.8407   71998.1725      6.020    27.83    0.042360    0.035599  (   2.00,  27.83,   5.00)
 |    32 Rohacell31_50D         6   12.079   0.0160   2584.8791    4680.4532      0.139    27.97    0.042414    0.035629  (   2.00,  27.97,   5.00)
 |    33 Epoxy                  6   11.888   1.3000     31.5900      54.8420      0.018    27.98    0.042968    0.035948  (   2.00,  27.98,   5.00)
 |    34 CarbonFiber_50D        6   11.968   0.7500     56.1492     102.4553      0.016    28.00    0.043254    0.036104  (   2.00,  28.00,   5.00)
 |    35 Air                    7   14.784   0.0012  30528.8407   71998.1725      0.030    28.03    0.043255    0.036105  (   2.00,  28.03,   5.00)
 |    36 Silicon               14   28.085   2.3300      9.3661      45.7531      0.000    28.03    0.043306    0.036115  (   2.00,  28.03,   5.00)
 |    37 Air                    7   14.784   0.0012  30528.8407   71998.1725      0.006    28.04    0.043306    0.036115  (   2.00,  28.04,   5.00)
 |    38 Kapton                 6   12.701   1.4300     28.3749      55.9194      0.004    28.04    0.043440    0.036183  (   2.00,  28.04,   5.00)
 |    39 Air                    7   14.784   0.0012  30528.8407   71998.1725      0.006    28.05    0.043440    0.036184  (   2.00,  28.05,   5.00)
 |    40 Copper                29   63.546   8.9600      1.4356      15.6778      0.000    28.05    0.043705    0.036208  (   2.00,  28.05,   5.00)
 |    41 Air                    7   14.784   0.0012  30528.8407   71998.1725      0.004    28.05    0.043705    0.036208  (   2.00,  28.05,   5.00)
 |    42 Air                    7   14.784   0.0012  30528.8407   71998.1725      4.889    32.94    0.043866    0.036276  (   2.00,  32.94,   5.00)
 |    43 Air                    7   14.784   0.0012  30528.8407   71998.1725      8.312    41.25    0.044138    0.036391  (   2.00,  41.25,   5.00)
 |    44 CarbonFiber            6   11.968   1.5000     28.0746      51.2277      0.050    41.30    0.045921    0.037368  (   2.00,  41.30,   5.00)
 |    45 Rohacell31_15percent   6   12.079   0.0048   8616.2638   15601.5107      0.808    42.11    0.046015    0.037420  (   2.00,  42.11,   5.00)
 |    46 CarbonFiber            6   11.968   1.5000     28.0746      51.2277      0.050    42.16    0.047798    0.038397  (   2.00,  42.16,   5.00)
 |    47 Rohacell31_50D         6   12.079   0.0160   2584.8791    4680.4532      0.134    42.29    0.047850    0.038426  (   2.00,  42.29,   5.00)
 |    48 Epoxy                  6   11.888   1.3000     31.5900      54.8420      0.018    42.31    0.048404    0.038745  (   2.00,  42.31,   5.00)
 |    49 CarbonFiber_50D        6   11.968   0.7500     56.1492     102.4553      0.016    42.33    0.048689    0.038901  (   2.00,  42.33,   5.00)
 |    50 Air                    7   14.784   0.0012  30528.8407   71998.1725      0.030    42.36    0.048690    0.038902  (   2.00,  42.36,   5.00)
 |    51 Silicon               14   28.085   2.3300      9.3661      45.7531      0.000    42.36    0.048741    0.038912  (   2.00,  42.36,   5.00)
 |    52 Air                    7   14.784   0.0012  30528.8407   71998.1725      0.005    42.36    0.048741    0.038912  (   2.00,  42.36,   5.00)
 |    53 Kapton                 6   12.701   1.4300     28.3749      55.9194      0.005    42.37    0.048921    0.039004  (   2.00,  42.37,   5.00)
 |    54 Air                    7   14.784   0.0012  30528.8407   71998.1725      0.006    42.37    0.048921    0.039004  (   2.00,  42.37,   5.00)
 |    55 Copper                29   63.546   8.9600      1.4356      15.6778      0.001    42.37    0.049283    0.039037  (   2.00,  42.37,   5.00)
 |    56 Air                    7   14.784   0.0012  30528.8407   71998.1725      0.004    42.38    0.049283    0.039037  (   2.00,  42.38,   5.00)
 |    57 Air                    7   14.784   0.0012  30528.8407   71998.1725      5.580    47.96    0.049466    0.039114  (   2.00,  47.96,   5.00)
 |    58 Air                    7   14.784   0.0012  30528.8407   71998.1725      8.106    56.06    0.049732    0.039227  (   2.00,  56.06,   5.00)
 |    59 CarbonFiber            6   11.968   1.5000     28.0746      51.2277      0.050    56.11    0.051514    0.040204  (   2.00,  56.11,   5.00)
 |    60 Rohacell31_15percent   6   12.079   0.0048   8616.2638   15601.5107      0.808    56.92    0.051608    0.040255  (   2.00,  56.92,   5.00)
 |    61 CarbonFiber            6   11.968   1.5000     28.0746      51.2277      0.050    56.97    0.053390    0.041232  (   2.00,  56.97,   5.00)
 |    62 Rohacell31_50D         6   12.079   0.0160   2584.8791    4680.4532      0.041    57.01    0.053406    0.041241  (   2.00,  57.01,   5.00)
 |    63 Epoxy                  6   11.888   1.3000     31.5900      54.8420      0.018    57.03    0.053960    0.041560  (   2.00,  57.03,   5.00)
 |    64 CarbonFiber_50D        6   11.968   0.7500     56.1492     102.4553      0.016    57.05    0.054245    0.041716  (   2.00,  57.05,   5.00)
 |    65 Air                    7   14.784   0.0012  30528.8407   71998.1725      0.030    57.08    0.054246    0.041717  (   2.00,  57.08,   5.00)
 |    66 Silicon               14   28.085   2.3300      9.3661      45.7531      0.000    57.08    0.054297    0.041727  (   2.00,  57.08,   5.00)
 |    67 Air                    7   14.784   0.0012  30528.8407   71998.1725      0.004    57.08    0.054297    0.041727  (   2.00,  57.08,   5.00)
 |    68 Kapton                 6   12.701   1.4300     28.3749      55.9194      0.006    57.09    0.054523    0.041842  (   2.00,  57.09,   5.00)
 |    69 Air                    7   14.784   0.0012  30528.8407   71998.1725      0.005    57.09    0.054523    0.041842  (   2.00,  57.09,   5.00)
 |    70 Copper                29   63.546   8.9600      1.4356      15.6778      0.001    57.09    0.054976    0.041883  (   2.00,  57.09,   5.00)
 |    71 Air                    7   14.784   0.0012  30528.8407   71998.1725      0.004    57.10    0.054976    0.041883  (   2.00,  57.10,   5.00)
 |    72 Air                    7   14.784   0.0012  30528.8407   71998.1725      5.870    62.97    0.055168    0.041965  (   2.00,  62.97,   5.00)
 |    73 Air                    7   14.784   0.0012  30528.8407   71998.1725      2.254    65.22    0.055242    0.041996  (   2.00,  65.22,   5.00)
 |    74 Kapton                 6   12.701   1.4300     28.3749      55.9194      0.030    65.25    0.056299    0.042533  (   2.00,  65.25,   5.00)
 |    75 Polystyrene            6   11.077   1.0320     42.5383      70.1339      0.300    65.55    0.063352    0.046810  (   2.00,  65.55,   5.00)
 |    76 Lead                  82  207.217  11.3500      0.5613      18.2607      0.300    65.85    0.597870    0.063239  (   2.00,  65.85,   5.00)
 |    77 Polystyrene            6   11.077   1.0320     42.5383      70.1339      0.500    66.35    0.609624    0.070368  (   2.00,  66.35,   5.00)
 |    78 Air                    7   14.784   0.0012  30528.8407   71998.1725      0.150    66.50    0.609629    0.070370  (   2.00,  66.50,   5.00)
 |    79 Lead                  82  207.217  11.3500      0.5613      18.2607      0.300    66.80    1.144147    0.086799  (   2.00,  66.80,   5.00)
 |    80 Polystyrene            6   11.077   1.0320     42.5383      70.1339      0.500    67.30    1.155901    0.093928  (   2.00,  67.30,   5.00)
 |    81 Air                    7   14.784   0.0012  30528.8407   71998.1725      0.150    67.45    1.155906    0.093930  (   2.00,  67.45,   5.00)
 |    82 Lead                  82  207.217  11.3500      0.5613      18.2607      0.300    67.75    1.690424    0.110359  (   2.00,  67.75,   5.00)
 |    83 Polystyrene            6   11.077   1.0320     42.5383      70.1339      0.500    68.25    1.702178    0.117488  (   2.00,  68.25,   5.00)
 |    84 Air                    7   14.784   0.0012  30528.8407   71998.1725      0.150    68.40    1.702183    0.117490  (   2.00,  68.40,   5.00)
 |    85 Lead                  82  207.217  11.3500      0.5613      18.2607      0.300    68.70    2.236701    0.133919  (   2.00,  68.70,   5.00)
 |    86 Polystyrene            6   11.077   1.0320     42.5383      70.1339      0.500    69.20    2.248455    0.141048  (   2.00,  69.20,   5.00)
 |    87 Air                    7   14.784   0.0012  30528.8407   71998.1725      0.150    69.35    2.248460    0.141050  (   2.00,  69.35,   5.00)
 |    88 Lead                  82  207.217  11.3500      0.5613      18.2607      0.300    69.65    2.782978    0.157479  (   2.00,  69.65,   5.00)
 |    89 Polystyrene            6   11.077   1.0320     42.5383      70.1339      0.500    70.15    2.794732    0.164608  (   2.00,  70.15,   5.00)
 |    90 Air                    7   14.784   0.0012  30528.8407   71998.1725      0.150    70.30    2.794737    0.164610  (   2.00,  70.30,   5.00)
 |    91 Lead                  82  207.217  11.3500      0.5613      18.2607      0.300    70.60    3.329255    0.181039  (   2.00,  70.60,   5.00)
 |    92 Polystyrene            6   11.077   1.0320     42.5383      70.1339      0.500    71.10    3.341009    0.188168  (   2.00,  71.10,   5.00)
 |    93 Air                    7   14.784   0.0012  30528.8407   71998.1725      0.150    71.25    3.341014    0.188170  (   2.00,  71.25,   5.00)
 |    94 Lead                  82  207.217  11.3500      0.5613      18.2607      0.300    71.55    3.875532    0.204599  (   2.00,  71.55,   5.00)
 |    95 Polystyrene            6   11.077   1.0320     42.5383      70.1339      0.500    72.05    3.887286    0.211728  (   2.00,  72.05,   5.00)
 |    96 Air                    7   14.784   0.0012  30528.8407   71998.1725      0.150    72.20    3.887291    0.211730  (   2.00,  72.20,   5.00)
 |    97 Lead                  82  207.217  11.3500      0.5613      18.2607      0.300    72.50    4.421809    0.228159  (   2.00,  72.50,   5.00)
 |    98 Polystyrene            6   11.077   1.0320     42.5383      70.1339      0.500    73.00    4.433563    0.235288  (   2.00,  73.00,   5.00)
 |    99 Air                    7   14.784   0.0012  30528.8407   71998.1725      0.150    73.15    4.433568    0.235290  (   2.00,  73.15,   5.00)
 |   100 Lead                  82  207.217  11.3500      0.5613      18.2607      0.300    73.45    4.968086    0.251719  (   2.00,  73.45,   5.00)
 |   101 Polystyrene            6   11.077   1.0320     42.5383      70.1339      0.500    73.95    4.979840    0.258848  (   2.00,  73.95,   5.00)
 |   102 Air                    7   14.784   0.0012  30528.8407   71998.1725      0.150    74.10    4.979845    0.258850  (   2.00,  74.10,   5.00)
 |   103 Lead                  82  207.217  11.3500      0.5613      18.2607      0.400    74.50    5.692536    0.280755  (   2.00,  74.50,   5.00)
 |   104 Polystyrene            6   11.077   1.0320     42.5383      70.1339      0.500    75.00    5.704290    0.287885  (   2.00,  75.00,   5.00)
 |   105 Air                    7   14.784   0.0012  30528.8407   71998.1725      0.150    75.15    5.704295    0.287887  (   2.00,  75.15,   5.00)
 |   106 Lead                  82  207.217  11.3500      0.5613      18.2607      0.400    75.55    6.416986    0.309792  (   2.00,  75.55,   5.00)
 |   107 Polystyrene            6   11.077   1.0320     42.5383      70.1339      0.500    76.05    6.428740    0.316921  (   2.00,  76.05,   5.00)
 |   108 Air                    7   14.784   0.0012  30528.8407   71998.1725      0.150    76.20    6.428745    0.316923  (   2.00,  76.20,   5.00)
 |   109 Lead                  82  207.217  11.3500      0.5613      18.2607      0.400    76.60    7.141435    0.338828  (   2.00,  76.60,   5.00)
 |   110 Polystyrene            6   11.077   1.0320     42.5383      70.1339      0.500    77.10    7.153190    0.345957  (   2.00,  77.10,   5.00)
 |   111 Air                    7   14.784   0.0012  30528.8407   71998.1725      0.150    77.25    7.153194    0.345959  (   2.00,  77.25,   5.00)
 |   112 Lead                  82  207.217  11.3500      0.5613      18.2607      0.400    77.65    7.865885    0.367864  (   2.00,  77.65,   5.00)
 |   113 Polystyrene            6   11.077   1.0320     42.5383      70.1339      0.500    78.15    7.877639    0.374993  (   2.00,  78.15,   5.00)
 |   114 Air                    7   14.784   0.0012  30528.8407   71998.1725      0.150    78.30    7.877644    0.374995  (   2.00,  78.30,   5.00)
 |   115 Lead                  82  207.217  11.3500      0.5613      18.2607      0.400    78.70    8.590335    0.396900  (   2.00,  78.70,   5.00)
 |   116 Polystyrene            6   11.077   1.0320     42.5383      70.1339      0.500    79.20    8.602089    0.404030  (   2.00,  79.20,   5.00)
 |   117 Air                    7   14.784   0.0012  30528.8407   71998.1725      0.150    79.35    8.602094    0.404032  (   2.00,  79.35,   5.00)
 |   118 Lead                  82  207.217  11.3500      0.5613      18.2607      0.400    79.75    9.314785    0.425937  (   2.00,  79.75,   5.00)
 |   119 Polystyrene            6   11.077   1.0320     42.5383      70.1339      0.500    80.25    9.326539    0.433066  (   2.00,  80.25,   5.00)
 |   120 Air                    7   14.784   0.0012  30528.8407   71998.1725      0.150    80.40    9.326544    0.433068  (   2.00,  80.40,   5.00)
 |   121 Lead                  82  207.217  11.3500      0.5613      18.2607      0.400    80.80   10.039234    0.454973  (   2.00,  80.80,   5.00)
 |   122 Polystyrene            6   11.077   1.0320     42.5383      70.1339      0.500    81.30   10.050989    0.462102  (   2.00,  81.30,   5.00)
 |   123 Air                    7   14.784   0.0012  30528.8407   71998.1725      0.150    81.45   10.050993    0.462104  (   2.00,  81.45,   5.00)
 |   124 Lead                  82  207.217  11.3500      0.5613      18.2607      0.400    81.85   10.763684    0.484009  (   2.00,  81.85,   5.00)
 |   125 Polystyrene            6   11.077   1.0320     42.5383      70.1339      0.500    82.35   10.775438    0.491138  (   2.00,  82.35,   5.00)
 |   126 Air                    7   14.784   0.0012  30528.8407   71998.1725      0.150    82.50   10.775443    0.491141  (   2.00,  82.50,   5.00)
 |   127 Lead                  82  207.217  11.3500      0.5613      18.2607      0.400    82.90   11.488134    0.513045  (   2.00,  82.90,   5.00)
 |   128 Polystyrene            6   11.077   1.0320     42.5383      70.1339      0.500    83.40   11.499888    0.520175  (   2.00,  83.40,   5.00)
 |   129 Air                    7   14.784   0.0012  30528.8407   71998.1725      0.150    83.55   11.499893    0.520177  (   2.00,  83.55,   5.00)
 |   130 Lead                  82  207.217  11.3500      0.5613      18.2607      0.400    83.95   12.212584    0.542082  (   2.00,  83.95,   5.00)
 |   131 Polystyrene            6   11.077   1.0320     42.5383      70.1339      0.500    84.45   12.224338    0.549211  (   2.00,  84.45,   5.00)
 |   132 Air                    7   14.784   0.0012  30528.8407   71998.1725      0.150    84.60   12.224343    0.549213  (   2.00,  84.60,   5.00)
 |   133 Lead                  82  207.217  11.3500      0.5613      18.2607      0.400    85.00   12.937033    0.571118  (   2.00,  85.00,   5.00)
 |   134 Polystyrene            6   11.077   1.0320     42.5383      70.1339      0.500    85.50   12.948788    0.578247  (   2.00,  85.50,   5.00)
 |   135 Air                    7   14.784   0.0012  30528.8407   71998.1725      0.150    85.65   12.948792    0.578249  (   2.00,  85.65,   5.00)
 |   136 Lead                  82  207.217  11.3500      0.5613      18.2607      0.400    86.05   13.661483    0.600154  (   2.00,  86.05,   5.00)
 |   137 Polystyrene            6   11.077   1.0320     42.5383      70.1339      0.500    86.55   13.673237    0.607284  (   2.00,  86.55,   5.00)
 |   138 Air                    7   14.784   0.0012  30528.8407   71998.1725      0.150    86.70   13.673242    0.607286  (   2.00,  86.70,   5.00)
 |   139 Lead                  82  207.217  11.3500      0.5613      18.2607      0.400    87.10   14.385933    0.629191  (   2.00,  87.10,   5.00)
 |   140 Polystyrene            6   11.077   1.0320     42.5383      70.1339      0.500    87.60   14.397687    0.636320  (   2.00,  87.60,   5.00)
 |   141 Air                    7   14.784   0.0012  30528.8407   71998.1725      0.150    87.75   14.397692    0.636322  (   2.00,  87.75,   5.00)
 |   142 Lead                  82  207.217  11.3500      0.5613      18.2607      0.400    88.15   15.110383    0.658227  (   2.00,  88.15,   5.00)
 |   143 Polystyrene            6   11.077   1.0320     42.5383      70.1339      0.500    88.65   15.122137    0.665356  (   2.00,  88.65,   5.00)
 |   144 Air                    7   14.784   0.0012  30528.8407   71998.1725      0.150    88.80   15.122142    0.665358  (   2.00,  88.80,   5.00)
 |   145 Lead                  82  207.217  11.3500      0.5613      18.2607      0.600    89.40   16.191178    0.698216  (   2.00,  89.40,   5.00)
 |   146 Polystyrene            6   11.077   1.0320     42.5383      70.1339      0.500    89.90   16.202932    0.705345  (   2.00,  89.90,   5.00)
 |   147 Air                    7   14.784   0.0012  30528.8407   71998.1725      0.150    90.05   16.202937    0.705347  (   2.00,  90.05,   5.00)
 |   148 Lead                  82  207.217  11.3500      0.5613      18.2607      0.600    90.65   17.271973    0.738204  (   2.00,  90.65,   5.00)
 |   149 Polystyrene            6   11.077   1.0320     42.5383      70.1339      0.500    91.15   17.283727    0.745334  (   2.00,  91.15,   5.00)
 |   150 Air                    7   14.784   0.0012  30528.8407   71998.1725      0.150    91.30   17.283732    0.745336  (   2.00,  91.30,   5.00)
 |   151 Lead                  82  207.217  11.3500      0.5613      18.2607      0.600    91.90   18.352768    0.778193  (   2.00,  91.90,   5.00)
 |   152 Polystyrene            6   11.077   1.0320     42.5383      70.1339      0.500    92.40   18.364522    0.785322  (   2.00,  92.40,   5.00)
 |   153 Air                    7   14.784   0.0012  30528.8407   71998.1725      0.150    92.55   18.364527    0.785324  (   2.00,  92.55,   5.00)
 |   154 Lead                  82  207.217  11.3500      0.5613      18.2607      0.600    93.15   19.433563    0.818182  (   2.00,  93.15,   5.00)
 |   155 Polystyrene            6   11.077   1.0320     42.5383      70.1339      0.500    93.65   19.445317    0.825311  (   2.00,  93.65,   5.00)
 |   156 Air                    7   14.784   0.0012  30528.8407   71998.1725      0.150    93.80   19.445322    0.825313  (   2.00,  93.80,   5.00)
 |   157 Lead                  82  207.217  11.3500      0.5613      18.2607      0.600    94.40   20.514358    0.858171  (   2.00,  94.40,   5.00)
 |   158 Polystyrene            6   11.077   1.0320     42.5383      70.1339      0.500    94.90   20.526112    0.865300  (   2.00,  94.90,   5.00)
 |   159 Air                    7   14.784   0.0012  30528.8407   71998.1725      0.150    95.05   20.526117    0.865302  (   2.00,  95.05,   5.00)
 |   160 Lead                  82  207.217  11.3500      0.5613      18.2607      0.600    95.65   21.595153    0.898159  (   2.00,  95.65,   5.00)
 |   161 Polystyrene            6   11.077   1.0320     42.5383      70.1339      0.500    96.15   21.606908    0.905289  (   2.00,  96.15,   5.00)
 |   162 Air                    7   14.784   0.0012  30528.8407   71998.1725      0.150    96.30   21.606912    0.905291  (   2.00,  96.30,   5.00)
 |   163 Lead                  82  207.217  11.3500      0.5613      18.2607      0.600    96.90   22.675949    0.938148  (   2.00,  96.90,   5.00)
 |   164 Polystyrene            6   11.077   1.0320     42.5383      70.1339      0.500    97.40   22.687703    0.945277  (   2.00,  97.40,   5.00)
 |   165 Air                    7   14.784   0.0012  30528.8407   71998.1725      0.150    97.55   22.687708    0.945279  (   2.00,  97.55,   5.00)
 |   166 Lead                  82  207.217  11.3500      0.5613      18.2607      0.600    98.15   23.756744    0.978137  (   2.00,  98.15,   5.00)
 |   167 Polystyrene            6   11.077   1.0320     42.5383      70.1339      0.500    98.65   23.768498    0.985266  (   2.00,  98.65,   5.00)
 |   168 Air                    7   14.784   0.0012  30528.8407   71998.1725      0.150    98.80   23.768503    0.985268  (   2.00,  98.80,   5.00)
 |   169 Lead                  82  207.217  11.3500      0.5613      18.2607      0.600    99.40   24.837539    1.018126  (   2.00,  99.40,   5.00)
 |   170 Polystyrene            6   11.077   1.0320     42.5383      70.1339      0.500    99.90   24.849293    1.025255  (   2.00,  99.90,   5.00)
 |   171 Air                    7   14.784   0.0012  30528.8407   71998.1725      0.150   100.05   24.849298    1.025257  (   2.00, 100.05,   5.00)
 |   172 Lead                  82  207.217  11.3500      0.5613      18.2607      0.600   100.65   25.918334    1.058114  (   2.00, 100.65,   5.00)
 |   173 Polystyrene            6   11.077   1.0320     42.5383      70.1339      0.500   101.15   25.930088    1.065244  (   2.00, 101.15,   5.00)
 |   174 Air                    7   14.784   0.0012  30528.8407   71998.1725      0.150   101.30   25.930093    1.065246  (   2.00, 101.30,   5.00)
 |   175 Lead                  82  207.217  11.3500      0.5613      18.2607      0.600   101.90   26.999129    1.098103  (   2.00, 101.90,   5.00)
 |   176 Polystyrene            6   11.077   1.0320     42.5383      70.1339      0.500   102.40   27.010883    1.105232  (   2.00, 102.40,   5.00)
 |   177 Air                    7   14.784   0.0012  30528.8407   71998.1725      0.150   102.55   27.010888    1.105235  (   2.00, 102.55,   5.00)
 |   178 Lead                  82  207.217  11.3500      0.5613      18.2607      0.600   103.15   28.079924    1.138092  (   2.00, 103.15,   5.00)
 |   179 Polystyrene            6   11.077   1.0320     42.5383      70.1339      0.500   103.65   28.091678    1.145221  (   2.00, 103.65,   5.00)
 |   180 Air                    7   14.784   0.0012  30528.8407   71998.1725      0.150   103.80   28.091683    1.145223  (   2.00, 103.80,   5.00)
 |   181 Lead                  82  207.217  11.3500      0.5613      18.2607      0.600   104.40   29.160719    1.178081  (   2.00, 104.40,   5.00)
 |   182 Polystyrene            6   11.077   1.0320     42.5383      70.1339      0.500   104.90   29.172473    1.185210  (   2.00, 104.90,   5.00)
 |   183 Air                    7   14.784   0.0012  30528.8407   71998.1725      0.150   105.05   29.172478    1.185212  (   2.00, 105.05,   5.00)
 |   184 Lead                  82  207.217  11.3500      0.5613      18.2607      0.600   105.65   30.241514    1.218070  (   2.00, 105.65,   5.00)
 |   185 Polystyrene            6   11.077   1.0320     42.5383      70.1339      0.500   106.15   30.253268    1.225199  (   2.00, 106.15,   5.00)
 |   186 Air                    7   14.784   0.0012  30528.8407   71998.1725      0.150   106.30   30.253273    1.225201  (   2.00, 106.30,   5.00)
 |   187 Air                    7   14.784   0.0012  30528.8407   71998.1725     16.997   123.30   30.253830    1.225437  (   2.00, 123.30,   5.00)
 |   188 Aluminum              13   26.982   2.6990      8.8963      39.8672      3.000   126.30   30.591092    1.300696  (   2.00, 126.30,   5.00)
 |   189 Vacuum                 7   14.784   0.0000 3.66346e+11  8.63978e+11      1.500   127.80   30.591092    1.300696  (   2.00, 127.80,   5.00)
 |   190 Aluminum              13   26.982   2.6990      8.8963      39.8672      3.000   130.80   30.928350    1.375955  (   2.00, 130.80,   5.00)
 |   191 Air                    7   14.784   0.0012  30528.8407   71998.1725      2.000   132.80   30.928416    1.375983  (   2.00, 132.80,   5.00)
 |   192 Aluminum              13   26.982   2.6990      8.8963      39.8672      6.001   138.80   31.602925    1.526499  (   2.00, 138.80,   5.00)
 |   193 Aluminum              13   26.982   2.6990      8.8963      39.8672      5.001   143.80   32.165012    1.651928  (   2.00, 143.80,   5.00)
 |   194 Air                    7   14.784   0.0012  30528.8407   71998.1725      6.501   150.30   32.165225    1.652018  (   2.00, 150.30,   5.00)
 |   195 Aluminum              13   26.982   2.6990      8.8963      39.8672      1.500   151.80   32.333849    1.689646  (   2.00, 151.80,   5.00)
 |   196 Aluminum              13   26.982   2.6990      8.8963      39.8672      3.000   154.80   32.671095    1.764903  (   2.00, 154.80,   5.00)
 |   197 Vacuum                 7   14.784   0.0000 3.66346e+11  8.63978e+11      3.000   157.80   32.671095    1.764903  (   2.00, 157.80,   5.00)
 |   198 Aluminum              13   26.982   2.6990      8.8963      39.8672      4.000   161.80   33.120755    1.865244  (   2.00, 161.80,   5.00)
 |   199 Air                    7   14.784   0.0012  30528.8407   71998.1725      0.512   162.32   33.120772    1.865251  (   2.00, 162.32,   5.00)
 |   200 Steel235              26   55.757   7.8500      1.7653      17.1928     10.000   172.32   38.785683    2.446889  (   2.00, 172.32,   5.00)
 |   201 Polystyrene            6   11.077   1.0320     42.5383      70.1339      0.500   172.82   38.797437    2.454018  (   2.00, 172.82,   5.00)
 |   202 Air                    7   14.784   0.0012  30528.8407   71998.1725      0.150   172.97   38.797442    2.454020  (   2.00, 172.97,   5.00)
 |   203 Steel235              26   55.757   7.8500      1.7653      17.1928     10.000   182.97   44.462354    3.035659  (   2.00, 182.97,   5.00)
 |   204 Polystyrene            6   11.077   1.0320     42.5383      70.1339      0.500   183.47   44.474108    3.042788  (   2.00, 183.47,   5.00)
 |   205 Air                    7   14.784   0.0012  30528.8407   71998.1725      0.150   183.62   44.474113    3.042790  (   2.00, 183.62,   5.00)
 |   206 Steel235              26   55.757   7.8500      1.7653      17.1928     10.000   193.62   50.139024    3.624428  (   2.00, 193.62,   5.00)
 |   207 Polystyrene            6   11.077   1.0320     42.5383      70.1339      0.500   194.12   50.150779    3.631558  (   2.00, 194.12,   5.00)
 |   208 Air                    7   14.784   0.0012  30528.8407   71998.1725      0.150   194.27   50.150784    3.631560  (   2.00, 194.27,   5.00)
 |   209 Steel235              26   55.757   7.8500      1.7653      17.1928     12.000   206.27   56.948677    4.329526  (   2.00, 206.27,   5.00)
 |   210 Polystyrene            6   11.077   1.0320     42.5383      70.1339      0.500   206.77   56.960432    4.336655  (   2.00, 206.77,   5.00)
 |   211 Air                    7   14.784   0.0012  30528.8407   71998.1725      0.150   206.92   56.960436    4.336657  (   2.00, 206.92,   5.00)
 |   212 Steel235              26   55.757   7.8500      1.7653      17.1928     12.000   218.92   63.758330    5.034623  (   2.00, 218.92,   5.00)
 |   213 Polystyrene            6   11.077   1.0320     42.5383      70.1339      0.500   219.42   63.770084    5.041752  (   2.00, 219.42,   5.00)
 |   214 Air                    7   14.784   0.0012  30528.8407   71998.1725      0.150   219.57   63.770089    5.041754  (   2.00, 219.57,   5.00)
 |   215 Steel235              26   55.757   7.8500      1.7653      17.1928     12.000   231.57   70.567983    5.739720  (   2.00, 231.57,   5.00)
 |   216 Polystyrene            6   11.077   1.0320     42.5383      70.1339      0.500   232.07   70.579737    5.746849  (   2.00, 232.07,   5.00)
 |   217 Air                    7   14.784   0.0012  30528.8407   71998.1725      0.150   232.22   70.579742    5.746852  (   2.00, 232.22,   5.00)
 |   218 Steel235              26   55.757   7.8500      1.7653      17.1928     15.000   247.22   79.077110    6.619309  (   2.00, 247.22,   5.00)
 |   219 Polystyrene            6   11.077   1.0320     42.5383      70.1339      0.500   247.72   79.088864    6.626438  (   2.00, 247.72,   5.00)
 |   220 Air                    7   14.784   0.0012  30528.8407   71998.1725      0.150   247.87   79.088869    6.626440  (   2.00, 247.87,   5.00)
 |   221 Steel235              26   55.757   7.8500      1.7653      17.1928     15.000   262.87   87.586236    7.498898  (   2.00, 262.87,   5.00)
 |   222 Polystyrene            6   11.077   1.0320     42.5383      70.1339      0.500   263.37   87.597990    7.506027  (   2.00, 263.37,   5.00)
 |   223 Air                    7   14.784   0.0012  30528.8407   71998.1725      0.150   263.52   87.597995    7.506029  (   2.00, 263.52,   5.00)
 |   224 Steel235              26   55.757   7.8500      1.7653      17.1928     15.000   278.52   96.095363    8.378487  (   2.00, 278.52,   5.00)
 |   225 Polystyrene            6   11.077   1.0320     42.5383      70.1339      0.500   279.02   96.107117    8.385616  (   2.00, 279.02,   5.00)
 |   226 Air                    7   14.784   0.0012  30528.8407   71998.1725      0.150   279.17   96.107122    8.385618  (   2.00, 279.17,   5.00)
 |   227 Steel235              26   55.757   7.8500      1.7653      17.1928     15.000   294.17  104.604489    9.258075  (   2.00, 294.17,   5.00)
 |   228 Polystyrene            6   11.077   1.0320     42.5383      70.1339      0.500   294.67  104.616243    9.265205  (   2.00, 294.67,   5.00)
 |   229 Air                    7   14.784   0.0012  30528.8407   71998.1725      0.150   294.82  104.616248    9.265207  (   2.00, 294.82,   5.00)
 |   230 Steel235              26   55.757   7.8500      1.7653      17.1928     15.000   309.82  113.113615   10.137664  (   2.00, 309.82,   5.00)
 |   231 Polystyrene            6   11.077   1.0320     42.5383      70.1339      0.500   310.32  113.125370   10.144793  (   2.00, 310.32,   5.00)
 |   232 Air                    7   14.784   0.0012  30528.8407   71998.1725      0.150   310.47  113.125374   10.144795  (   2.00, 310.47,   5.00)
 |   233 Air                    7   14.784   0.0012  30528.8407   71998.1725     24.361   334.83  113.126172   10.145134  (   2.00, 334.83,   5.00)
 |   234 Aluminum              13   26.982   2.6990      8.8963      39.8672      0.100   334.93  113.137413   10.147642  (   2.00, 334.93,   5.00)
 |   235 Air                    7   14.784   0.0012  30528.8407   71998.1725      0.350   335.28  113.137425   10.147647  (   2.00, 335.28,   5.00)
 |   236 PyrexGlass            10   20.495   2.2300     12.6748      43.5474      0.200   335.48  113.153204   10.152240  (   2.00, 335.48,   5.00)
 |   237 RPCGasDefault          8   16.809   0.0037   9559.7011   23915.1216      0.200   335.68  113.153225   10.152248  (   2.00, 335.68,   5.00)
 |   238 PyrexGlass            10   20.495   2.2300     12.6748      43.5474      0.200   335.88  113.169004   10.156841  (   2.00, 335.88,   5.00)
 |   239 Air                    7   14.784   0.0012  30528.8407   71998.1725      0.350   336.23  113.169016   10.156846  (   2.00, 336.23,   5.00)
 |   240 Aluminum              13   26.982   2.6990      8.8963      39.8672      0.100   336.33  113.180256   10.159354  (   2.00, 336.33,   5.00)
 |   241 Aluminum              13   26.982   2.6990      8.8963      39.8672      0.100   336.43  113.191497   10.161862  (   2.00, 336.43,   5.00)
 |   242 Air                    7   14.784   0.0012  30528.8407   71998.1725      0.350   336.78  113.191508   10.161867  (   2.00, 336.78,   5.00)
 |   243 PyrexGlass            10   20.495   2.2300     12.6748      43.5474      0.200   336.98  113.207288   10.166460  (   2.00, 336.98,   5.00)
 |   244 RPCGasDefault          8   16.809   0.0037   9559.7011   23915.1216      0.200   337.18  113.207309   10.166468  (   2.00, 337.18,   5.00)
 |   245 PyrexGlass            10   20.495   2.2300     12.6748      43.5474      0.200   337.38  113.223088   10.171061  (   2.00, 337.38,   5.00)
 |   246 Air                    7   14.784   0.0012  30528.8407   71998.1725      0.350   337.73  113.223100   10.171066  (   2.00, 337.73,   5.00)
 |   247 Aluminum              13   26.982   2.6990      8.8963      39.8672      0.100   337.83  113.234340   10.173574  (   2.00, 337.83,   5.00)
 |   248 Air                    7   14.784   0.0012  30528.8407   71998.1725      1.000   338.83  113.234373   10.173588  (   2.00, 338.83,   5.00)
 |   249 Iron                  26   55.845   7.8740      1.7575      17.1639      5.000   343.83  116.079334   10.464897  (   2.00, 343.83,   5.00)
 |   250 Aluminum              13   26.982   2.6990      8.8963      39.8672      0.100   343.93  116.090575   10.467405  (   2.00, 343.93,   5.00)
 |   251 Air                    7   14.784   0.0012  30528.8407   71998.1725      0.350   344.28  116.090586   10.467410  (   2.00, 344.28,   5.00)
 |   252 PyrexGlass            10   20.495   2.2300     12.6748      43.5474      0.200   344.48  116.106366   10.472003  (   2.00, 344.48,   5.00)
 |   253 RPCGasDefault          8   16.809   0.0037   9559.7011   23915.1216      0.200   344.68  116.106387   10.472011  (   2.00, 344.68,   5.00)
 |   254 PyrexGlass            10   20.495   2.2300     12.6748      43.5474      0.200   344.88  116.122166   10.476604  (   2.00, 344.88,   5.00)
 |   255 Air                    7   14.784   0.0012  30528.8407   71998.1725      0.350   345.23  116.122177   10.476609  (   2.00, 345.23,   5.00)
 |   256 Aluminum              13   26.982   2.6990      8.8963      39.8672      0.100   345.33  116.133418   10.479117  (   2.00, 345.33,   5.00)
 |   257 Aluminum              13   26.982   2.6990      8.8963      39.8672      0.100   345.43  116.144659   10.481626  (   2.00, 345.43,   5.00)
 |   258 Air                    7   14.784   0.0012  30528.8407   71998.1725      0.350   345.78  116.144670   10.481630  (   2.00, 345.78,   5.00)
 |   259 PyrexGlass            10   20.495   2.2300     12.6748      43.5474      0.200   345.98  116.160450   10.486223  (   2.00, 345.98,   5.00)
 |   260 RPCGasDefault          8   16.809   0.0037   9559.7011   23915.1216      0.200   346.18  116.160470   10.486231  (   2.00, 346.18,   5.00)
 |   261 PyrexGlass            10   20.495   2.2300     12.6748      43.5474      0.200   346.38  116.176250   10.490824  (   2.00, 346.38,   5.00)
 |   262 Air                    7   14.784   0.0012  30528.8407   71998.1725      0.350   346.73  116.176261   10.490829  (   2.00, 346.73,   5.00)
 |   263 Aluminum              13   26.982   2.6990      8.8963      39.8672      0.100   346.83  116.187502   10.493337  (   2.00, 346.83,   5.00)
 |   264 Air                    7   14.784   0.0012  30528.8407   71998.1725      1.000   347.83  116.187535   10.493351  (   2.00, 347.83,   5.00)
 |   265 Iron                  26   55.845   7.8740      1.7575      17.1639     20.000   367.83  127.567380   11.658588  (   2.00, 367.83,   5.00)
 |   266 Aluminum              13   26.982   2.6990      8.8963      39.8672      0.100   367.93  127.578620   11.661096  (   2.00, 367.93,   5.00)
 |   267 Air                    7   14.784   0.0012  30528.8407   71998.1725      0.350   368.28  127.578632   11.661101  (   2.00, 368.28,   5.00)
 |   268 PyrexGlass            10   20.495   2.2300     12.6748      43.5474      0.200   368.48  127.594411   11.665694  (   2.00, 368.48,   5.00)
 |   269 RPCGasDefault          8   16.809   0.0037   9559.7011   23915.1216      0.200   368.68  127.594432   11.665702  (   2.00, 368.68,   5.00)
 |   270 PyrexGlass            10   20.495   2.2300     12.6748      43.5474      0.200   368.88  127.610212   11.670295  (   2.00, 368.88,   5.00)
 |   271 Air                    7   14.784   0.0012  30528.8407   71998.1725      0.350   369.23  127.610223   11.670300  (   2.00, 369.23,   5.00)
 |   272 Aluminum              13   26.982   2.6990      8.8963      39.8672      0.100   369.33  127.621464   11.672808  (   2.00, 369.33,   5.00)
 |   273 Aluminum              13   26.982   2.6990      8.8963      39.8672      0.100   369.43  127.632704   11.675316  (   2.00, 369.43,   5.00)
 |   274 Air                    7   14.784   0.0012  30528.8407   71998.1725      0.350   369.78  127.632716   11.675321  (   2.00, 369.78,   5.00)
 |   275 PyrexGlass            10   20.495   2.2300     12.6748      43.5474      0.200   369.98  127.648495   11.679914  (   2.00, 369.98,   5.00)
 |   276 RPCGasDefault          8   16.809   0.0037   9559.7011   23915.1216      0.200   370.18  127.648516   11.679922  (   2.00, 370.18,   5.00)
 |   277 PyrexGlass            10   20.495   2.2300     12.6748      43.5474      0.200   370.38  127.664295   11.684515  (   2.00, 370.38,   5.00)
 |   278 Air                    7   14.784   0.0012  30528.8407   71998.1725      0.350   370.73  127.664307   11.684520  (   2.00, 370.73,   5.00)
 |   279 Aluminum              13   26.982   2.6990      8.8963      39.8672      0.100   370.83  127.675548   11.687028  (   2.00, 370.83,   5.00)
 |   280 Air                    7   14.784   0.0012  30528.8407   71998.1725      1.000   371.83  127.675580   11.687042  (   2.00, 371.83,   5.00)
 |   281 Iron                  26   55.845   7.8740      1.7575      17.1639     10.000   381.83  133.365503   12.269660  (   2.00, 381.83,   5.00)
 |   282 Aluminum              13   26.982   2.6990      8.8963      39.8672      0.100   381.93  133.376743   12.272168  (   2.00, 381.93,   5.00)
 |   283 Air                    7   14.784   0.0012  30528.8407   71998.1725      0.350   382.28  133.376755   12.272173  (   2.00, 382.28,   5.00)
 |   284 PyrexGlass            10   20.495   2.2300     12.6748      43.5474      0.200   382.48  133.392534   12.276766  (   2.00, 382.48,   5.00)
 |   285 RPCGasDefault          8   16.809   0.0037   9559.7011   23915.1216      0.200   382.68  133.392555   12.276774  (   2.00, 382.68,   5.00)
 |   286 PyrexGlass            10   20.495   2.2300     12.6748      43.5474      0.200   382.88  133.408335   12.281367  (   2.00, 382.88,   5.00)
 |   287 Air                    7   14.784   0.0012  30528.8407   71998.1725      0.350   383.23  133.408346   12.281372  (   2.00, 383.23,   5.00)
 |   288 Aluminum              13   26.982   2.6990      8.8963      39.8672      0.100   383.33  133.419587   12.283880  (   2.00, 383.33,   5.00)
 |   289 Aluminum              13   26.982   2.6990      8.8963      39.8672      0.100   383.43  133.430827   12.286389  (   2.00, 383.43,   5.00)
 |   290 Air                    7   14.784   0.0012  30528.8407   71998.1725      0.350   383.78  133.430839   12.286393  (   2.00, 383.78,   5.00)
 |   291 PyrexGlass            10   20.495   2.2300     12.6748      43.5474      0.200   383.98  133.446618   12.290986  (   2.00, 383.98,   5.00)
 |   292 RPCGasDefault          8   16.809   0.0037   9559.7011   23915.1216      0.200   384.18  133.446639   12.290995  (   2.00, 384.18,   5.00)
 |   293 PyrexGlass            10   20.495   2.2300     12.6748      43.5474      0.200   384.38  133.462419   12.295587  (   2.00, 384.38,   5.00)
 |   294 Air                    7   14.784   0.0012  30528.8407   71998.1725      0.350   384.73  133.462430   12.295592  (   2.00, 384.73,   5.00)
 |   295 Aluminum              13   26.982   2.6990      8.8963      39.8672      0.100   384.83  133.473671   12.298100  (   2.00, 384.83,   5.00)
 |   296 Air                    7   14.784   0.0012  30528.8407   71998.1725      1.000   385.83  133.473703   12.298114  (   2.00, 385.83,   5.00)
 |   297 Iron                  26   55.845   7.8740      1.7575      17.1639     10.000   395.83  139.163626   12.880733  (   2.00, 395.83,   5.00)
 |   298 Aluminum              13   26.982   2.6990      8.8963      39.8672      0.100   395.93  139.174867   12.883241  (   2.00, 395.93,   5.00)
 |   299 Air                    7   14.784   0.0012  30528.8407   71998.1725      0.350   396.28  139.174878   12.883246  (   2.00, 396.28,   5.00)
 |   300 PyrexGlass            10   20.495   2.2300     12.6748      43.5474      0.200   396.48  139.190657   12.887838  (   2.00, 396.48,   5.00)
 |   301 RPCGasDefault          8   16.809   0.0037   9559.7011   23915.1216      0.200   396.68  139.190678   12.887847  (   2.00, 396.68,   5.00)
 |   302 PyrexGlass            10   20.495   2.2300     12.6748      43.5474      0.200   396.88  139.206458   12.892440  (   2.00, 396.88,   5.00)
 |   303 Air                    7   14.784   0.0012  30528.8407   71998.1725      0.350   397.23  139.206469   12.892444  (   2.00, 397.23,   5.00)
 |   304 Aluminum              13   26.982   2.6990      8.8963      39.8672      0.100   397.33  139.217710   12.894953  (   2.00, 397.33,   5.00)
 |   305 Aluminum              13   26.982   2.6990      8.8963      39.8672      0.100   397.43  139.228950   12.897461  (   2.00, 397.43,   5.00)
 |   306 Air                    7   14.784   0.0012  30528.8407   71998.1725      0.350   397.78  139.228962   12.897466  (   2.00, 397.78,   5.00)
 |   307 PyrexGlass            10   20.495   2.2300     12.6748      43.5474      0.200   397.98  139.244741   12.902059  (   2.00, 397.98,   5.00)
 |   308 RPCGasDefault          8   16.809   0.0037   9559.7011   23915.1216      0.200   398.18  139.244762   12.902067  (   2.00, 398.18,   5.00)
 |   309 PyrexGlass            10   20.495   2.2300     12.6748      43.5474      0.200   398.38  139.260542   12.906660  (   2.00, 398.38,   5.00)
 |   310 Air                    7   14.784   0.0012  30528.8407   71998.1725      0.350   398.73  139.260553   12.906665  (   2.00, 398.73,   5.00)
 |   311 Aluminum              13   26.982   2.6990      8.8963      39.8672      0.100   398.83  139.271794   12.909173  (   2.00, 398.83,   5.00)
 |   312 Air                    7   14.784   0.0012  30528.8407   71998.1725      1.000   399.83  139.271826   12.909187  (   2.00, 399.83,   5.00)
 |   313 Iron                  26   55.845   7.8740      1.7575      17.1639     10.000   409.83  144.961749   13.491805  (   2.00, 409.83,   5.00)
 |   314 Aluminum              13   26.982   2.6990      8.8963      39.8672      0.100   409.93  144.972990   13.494313  (   2.00, 409.93,   5.00)
 |   315 Air                    7   14.784   0.0012  30528.8407   71998.1725      0.350   410.28  144.973001   13.494318  (   2.00, 410.28,   5.00)
 |   316 PyrexGlass            10   20.495   2.2300     12.6748      43.5474      0.200   410.48  144.988780   13.498911  (   2.00, 410.48,   5.00)
 |   317 RPCGasDefault          8   16.809   0.0037   9559.7011   23915.1216      0.200   410.68  144.988801   13.498919  (   2.00, 410.68,   5.00)
 |   318 PyrexGlass            10   20.495   2.2300     12.6748      43.5474      0.200   410.88  145.004581   13.503512  (   2.00, 410.88,   5.00)
 |   319 Air                    7   14.784   0.0012  30528.8407   71998.1725      0.350   411.23  145.004592   13.503517  (   2.00, 411.23,   5.00)
 |   320 Aluminum              13   26.982   2.6990      8.8963      39.8672      0.100   411.33  145.015833   13.506025  (   2.00, 411.33,   5.00)
 |   321 Aluminum              13   26.982   2.6990      8.8963      39.8672      0.100   411.43  145.027073   13.508533  (   2.00, 411.43,   5.00)
 |   322 Air                    7   14.784   0.0012  30528.8407   71998.1725      0.350   411.78  145.027085   13.508538  (   2.00, 411.78,   5.00)
 |   323 PyrexGlass            10   20.495   2.2300     12.6748      43.5474      0.200   411.98  145.042864   13.513131  (   2.00, 411.98,   5.00)
 |   324 RPCGasDefault          8   16.809   0.0037   9559.7011   23915.1216      0.200   412.18  145.042885   13.513139  (   2.00, 412.18,   5.00)
 |   325 PyrexGlass            10   20.495   2.2300     12.6748      43.5474      0.200   412.38  145.058665   13.517732  (   2.00, 412.38,   5.00)
 |   326 Air                    7   14.784   0.0012  30528.8407   71998.1725      0.350   412.73  145.058676   13.517737  (   2.00, 412.73,   5.00)
 |   327 Aluminum              13   26.982   2.6990      8.8963      39.8672      0.100   412.83  145.069917   13.520245  (   2.00, 412.83,   5.00)
 |   328 Air                    7   14.784   0.0012  30528.8407   71998.1725      1.000   413.83  145.069949   13.520259  (   2.00, 413.83,   5.00)
 |   329 Iron                  26   55.845   7.8740      1.7575      17.1639     10.000   423.83  150.759872   14.102877  (   2.00, 423.83,   5.00)
 |   330 Aluminum              13   26.982   2.6990      8.8963      39.8672      0.100   423.93  150.771113   14.105386  (   2.00, 423.93,   5.00)
 |   331 Air                    7   14.784   0.0012  30528.8407   71998.1725      0.350   424.28  150.771124   14.105391  (   2.00, 424.28,   5.00)
 |   332 PyrexGlass            10   20.495   2.2300     12.6748      43.5474      0.200   424.48  150.786903   14.109983  (   2.00, 424.48,   5.00)
 |   333 RPCGasDefault          8   16.809   0.0037   9559.7011   23915.1216      0.200   424.68  150.786924   14.109992  (   2.00, 424.68,   5.00)
 |   334 PyrexGlass            10   20.495   2.2300     12.6748      43.5474      0.200   424.88  150.802704   14.114584  (   2.00, 424.88,   5.00)
 |   335 Air                    7   14.784   0.0012  30528.8407   71998.1725      0.350   425.23  150.802715   14.114589  (   2.00, 425.23,   5.00)
 |   336 Aluminum              13   26.982   2.6990      8.8963      39.8672      0.100   425.33  150.813956   14.117098  (   2.00, 425.33,   5.00)
 |   337 Aluminum              13   26.982   2.6990      8.8963      39.8672      0.100   425.43  150.825196   14.119606  (   2.00, 425.43,   5.00)
 |   338 Air                    7   14.784   0.0012  30528.8407   71998.1725      0.350   425.78  150.825208   14.119611  (   2.00, 425.78,   5.00)
 |   339 PyrexGlass            10   20.495   2.2300     12.6748      43.5474      0.200   425.98  150.840987   14.124203  (   2.00, 425.98,   5.00)
 |   340 RPCGasDefault          8   16.809   0.0037   9559.7011   23915.1216      0.200   426.18  150.841008   14.124212  (   2.00, 426.18,   5.00)
 |   341 PyrexGlass            10   20.495   2.2300     12.6748      43.5474      0.200   426.38  150.856788   14.128805  (   2.00, 426.38,   5.00)
 |   342 Air                    7   14.784   0.0012  30528.8407   71998.1725      0.350   426.73  150.856799   14.128809  (   2.00, 426.73,   5.00)
 |   343 Aluminum              13   26.982   2.6990      8.8963      39.8672      0.100   426.83  150.868040   14.131318  (   2.00, 426.83,   5.00)
 |   344 Air                    7   14.784   0.0012  30528.8407   71998.1725      1.000   427.83  150.868072   14.131332  (   2.00, 427.83,   5.00)
 |   345 Iron                  26   55.845   7.8740      1.7575      17.1639     10.000   437.83  156.557995   14.713950  (   2.00, 437.83,   5.00)
 |   346 Aluminum              13   26.982   2.6990      8.8963      39.8672      0.100   437.93  156.569236   14.716458  (   2.00, 437.93,   5.00)
 |   347 Air                    7   14.784   0.0012  30528.8407   71998.1725      0.350   438.28  156.569247   14.716463  (   2.00, 438.28,   5.00)
 |   348 PyrexGlass            10   20.495   2.2300     12.6748      43.5474      0.200   438.48  156.585027   14.721056  (   2.00, 438.48,   5.00)
 |   349 RPCGasDefault          8   16.809   0.0037   9559.7011   23915.1216      0.200   438.68  156.585047   14.721064  (   2.00, 438.68,   5.00)
 |   350 PyrexGlass            10   20.495   2.2300     12.6748      43.5474      0.200   438.88  156.600827   14.725657  (   2.00, 438.88,   5.00)
 |   351 Air                    7   14.784   0.0012  30528.8407   71998.1725      0.350   439.23  156.600838   14.725662  (   2.00, 439.23,   5.00)
 |   352 Aluminum              13   26.982   2.6990      8.8963      39.8672      0.100   439.33  156.612079   14.728170  (   2.00, 439.33,   5.00)
 |   353 Aluminum              13   26.982   2.6990      8.8963      39.8672      0.100   439.43  156.623320   14.730678  (   2.00, 439.43,   5.00)
 |   354 Air                    7   14.784   0.0012  30528.8407   71998.1725      0.350   439.78  156.623331   14.730683  (   2.00, 439.78,   5.00)
 |   355 PyrexGlass            10   20.495   2.2300     12.6748      43.5474      0.200   439.98  156.639110   14.735276  (   2.00, 439.98,   5.00)
 |   356 RPCGasDefault          8   16.809   0.0037   9559.7011   23915.1216      0.200   440.18  156.639131   14.735284  (   2.00, 440.18,   5.00)
 |   357 PyrexGlass            10   20.495   2.2300     12.6748      43.5474      0.200   440.38  156.654911   14.739877  (   2.00, 440.38,   5.00)
 |   358 Air                    7   14.784   0.0012  30528.8407   71998.1725      0.350   440.73  156.654922   14.739882  (   2.00, 440.73,   5.00)
 |   359 Aluminum              13   26.982   2.6990      8.8963      39.8672      0.100   440.83  156.666163   14.742390  (   2.00, 440.83,   5.00)
 |   360 Air                    7   14.784   0.0012  30528.8407   71998.1725      1.000   441.83  156.666196   14.742404  (   2.00, 441.83,   5.00)
 |   361 Iron                  26   55.845   7.8740      1.7575      17.1639     10.000   451.83  162.356118   15.325022  (   2.00, 451.83,   5.00)
 |   362 Aluminum              13   26.982   2.6990      8.8963      39.8672      0.100   451.93  162.367359   15.327531  (   2.00, 451.93,   5.00)
 |   363 Air                    7   14.784   0.0012  30528.8407   71998.1725      0.350   452.28  162.367370   15.327535  (   2.00, 452.28,   5.00)
 |   364 PyrexGlass            10   20.495   2.2300     12.6748      43.5474      0.200   452.48  162.383150   15.332128  (   2.00, 452.48,   5.00)
 |   365 RPCGasDefault          8   16.809   0.0037   9559.7011   23915.1216      0.200   452.68  162.383170   15.332137  (   2.00, 452.68,   5.00)
 |   366 PyrexGlass            10   20.495   2.2300     12.6748      43.5474      0.200   452.88  162.398950   15.336729  (   2.00, 452.88,   5.00)
 |   367 Air                    7   14.784   0.0012  30528.8407   71998.1725      0.350   453.23  162.398961   15.336734  (   2.00, 453.23,   5.00)
 |   368 Aluminum              13   26.982   2.6990      8.8963      39.8672      0.100   453.33  162.410202   15.339242  (   2.00, 453.33,   5.00)
 |   369 Aluminum              13   26.982   2.6990      8.8963      39.8672      0.100   453.43  162.421443   15.341751  (   2.00, 453.43,   5.00)
 |   370 Air                    7   14.784   0.0012  30528.8407   71998.1725      0.350   453.78  162.421454   15.341756  (   2.00, 453.78,   5.00)
 |   371 PyrexGlass            10   20.495   2.2300     12.6748      43.5474      0.200   453.98  162.437233   15.346348  (   2.00, 453.98,   5.00)
 |   372 RPCGasDefault          8   16.809   0.0037   9559.7011   23915.1216      0.200   454.18  162.437254   15.346357  (   2.00, 454.18,   5.00)
 |   373 PyrexGlass            10   20.495   2.2300     12.6748      43.5474      0.200   454.38  162.453034   15.350949  (   2.00, 454.38,   5.00)
 |   374 Air                    7   14.784   0.0012  30528.8407   71998.1725      0.350   454.73  162.453045   15.350954  (   2.00, 454.73,   5.00)
 |   375 Aluminum              13   26.982   2.6990      8.8963      39.8672      0.100   454.83  162.464286   15.353463  (   2.00, 454.83,   5.00)
 |   376 Air                    7   14.784   0.0012  30528.8407   71998.1725      1.000   455.83  162.464319   15.353476  (   2.00, 455.83,   5.00)
 |   377 Iron                  26   55.845   7.8740      1.7575      17.1639     20.000   475.83  173.844164   16.518713  (   2.00, 475.83,   5.00)
 |   378 Air                    7   14.784   0.0012  30528.8407   71998.1725    124.174   600.00  173.848231   16.520438  (   2.00, 600.00,   5.00)
 +--------------------------------------------------------------------------------------------------------------------------------------------------
 |     0 Average Material      25   53.644   3.7438      3.4513      36.3187    600.000   600.00  173.848231   16.520438  (   2.00, 600.00,   5.00)
 +--------------------------------------------------------------------------------------------------------------------------------------------------
