> materialScan compact_lowE_Fhe_dip_sol_ell.xml 0. 0. 7. 0. 800. 7. >| materialScan_compact_lowE_Fhe_dip_sol_ell_0_0_7_0_800_7_90deg_up.txt
VertexBarrelSupports_layer0 2.5 2.5 50.625
VertexBarrelSupports_layer1 4.5 4.5 51.7
 +--------------------------------------------------------------------------------------------------------------------------------------------------
 + Material scan between: x_0 = (   0.00,   0.00,   7.00) [cm] and x_1 = (   0.00, 800.00,   7.00) [cm] : 
 +--------------------------------------------------------------------------------------------------------------------------------------------------
 |     \   Material           Atomic                 Radiation   Interaction               Path   Integrated  Integrated    Material
 | Num. \  Name          Number/Z   Mass/A  Density    Length       Length    Thickness   Length      X0        Lambda      Endpoint  
 | Layer \                        [g/mole]  [g/cm3]     [cm]        [cm]          [cm]      [cm]     [cm]        [cm]     (     cm,     cm,     cm)
 +--------------------------------------------------------------------------------------------------------------------------------------------------
 |     1 Vacuum                 7   14.784   0.0000 3.66346e+11  8.63978e+11      2.000     2.00    0.000000    0.000000  (   0.00,   2.00,   7.00)
 |     2 Beryllium              4    9.012   1.8480     35.2760      39.4488      0.400     2.40    0.011339    0.010140  (   0.00,   2.40,   7.00)
 |     3 Air                    7   14.784   0.0012  30528.8407   71998.1725      0.100     2.50    0.011342    0.010141  (   0.00,   2.50,   7.00)
 |     4 Air                    7   14.784   0.0012  30528.8407   71998.1725      0.750     3.25    0.011367    0.010152  (   0.00,   3.25,   7.00)
 |     5 Air                    7   14.784   0.0012  30528.8407   71998.1725      0.232     3.48    0.011375    0.010155  (   0.00,   3.48,   7.00)
 |     6 CarbonFiber_50D        6   11.968   0.7500     56.1492     102.4553      0.013     3.49    0.011606    0.010282  (   0.00,   3.49,   7.00)
 |     7 Air                    7   14.784   0.0012  30528.8407   71998.1725      0.026     3.52    0.011607    0.010282  (   0.00,   3.52,   7.00)
 |     8 Silicon               14   28.085   2.3300      9.3661      45.7531      0.005     3.52    0.012141    0.010391  (   0.00,   3.52,   7.00)
 |     9 Air                    7   14.784   0.0012  30528.8407   71998.1725      0.111     3.64    0.012144    0.010393  (   0.00,   3.64,   7.00)
 |    10 Kapton                 6   12.701   1.4300     28.3749      55.9194      0.004     3.64    0.012278    0.010461  (   0.00,   3.64,   7.00)
 |    11 Air                    7   14.784   0.0012  30528.8407   71998.1725      0.006     3.65    0.012279    0.010461  (   0.00,   3.65,   7.00)
 |    12 Copper                29   63.546   8.9600      1.4356      15.6778      0.000     3.65    0.012543    0.010485  (   0.00,   3.65,   7.00)
 |    13 Air                    7   14.784   0.0012  30528.8407   71998.1725      0.104     3.75    0.012547    0.010487  (   0.00,   3.75,   7.00)
 |    14 Air                    7   14.784   0.0012  30528.8407   71998.1725      0.750     4.50    0.012571    0.010497  (   0.00,   4.50,   7.00)
 |    15 Air                    7   14.784   0.0012  30528.8407   71998.1725      0.800     5.30    0.012597    0.010508  (   0.00,   5.30,   7.00)
 |    16 Air                    7   14.784   0.0012  30528.8407   71998.1725      3.700     9.00    0.012719    0.010559  (   0.00,   9.00,   7.00)
 |    17 Air                    7   14.784   0.0012  30528.8407   71998.1725      1.624    10.62    0.012772    0.010582  (   0.00,  10.62,   7.00)
 |    18 PEEK                   6   12.213   1.3700     30.3288      56.7278      0.021    10.65    0.013475    0.010958  (   0.00,  10.65,   7.00)
 |    19 CarbonFiber_50D        6   11.968   0.7500     56.1492     102.4553      0.017    10.66    0.013779    0.011124  (   0.00,  10.66,   7.00)
 |    20 Rohacell31_50D         6   12.079   0.0160   2584.8791    4680.4532      0.192    10.85    0.013853    0.011165  (   0.00,  10.85,   7.00)
 |    21 Epoxy                  6   11.888   1.3000     31.5900      54.8420      0.019    10.87    0.014444    0.011506  (   0.00,  10.87,   7.00)
 |    22 CarbonFiber_50D        6   11.968   0.7500     56.1492     102.4553      0.017    10.89    0.014748    0.011672  (   0.00,  10.89,   7.00)
 |    23 Silicon               14   28.085   2.3300      9.3661      45.7531      0.032    10.92    0.018163    0.012371  (   0.00,  10.92,   7.00)
 |    24 Silicon               14   28.085   2.3300      9.3661      45.7531      0.001    10.92    0.018217    0.012383  (   0.00,  10.92,   7.00)
 |    25 Air                    7   14.784   0.0012  30528.8407   71998.1725      0.006    10.93    0.018218    0.012383  (   0.00,  10.93,   7.00)
 |    26 Kapton                 6   12.701   1.4300     28.3749      55.9194      0.004    10.93    0.018360    0.012455  (   0.00,  10.93,   7.00)
 |    27 Air                    7   14.784   0.0012  30528.8407   71998.1725      0.007    10.94    0.018361    0.012455  (   0.00,  10.94,   7.00)
 |    28 Copper                29   63.546   8.9600      1.4356      15.6778      0.000    10.94    0.018643    0.012481  (   0.00,  10.94,   7.00)
 |    29 Air                    7   14.784   0.0012  30528.8407   71998.1725      0.004    10.94    0.018643    0.012481  (   0.00,  10.94,   7.00)
 |    30 Air                    7   14.784   0.0012  30528.8407   71998.1725      4.956    15.90    0.018805    0.012550  (   0.00,  15.90,   7.00)
 |    31 Air                    7   14.784   0.0012  30528.8407   71998.1725      6.000    21.90    0.019002    0.012633  (   0.00,  21.90,   7.00)
 |    32 Air                    7   14.784   0.0012  30528.8407   71998.1725      6.000    27.90    0.019198    0.012717  (   0.00,  27.90,   7.00)
 |    33 Air                    7   14.784   0.0012  30528.8407   71998.1725      5.100    33.00    0.019366    0.012787  (   0.00,  33.00,   7.00)
 |    34 Air                    7   14.784   0.0012  30528.8407   71998.1725      8.300    41.30    0.019637    0.012903  (   0.00,  41.30,   7.00)
 |    35 CarbonFiber            6   11.968   1.5000     28.0746      51.2277      0.050    41.35    0.021418    0.013879  (   0.00,  41.35,   7.00)
 |    36 Rohacell31_15percent   6   12.079   0.0048   8616.2638   15601.5107      0.807    42.16    0.021512    0.013930  (   0.00,  42.16,   7.00)
 |    37 CarbonFiber            6   11.968   1.5000     28.0746      51.2277      0.050    42.21    0.023293    0.014907  (   0.00,  42.21,   7.00)
 |    38 Air                    7   14.784   0.0012  30528.8407   71998.1725      1.099    43.31    0.023329    0.014922  (   0.00,  43.31,   7.00)
 |    39 PEEK                   6   12.213   1.3700     30.3288      56.7278      0.020    43.33    0.024004    0.015283  (   0.00,  43.33,   7.00)
 |    40 CarbonFiber_50D        6   11.968   0.7500     56.1492     102.4553      0.016    43.34    0.024296    0.015443  (   0.00,  43.34,   7.00)
 |    41 Rohacell31_50D         6   12.079   0.0160   2584.8791    4680.4532      0.184    43.53    0.024367    0.015482  (   0.00,  43.53,   7.00)
 |    42 Epoxy                  6   11.888   1.3000     31.5900      54.8420      0.018    43.55    0.024935    0.015809  (   0.00,  43.55,   7.00)
 |    43 CarbonFiber_50D        6   11.968   0.7500     56.1492     102.4553      0.016    43.56    0.025227    0.015969  (   0.00,  43.56,   7.00)
 |    44 Silicon               14   28.085   2.3300      9.3661      45.7531      0.031    43.59    0.028506    0.016640  (   0.00,  43.59,   7.00)
 |    45 Silicon               14   28.085   2.3300      9.3661      45.7531      0.000    43.59    0.028559    0.016651  (   0.00,  43.59,   7.00)
 |    46 Air                    7   14.784   0.0012  30528.8407   71998.1725      0.005    43.60    0.028559    0.016651  (   0.00,  43.60,   7.00)
 |    47 Kapton                 6   12.701   1.4300     28.3749      55.9194      0.005    43.60    0.028743    0.016744  (   0.00,  43.60,   7.00)
 |    48 Air                    7   14.784   0.0012  30528.8407   71998.1725      0.006    43.61    0.028743    0.016744  (   0.00,  43.61,   7.00)
 |    49 Copper                29   63.546   8.9600      1.4356      15.6778      0.001    43.61    0.029114    0.016778  (   0.00,  43.61,   7.00)
 |    50 Air                    7   14.784   0.0012  30528.8407   71998.1725      0.004    43.61    0.029114    0.016779  (   0.00,  43.61,   7.00)
 |    51 Air                    7   14.784   0.0012  30528.8407   71998.1725      4.387    48.00    0.029258    0.016839  (   0.00,  48.00,   7.00)
 |    52 Air                    7   14.784   0.0012  30528.8407   71998.1725      8.100    56.10    0.029523    0.016952  (   0.00,  56.10,   7.00)
 |    53 CarbonFiber            6   11.968   1.5000     28.0746      51.2277      0.050    56.15    0.031304    0.017928  (   0.00,  56.15,   7.00)
 |    54 Rohacell31_15percent   6   12.079   0.0048   8616.2638   15601.5107      0.807    56.96    0.031398    0.017980  (   0.00,  56.96,   7.00)
 |    55 CarbonFiber            6   11.968   1.5000     28.0746      51.2277      0.050    57.01    0.033179    0.018956  (   0.00,  57.01,   7.00)
 |    56 Air                    7   14.784   0.0012  30528.8407   71998.1725      0.978    57.99    0.033211    0.018969  (   0.00,  57.99,   7.00)
 |    57 PEEK                   6   12.213   1.3700     30.3288      56.7278      0.020    58.01    0.033882    0.019328  (   0.00,  58.01,   7.00)
 |    58 CarbonFiber_50D        6   11.968   0.7500     56.1492     102.4553      0.016    58.02    0.034172    0.019487  (   0.00,  58.02,   7.00)
 |    59 Rohacell31_50D         6   12.079   0.0160   2584.8791    4680.4532      0.183    58.21    0.034243    0.019526  (   0.00,  58.21,   7.00)
 |    60 Epoxy                  6   11.888   1.3000     31.5900      54.8420      0.018    58.22    0.034807    0.019851  (   0.00,  58.22,   7.00)
 |    61 CarbonFiber_50D        6   11.968   0.7500     56.1492     102.4553      0.016    58.24    0.035097    0.020010  (   0.00,  58.24,   7.00)
 |    62 Silicon               14   28.085   2.3300      9.3661      45.7531      0.031    58.27    0.038358    0.020678  (   0.00,  58.27,   7.00)
 |    63 Silicon               14   28.085   2.3300      9.3661      45.7531      0.000    58.27    0.038410    0.020688  (   0.00,  58.27,   7.00)
 |    64 Air                    7   14.784   0.0012  30528.8407   71998.1725      0.004    58.28    0.038410    0.020688  (   0.00,  58.28,   7.00)
 |    65 Kapton                 6   12.701   1.4300     28.3749      55.9194      0.007    58.28    0.038640    0.020805  (   0.00,  58.28,   7.00)
 |    66 Air                    7   14.784   0.0012  30528.8407   71998.1725      0.005    58.29    0.038640    0.020805  (   0.00,  58.29,   7.00)
 |    67 Copper                29   63.546   8.9600      1.4356      15.6778      0.001    58.29    0.039101    0.020847  (   0.00,  58.29,   7.00)
 |    68 Air                    7   14.784   0.0012  30528.8407   71998.1725      0.004    58.29    0.039101    0.020847  (   0.00,  58.29,   7.00)
 |    69 Air                    7   14.784   0.0012  30528.8407   71998.1725      4.709    63.00    0.039255    0.020913  (   0.00,  63.00,   7.00)
 |    70 Air                    7   14.784   0.0012  30528.8407   71998.1725      2.222    65.22    0.039328    0.020943  (   0.00,  65.22,   7.00)
 |    71 Kapton                 6   12.701   1.4300     28.3749      55.9194      0.030    65.25    0.040385    0.021480  (   0.00,  65.25,   7.00)
 |    72 Polystyrene            6   11.077   1.0320     42.5383      70.1339      0.800    66.05    0.059192    0.032887  (   0.00,  66.05,   7.00)
 |    73 Lead                  82  207.217  11.3500      0.5613      18.2607      0.500    66.55    0.950055    0.060268  (   0.00,  66.55,   7.00)
 |    74 Polystyrene            6   11.077   1.0320     42.5383      70.1339      0.800    67.35    0.968862    0.071675  (   0.00,  67.35,   7.00)
 |    75 Air                    7   14.784   0.0012  30528.8407   71998.1725      0.150    67.50    0.968867    0.071677  (   0.00,  67.50,   7.00)
 |    76 Lead                  82  207.217  11.3500      0.5613      18.2607      0.500    68.00    1.859730    0.099058  (   0.00,  68.00,   7.00)
 |    77 Polystyrene            6   11.077   1.0320     42.5383      70.1339      0.800    68.80    1.878537    0.110465  (   0.00,  68.80,   7.00)
 |    78 Air                    7   14.784   0.0012  30528.8407   71998.1725      0.150    68.95    1.878542    0.110467  (   0.00,  68.95,   7.00)
 |    79 Lead                  82  207.217  11.3500      0.5613      18.2607      0.500    69.45    2.769405    0.137848  (   0.00,  69.45,   7.00)
 |    80 Polystyrene            6   11.077   1.0320     42.5383      70.1339      0.800    70.25    2.788212    0.149255  (   0.00,  70.25,   7.00)
 |    81 Air                    7   14.784   0.0012  30528.8407   71998.1725      0.150    70.40    2.788217    0.149257  (   0.00,  70.40,   7.00)
 |    82 Lead                  82  207.217  11.3500      0.5613      18.2607      0.500    70.90    3.679080    0.176638  (   0.00,  70.90,   7.00)
 |    83 Polystyrene            6   11.077   1.0320     42.5383      70.1339      0.800    71.70    3.697887    0.188045  (   0.00,  71.70,   7.00)
 |    84 Air                    7   14.784   0.0012  30528.8407   71998.1725      0.150    71.85    3.697891    0.188047  (   0.00,  71.85,   7.00)
 |    85 Lead                  82  207.217  11.3500      0.5613      18.2607      0.500    72.35    4.588755    0.215428  (   0.00,  72.35,   7.00)
 |    86 Polystyrene            6   11.077   1.0320     42.5383      70.1339      0.800    73.15    4.607561    0.226835  (   0.00,  73.15,   7.00)
 |    87 Air                    7   14.784   0.0012  30528.8407   71998.1725      0.150    73.30    4.607566    0.226837  (   0.00,  73.30,   7.00)
 |    88 Lead                  82  207.217  11.3500      0.5613      18.2607      0.500    73.80    5.498430    0.254218  (   0.00,  73.80,   7.00)
 |    89 Polystyrene            6   11.077   1.0320     42.5383      70.1339      0.800    74.60    5.517236    0.265625  (   0.00,  74.60,   7.00)
 |    90 Air                    7   14.784   0.0012  30528.8407   71998.1725      0.150    74.75    5.517241    0.265627  (   0.00,  74.75,   7.00)
 |    91 Lead                  82  207.217  11.3500      0.5613      18.2607      0.500    75.25    6.408105    0.293008  (   0.00,  75.25,   7.00)
 |    92 Polystyrene            6   11.077   1.0320     42.5383      70.1339      0.800    76.05    6.426911    0.304415  (   0.00,  76.05,   7.00)
 |    93 Air                    7   14.784   0.0012  30528.8407   71998.1725      0.150    76.20    6.426916    0.304417  (   0.00,  76.20,   7.00)
 |    94 Lead                  82  207.217  11.3500      0.5613      18.2607      0.500    76.70    7.317780    0.331798  (   0.00,  76.70,   7.00)
 |    95 Polystyrene            6   11.077   1.0320     42.5383      70.1339      0.800    77.50    7.336586    0.343205  (   0.00,  77.50,   7.00)
 |    96 Air                    7   14.784   0.0012  30528.8407   71998.1725      0.150    77.65    7.336591    0.343207  (   0.00,  77.65,   7.00)
 |    97 Lead                  82  207.217  11.3500      0.5613      18.2607      0.500    78.15    8.227454    0.370588  (   0.00,  78.15,   7.00)
 |    98 Polystyrene            6   11.077   1.0320     42.5383      70.1339      0.800    78.95    8.246261    0.381995  (   0.00,  78.95,   7.00)
 |    99 Air                    7   14.784   0.0012  30528.8407   71998.1725      0.150    79.10    8.246266    0.381997  (   0.00,  79.10,   7.00)
 |   100 Lead                  82  207.217  11.3500      0.5613      18.2607      0.500    79.60    9.137129    0.409378  (   0.00,  79.60,   7.00)
 |   101 Polystyrene            6   11.077   1.0320     42.5383      70.1339      0.800    80.40    9.155936    0.420785  (   0.00,  80.40,   7.00)
 |   102 Air                    7   14.784   0.0012  30528.8407   71998.1725      0.150    80.55    9.155941    0.420787  (   0.00,  80.55,   7.00)
 |   103 Lead                  82  207.217  11.3500      0.5613      18.2607      0.500    81.05   10.046804    0.448168  (   0.00,  81.05,   7.00)
 |   104 Polystyrene            6   11.077   1.0320     42.5383      70.1339      0.800    81.85   10.065611    0.459575  (   0.00,  81.85,   7.00)
 |   105 Air                    7   14.784   0.0012  30528.8407   71998.1725      0.150    82.00   10.065616    0.459577  (   0.00,  82.00,   7.00)
 |   106 Lead                  82  207.217  11.3500      0.5613      18.2607      0.500    82.50   10.956479    0.486958  (   0.00,  82.50,   7.00)
 |   107 Polystyrene            6   11.077   1.0320     42.5383      70.1339      0.800    83.30   10.975286    0.498365  (   0.00,  83.30,   7.00)
 |   108 Air                    7   14.784   0.0012  30528.8407   71998.1725      0.150    83.45   10.975291    0.498367  (   0.00,  83.45,   7.00)
 |   109 Lead                  82  207.217  11.3500      0.5613      18.2607      0.600    84.05   12.044327    0.531225  (   0.00,  84.05,   7.00)
 |   110 Polystyrene            6   11.077   1.0320     42.5383      70.1339      0.800    84.85   12.063133    0.542631  (   0.00,  84.85,   7.00)
 |   111 Air                    7   14.784   0.0012  30528.8407   71998.1725      0.150    85.00   12.063138    0.542634  (   0.00,  85.00,   7.00)
 |   112 Lead                  82  207.217  11.3500      0.5613      18.2607      0.600    85.60   13.132174    0.575491  (   0.00,  85.60,   7.00)
 |   113 Polystyrene            6   11.077   1.0320     42.5383      70.1339      0.800    86.40   13.150981    0.586898  (   0.00,  86.40,   7.00)
 |   114 Air                    7   14.784   0.0012  30528.8407   71998.1725      0.150    86.55   13.150986    0.586900  (   0.00,  86.55,   7.00)
 |   115 Lead                  82  207.217  11.3500      0.5613      18.2607      0.600    87.15   14.220022    0.619757  (   0.00,  87.15,   7.00)
 |   116 Polystyrene            6   11.077   1.0320     42.5383      70.1339      0.800    87.95   14.238829    0.631164  (   0.00,  87.95,   7.00)
 |   117 Air                    7   14.784   0.0012  30528.8407   71998.1725      0.150    88.10   14.238833    0.631166  (   0.00,  88.10,   7.00)
 |   118 Lead                  82  207.217  11.3500      0.5613      18.2607      0.600    88.70   15.307870    0.664024  (   0.00,  88.70,   7.00)
 |   119 Polystyrene            6   11.077   1.0320     42.5383      70.1339      0.800    89.50   15.326676    0.675430  (   0.00,  89.50,   7.00)
 |   120 Air                    7   14.784   0.0012  30528.8407   71998.1725      0.150    89.65   15.326681    0.675432  (   0.00,  89.65,   7.00)
 |   121 Lead                  82  207.217  11.3500      0.5613      18.2607      0.600    90.25   16.395717    0.708290  (   0.00,  90.25,   7.00)
 |   122 Polystyrene            6   11.077   1.0320     42.5383      70.1339      0.800    91.05   16.414524    0.719697  (   0.00,  91.05,   7.00)
 |   123 Air                    7   14.784   0.0012  30528.8407   71998.1725      0.150    91.20   16.414529    0.719699  (   0.00,  91.20,   7.00)
 |   124 Lead                  82  207.217  11.3500      0.5613      18.2607      0.600    91.80   17.483565    0.752556  (   0.00,  91.80,   7.00)
 |   125 Polystyrene            6   11.077   1.0320     42.5383      70.1339      0.800    92.60   17.502371    0.763963  (   0.00,  92.60,   7.00)
 |   126 Air                    7   14.784   0.0012  30528.8407   71998.1725      0.150    92.75   17.502376    0.763965  (   0.00,  92.75,   7.00)
 |   127 Lead                  82  207.217  11.3500      0.5613      18.2607      0.600    93.35   18.571412    0.796822  (   0.00,  93.35,   7.00)
 |   128 Polystyrene            6   11.077   1.0320     42.5383      70.1339      0.800    94.15   18.590219    0.808229  (   0.00,  94.15,   7.00)
 |   129 Air                    7   14.784   0.0012  30528.8407   71998.1725      0.150    94.30   18.590224    0.808231  (   0.00,  94.30,   7.00)
 |   130 Lead                  82  207.217  11.3500      0.5613      18.2607      0.600    94.90   19.659260    0.841089  (   0.00,  94.90,   7.00)
 |   131 Polystyrene            6   11.077   1.0320     42.5383      70.1339      0.800    95.70   19.678067    0.852496  (   0.00,  95.70,   7.00)
 |   132 Air                    7   14.784   0.0012  30528.8407   71998.1725      0.150    95.85   19.678071    0.852498  (   0.00,  95.85,   7.00)
 |   133 Lead                  82  207.217  11.3500      0.5613      18.2607      0.600    96.45   20.747108    0.885355  (   0.00,  96.45,   7.00)
 |   134 Polystyrene            6   11.077   1.0320     42.5383      70.1339      0.800    97.25   20.765914    0.896762  (   0.00,  97.25,   7.00)
 |   135 Air                    7   14.784   0.0012  30528.8407   71998.1725      0.150    97.40   20.765919    0.896764  (   0.00,  97.40,   7.00)
 |   136 Lead                  82  207.217  11.3500      0.5613      18.2607      0.600    98.00   21.834955    0.929621  (   0.00,  98.00,   7.00)
 |   137 Polystyrene            6   11.077   1.0320     42.5383      70.1339      0.800    98.80   21.853762    0.941028  (   0.00,  98.80,   7.00)
 |   138 Air                    7   14.784   0.0012  30528.8407   71998.1725      0.150    98.95   21.853767    0.941030  (   0.00,  98.95,   7.00)
 |   139 Lead                  82  207.217  11.3500      0.5613      18.2607      0.600    99.55   22.922803    0.973888  (   0.00,  99.55,   7.00)
 |   140 Polystyrene            6   11.077   1.0320     42.5383      70.1339      0.800   100.35   22.941609    0.985294  (   0.00, 100.35,   7.00)
 |   141 Air                    7   14.784   0.0012  30528.8407   71998.1725      0.150   100.50   22.941614    0.985296  (   0.00, 100.50,   7.00)
 |   142 Lead                  82  207.217  11.3500      0.5613      18.2607      0.600   101.10   24.010650    1.018154  (   0.00, 101.10,   7.00)
 |   143 Polystyrene            6   11.077   1.0320     42.5383      70.1339      0.800   101.90   24.029457    1.029561  (   0.00, 101.90,   7.00)
 |   144 Air                    7   14.784   0.0012  30528.8407   71998.1725      0.150   102.05   24.029462    1.029563  (   0.00, 102.05,   7.00)
 |   145 Lead                  82  207.217  11.3500      0.5613      18.2607      0.600   102.65   25.098498    1.062420  (   0.00, 102.65,   7.00)
 |   146 Polystyrene            6   11.077   1.0320     42.5383      70.1339      0.800   103.45   25.117304    1.073827  (   0.00, 103.45,   7.00)
 |   147 Air                    7   14.784   0.0012  30528.8407   71998.1725      0.150   103.60   25.117309    1.073829  (   0.00, 103.60,   7.00)
 |   148 Lead                  82  207.217  11.3500      0.5613      18.2607      0.600   104.20   26.186345    1.106687  (   0.00, 104.20,   7.00)
 |   149 Polystyrene            6   11.077   1.0320     42.5383      70.1339      0.800   105.00   26.205152    1.118093  (   0.00, 105.00,   7.00)
 |   150 Air                    7   14.784   0.0012  30528.8407   71998.1725      0.150   105.15   26.205157    1.118095  (   0.00, 105.15,   7.00)
 |   151 Lead                  82  207.217  11.3500      0.5613      18.2607      0.600   105.75   27.274193    1.150953  (   0.00, 105.75,   7.00)
 |   152 Polystyrene            6   11.077   1.0320     42.5383      70.1339      0.800   106.55   27.293000    1.162360  (   0.00, 106.55,   7.00)
 |   153 Air                    7   14.784   0.0012  30528.8407   71998.1725      0.150   106.70   27.293005    1.162362  (   0.00, 106.70,   7.00)
 |   154 Lead                  82  207.217  11.3500      0.5613      18.2607      0.600   107.30   28.362041    1.195219  (   0.00, 107.30,   7.00)
 |   155 Polystyrene            6   11.077   1.0320     42.5383      70.1339      0.800   108.10   28.380847    1.206626  (   0.00, 108.10,   7.00)
 |   156 Air                    7   14.784   0.0012  30528.8407   71998.1725      0.150   108.25   28.380852    1.206628  (   0.00, 108.25,   7.00)
 |   157 Lead                  82  207.217  11.3500      0.5613      18.2607      0.600   108.85   29.449888    1.239485  (   0.00, 108.85,   7.00)
 |   158 Polystyrene            6   11.077   1.0320     42.5383      70.1339      0.800   109.65   29.468695    1.250892  (   0.00, 109.65,   7.00)
 |   159 Air                    7   14.784   0.0012  30528.8407   71998.1725      0.150   109.80   29.468700    1.250894  (   0.00, 109.80,   7.00)
 |   160 Lead                  82  207.217  11.3500      0.5613      18.2607      0.600   110.40   30.537736    1.283752  (   0.00, 110.40,   7.00)
 |   161 Polystyrene            6   11.077   1.0320     42.5383      70.1339      0.800   111.20   30.556542    1.295158  (   0.00, 111.20,   7.00)
 |   162 Air                    7   14.784   0.0012  30528.8407   71998.1725      0.150   111.35   30.556547    1.295161  (   0.00, 111.35,   7.00)
 |   163 Lead                  82  207.217  11.3500      0.5613      18.2607      1.100   112.45   32.516447    1.355399  (   0.00, 112.45,   7.00)
 |   164 Polystyrene            6   11.077   1.0320     42.5383      70.1339      0.800   113.25   32.535253    1.366806  (   0.00, 113.25,   7.00)
 |   165 Air                    7   14.784   0.0012  30528.8407   71998.1725      0.150   113.40   32.535258    1.366808  (   0.00, 113.40,   7.00)
 |   166 Lead                  82  207.217  11.3500      0.5613      18.2607      1.100   114.50   34.495158    1.427047  (   0.00, 114.50,   7.00)
 |   167 Polystyrene            6   11.077   1.0320     42.5383      70.1339      0.800   115.30   34.513964    1.438453  (   0.00, 115.30,   7.00)
 |   168 Air                    7   14.784   0.0012  30528.8407   71998.1725      0.150   115.45   34.513969    1.438456  (   0.00, 115.45,   7.00)
 |   169 Lead                  82  207.217  11.3500      0.5613      18.2607      1.100   116.55   36.473869    1.498694  (   0.00, 116.55,   7.00)
 |   170 Polystyrene            6   11.077   1.0320     42.5383      70.1339      0.800   117.35   36.492675    1.510101  (   0.00, 117.35,   7.00)
 |   171 Air                    7   14.784   0.0012  30528.8407   71998.1725      0.150   117.50   36.492680    1.510103  (   0.00, 117.50,   7.00)
 |   172 Lead                  82  207.217  11.3500      0.5613      18.2607      1.100   118.60   38.452580    1.570342  (   0.00, 118.60,   7.00)
 |   173 Polystyrene            6   11.077   1.0320     42.5383      70.1339      0.800   119.40   38.471386    1.581748  (   0.00, 119.40,   7.00)
 |   174 Air                    7   14.784   0.0012  30528.8407   71998.1725      0.150   119.55   38.471391    1.581751  (   0.00, 119.55,   7.00)
 |   175 Lead                  82  207.217  11.3500      0.5613      18.2607      1.100   120.65   40.431291    1.641989  (   0.00, 120.65,   7.00)
 |   176 Polystyrene            6   11.077   1.0320     42.5383      70.1339      0.800   121.45   40.450097    1.653396  (   0.00, 121.45,   7.00)
 |   177 Air                    7   14.784   0.0012  30528.8407   71998.1725      0.150   121.60   40.450102    1.653398  (   0.00, 121.60,   7.00)
 |   178 Lead                  82  207.217  11.3500      0.5613      18.2607      1.100   122.70   42.410002    1.713637  (   0.00, 122.70,   7.00)
 |   179 Polystyrene            6   11.077   1.0320     42.5383      70.1339      0.800   123.50   42.428808    1.725043  (   0.00, 123.50,   7.00)
 |   180 Air                    7   14.784   0.0012  30528.8407   71998.1725      0.150   123.65   42.428813    1.725046  (   0.00, 123.65,   7.00)
 |   181 Lead                  82  207.217  11.3500      0.5613      18.2607      1.100   124.75   44.388713    1.785284  (   0.00, 124.75,   7.00)
 |   182 Polystyrene            6   11.077   1.0320     42.5383      70.1339      0.800   125.55   44.407519    1.796691  (   0.00, 125.55,   7.00)
 |   183 Air                    7   14.784   0.0012  30528.8407   71998.1725      0.150   125.70   44.407524    1.796693  (   0.00, 125.70,   7.00)
 |   184 Lead                  82  207.217  11.3500      0.5613      18.2607      1.100   126.80   46.367424    1.856932  (   0.00, 126.80,   7.00)
 |   185 Polystyrene            6   11.077   1.0320     42.5383      70.1339      0.800   127.60   46.386230    1.868338  (   0.00, 127.60,   7.00)
 |   186 Air                    7   14.784   0.0012  30528.8407   71998.1725      0.150   127.75   46.386235    1.868341  (   0.00, 127.75,   7.00)
 |   187 Lead                  82  207.217  11.3500      0.5613      18.2607      1.100   128.85   48.346135    1.928579  (   0.00, 128.85,   7.00)
 |   188 Polystyrene            6   11.077   1.0320     42.5383      70.1339      0.800   129.65   48.364941    1.939986  (   0.00, 129.65,   7.00)
 |   189 Air                    7   14.784   0.0012  30528.8407   71998.1725      0.150   129.80   48.364946    1.939988  (   0.00, 129.80,   7.00)
 |   190 Lead                  82  207.217  11.3500      0.5613      18.2607      1.100   130.90   50.324846    2.000227  (   0.00, 130.90,   7.00)
 |   191 Polystyrene            6   11.077   1.0320     42.5383      70.1339      0.800   131.70   50.343652    2.011633  (   0.00, 131.70,   7.00)
 |   192 Air                    7   14.784   0.0012  30528.8407   71998.1725      0.150   131.85   50.343657    2.011636  (   0.00, 131.85,   7.00)
 |   193 Lead                  82  207.217  11.3500      0.5613      18.2607      1.100   132.95   52.303557    2.071874  (   0.00, 132.95,   7.00)
 |   194 Polystyrene            6   11.077   1.0320     42.5383      70.1339      0.800   133.75   52.322363    2.083281  (   0.00, 133.75,   7.00)
 |   195 Air                    7   14.784   0.0012  30528.8407   71998.1725      0.150   133.90   52.322368    2.083283  (   0.00, 133.90,   7.00)
 |   196 Lead                  82  207.217  11.3500      0.5613      18.2607      1.100   135.00   54.282268    2.143522  (   0.00, 135.00,   7.00)
 |   197 Polystyrene            6   11.077   1.0320     42.5383      70.1339      0.800   135.80   54.301074    2.154928  (   0.00, 135.80,   7.00)
 |   198 Air                    7   14.784   0.0012  30528.8407   71998.1725      0.150   135.95   54.301079    2.154931  (   0.00, 135.95,   7.00)
 |   199 Lead                  82  207.217  11.3500      0.5613      18.2607      1.100   137.05   56.260979    2.215169  (   0.00, 137.05,   7.00)
 |   200 Polystyrene            6   11.077   1.0320     42.5383      70.1339      0.800   137.85   56.279785    2.226576  (   0.00, 137.85,   7.00)
 |   201 Air                    7   14.784   0.0012  30528.8407   71998.1725      0.150   138.00   56.279790    2.226578  (   0.00, 138.00,   7.00)
 |   202 Lead                  82  207.217  11.3500      0.5613      18.2607      1.100   139.10   58.239690    2.286817  (   0.00, 139.10,   7.00)
 |   203 Polystyrene            6   11.077   1.0320     42.5383      70.1339      0.800   139.90   58.258496    2.298224  (   0.00, 139.90,   7.00)
 |   204 Air                    7   14.784   0.0012  30528.8407   71998.1725      0.150   140.05   58.258501    2.298226  (   0.00, 140.05,   7.00)
 |   205 Lead                  82  207.217  11.3500      0.5613      18.2607      1.100   141.15   60.218401    2.358464  (   0.00, 141.15,   7.00)
 |   206 Polystyrene            6   11.077   1.0320     42.5383      70.1339      0.800   141.95   60.237207    2.369871  (   0.00, 141.95,   7.00)
 |   207 Air                    7   14.784   0.0012  30528.8407   71998.1725      0.150   142.10   60.237212    2.369873  (   0.00, 142.10,   7.00)
 |   208 Lead                  82  207.217  11.3500      0.5613      18.2607      1.100   143.20   62.197112    2.430112  (   0.00, 143.20,   7.00)
 |   209 Polystyrene            6   11.077   1.0320     42.5383      70.1339      0.800   144.00   62.215918    2.441519  (   0.00, 144.00,   7.00)
 |   210 Air                    7   14.784   0.0012  30528.8407   71998.1725      0.150   144.15   62.215923    2.441521  (   0.00, 144.15,   7.00)
 |   211 Lead                  82  207.217  11.3500      0.5613      18.2607      1.100   145.25   64.175823    2.501759  (   0.00, 145.25,   7.00)
 |   212 Polystyrene            6   11.077   1.0320     42.5383      70.1339      0.800   146.05   64.194629    2.513166  (   0.00, 146.05,   7.00)
 |   213 Air                    7   14.784   0.0012  30528.8407   71998.1725      0.150   146.20   64.194634    2.513168  (   0.00, 146.20,   7.00)
 |   214 Lead                  82  207.217  11.3500      0.5613      18.2607      1.100   147.30   66.154534    2.573407  (   0.00, 147.30,   7.00)
 |   215 Polystyrene            6   11.077   1.0320     42.5383      70.1339      0.800   148.10   66.173340    2.584814  (   0.00, 148.10,   7.00)
 |   216 Air                    7   14.784   0.0012  30528.8407   71998.1725      0.150   148.25   66.173345    2.584816  (   0.00, 148.25,   7.00)
 |   217 Air                    7   14.784   0.0012  30528.8407   71998.1725     18.265   166.52   66.173943    2.585069  (   0.00, 166.52,   7.00)
 |   218 Aluminum              13   26.982   2.6990      8.8963      39.8672      3.000   169.52   66.511162    2.660319  (   0.00, 169.52,   7.00)
 |   219 Vacuum                 7   14.784   0.0000 3.66346e+11  8.63978e+11      1.500   171.02   66.511162    2.660319  (   0.00, 171.02,   7.00)
 |   220 Aluminum              13   26.982   2.6990      8.8963      39.8672      3.000   174.02   66.848380    2.735569  (   0.00, 174.02,   7.00)
 |   221 Air                    7   14.784   0.0012  30528.8407   71998.1725      2.000   176.02   66.848445    2.735597  (   0.00, 176.02,   7.00)
 |   222 Aluminum              13   26.982   2.6990      8.8963      39.8672      6.000   182.02   67.522882    2.886096  (   0.00, 182.02,   7.00)
 |   223 Aluminum              13   26.982   2.6990      8.8963      39.8672      5.000   187.02   68.084912    3.011513  (   0.00, 187.02,   7.00)
 |   224 Air                    7   14.784   0.0012  30528.8407   71998.1725      6.500   193.52   68.085125    3.011603  (   0.00, 193.52,   7.00)
 |   225 Aluminum              13   26.982   2.6990      8.8963      39.8672      1.500   195.02   68.253734    3.049228  (   0.00, 195.02,   7.00)
 |   226 Aluminum              13   26.982   2.6990      8.8963      39.8672      3.000   198.02   68.590952    3.124478  (   0.00, 198.02,   7.00)
 |   227 Vacuum                 7   14.784   0.0000 3.66346e+11  8.63978e+11      3.000   201.02   68.590952    3.124478  (   0.00, 201.02,   7.00)
 |   228 Aluminum              13   26.982   2.6990      8.8963      39.8672      4.000   205.02   69.040576    3.224811  (   0.00, 205.02,   7.00)
 |   229 Air                    7   14.784   0.0012  30528.8407   71998.1725      0.500   205.52   69.040593    3.224818  (   0.00, 205.52,   7.00)
 |   230 Steel235              26   55.757   7.8500      1.7653      17.1928      8.000   213.52   73.572522    3.690129  (   0.00, 213.52,   7.00)
 |   231 Polystyrene            6   11.077   1.0320     42.5383      70.1339      0.600   214.12   73.586627    3.698684  (   0.00, 214.12,   7.00)
 |   232 Air                    7   14.784   0.0012  30528.8407   71998.1725      0.150   214.27   73.586632    3.698686  (   0.00, 214.27,   7.00)
 |   233 Steel235              26   55.757   7.8500      1.7653      17.1928      8.000   222.27   78.118561    4.163996  (   0.00, 222.27,   7.00)
 |   234 Polystyrene            6   11.077   1.0320     42.5383      70.1339      0.600   222.87   78.132666    4.172551  (   0.00, 222.87,   7.00)
 |   235 Air                    7   14.784   0.0012  30528.8407   71998.1725      0.150   223.02   78.132671    4.172554  (   0.00, 223.02,   7.00)
 |   236 Steel235              26   55.757   7.8500      1.7653      17.1928      8.000   231.02   82.664600    4.637864  (   0.00, 231.02,   7.00)
 |   237 Polystyrene            6   11.077   1.0320     42.5383      70.1339      0.600   231.62   82.678705    4.646419  (   0.00, 231.62,   7.00)
 |   238 Air                    7   14.784   0.0012  30528.8407   71998.1725      0.150   231.77   82.678710    4.646421  (   0.00, 231.77,   7.00)
 |   239 Steel235              26   55.757   7.8500      1.7653      17.1928     12.000   243.77   89.476604    5.344387  (   0.00, 243.77,   7.00)
 |   240 Polystyrene            6   11.077   1.0320     42.5383      70.1339      0.600   244.37   89.490709    5.352942  (   0.00, 244.37,   7.00)
 |   241 Air                    7   14.784   0.0012  30528.8407   71998.1725      0.150   244.52   89.490714    5.352944  (   0.00, 244.52,   7.00)
 |   242 Steel235              26   55.757   7.8500      1.7653      17.1928     12.000   256.52   96.288608    6.050910  (   0.00, 256.52,   7.00)
 |   243 Polystyrene            6   11.077   1.0320     42.5383      70.1339      0.600   257.12   96.302713    6.059465  (   0.00, 257.12,   7.00)
 |   244 Air                    7   14.784   0.0012  30528.8407   71998.1725      0.150   257.27   96.302718    6.059468  (   0.00, 257.27,   7.00)
 |   245 Steel235              26   55.757   7.8500      1.7653      17.1928     12.000   269.27  103.100612    6.757434  (   0.00, 269.27,   7.00)
 |   246 Polystyrene            6   11.077   1.0320     42.5383      70.1339      0.600   269.87  103.114716    6.765989  (   0.00, 269.87,   7.00)
 |   247 Air                    7   14.784   0.0012  30528.8407   71998.1725      0.150   270.02  103.114721    6.765991  (   0.00, 270.02,   7.00)
 |   248 Steel235              26   55.757   7.8500      1.7653      17.1928     12.000   282.02  109.912615    7.463957  (   0.00, 282.02,   7.00)
 |   249 Polystyrene            6   11.077   1.0320     42.5383      70.1339      0.600   282.62  109.926720    7.472512  (   0.00, 282.62,   7.00)
 |   250 Air                    7   14.784   0.0012  30528.8407   71998.1725      0.150   282.77  109.926725    7.472514  (   0.00, 282.77,   7.00)
 |   251 Steel235              26   55.757   7.8500      1.7653      17.1928     12.000   294.77  116.724619    8.170480  (   0.00, 294.77,   7.00)
 |   252 Polystyrene            6   11.077   1.0320     42.5383      70.1339      0.600   295.37  116.738724    8.179035  (   0.00, 295.37,   7.00)
 |   253 Air                    7   14.784   0.0012  30528.8407   71998.1725      0.150   295.52  116.738729    8.179037  (   0.00, 295.52,   7.00)
 |   254 Steel235              26   55.757   7.8500      1.7653      17.1928     12.000   307.52  123.536623    8.877003  (   0.00, 307.52,   7.00)
 |   255 Polystyrene            6   11.077   1.0320     42.5383      70.1339      0.600   308.12  123.550728    8.885558  (   0.00, 308.12,   7.00)
 |   256 Air                    7   14.784   0.0012  30528.8407   71998.1725      0.150   308.27  123.550733    8.885560  (   0.00, 308.27,   7.00)
 |   257 Steel235              26   55.757   7.8500      1.7653      17.1928     15.000   323.27  132.048100    9.758018  (   0.00, 323.27,   7.00)
 |   258 Polystyrene            6   11.077   1.0320     42.5383      70.1339      0.600   323.87  132.062205    9.766573  (   0.00, 323.87,   7.00)
 |   259 Air                    7   14.784   0.0012  30528.8407   71998.1725      0.150   324.02  132.062210    9.766575  (   0.00, 324.02,   7.00)
 |   260 Steel235              26   55.757   7.8500      1.7653      17.1928     15.000   339.02  140.559577   10.639032  (   0.00, 339.02,   7.00)
 |   261 Polystyrene            6   11.077   1.0320     42.5383      70.1339      0.600   339.62  140.573682   10.647587  (   0.00, 339.62,   7.00)
 |   262 Air                    7   14.784   0.0012  30528.8407   71998.1725      0.150   339.77  140.573687   10.647589  (   0.00, 339.77,   7.00)
 |   263 Steel235              26   55.757   7.8500      1.7653      17.1928     15.000   354.77  149.071055   11.520047  (   0.00, 354.77,   7.00)
 |   264 Polystyrene            6   11.077   1.0320     42.5383      70.1339      0.600   355.37  149.085160   11.528602  (   0.00, 355.37,   7.00)
 |   265 Air                    7   14.784   0.0012  30528.8407   71998.1725      0.150   355.52  149.085164   11.528604  (   0.00, 355.52,   7.00)
 |   266 Steel235              26   55.757   7.8500      1.7653      17.1928     15.000   370.52  157.582532   12.401061  (   0.00, 370.52,   7.00)
 |   267 Polystyrene            6   11.077   1.0320     42.5383      70.1339      0.600   371.12  157.596637   12.409616  (   0.00, 371.12,   7.00)
 |   268 Air                    7   14.784   0.0012  30528.8407   71998.1725      0.150   371.27  157.596642   12.409619  (   0.00, 371.27,   7.00)
 |   269 Steel235              26   55.757   7.8500      1.7653      17.1928     15.000   386.27  166.094009   13.282076  (   0.00, 386.27,   7.00)
 |   270 Polystyrene            6   11.077   1.0320     42.5383      70.1339      0.600   386.87  166.108114   13.290631  (   0.00, 386.87,   7.00)
 |   271 Air                    7   14.784   0.0012  30528.8407   71998.1725      0.150   387.02  166.108119   13.290633  (   0.00, 387.02,   7.00)
 |   272 Steel235              26   55.757   7.8500      1.7653      17.1928     15.000   402.02  174.605486   14.163091  (   0.00, 402.02,   7.00)
 |   273 Polystyrene            6   11.077   1.0320     42.5383      70.1339      0.600   402.62  174.619591   14.171646  (   0.00, 402.62,   7.00)
 |   274 Air                    7   14.784   0.0012  30528.8407   71998.1725      0.150   402.77  174.619596   14.171648  (   0.00, 402.77,   7.00)
 |   275 Steel235              26   55.757   7.8500      1.7653      17.1928     15.000   417.77  183.116964   15.044105  (   0.00, 417.77,   7.00)
 |   276 Polystyrene            6   11.077   1.0320     42.5383      70.1339      0.600   418.37  183.131069   15.052660  (   0.00, 418.37,   7.00)
 |   277 Air                    7   14.784   0.0012  30528.8407   71998.1725      0.150   418.52  183.131073   15.052662  (   0.00, 418.52,   7.00)
 |   278 Steel235              26   55.757   7.8500      1.7653      17.1928     15.000   433.52  191.628441   15.925120  (   0.00, 433.52,   7.00)
 |   279 Polystyrene            6   11.077   1.0320     42.5383      70.1339      0.600   434.12  191.642546   15.933675  (   0.00, 434.12,   7.00)
 |   280 Air                    7   14.784   0.0012  30528.8407   71998.1725      0.150   434.27  191.642551   15.933677  (   0.00, 434.27,   7.00)
 |   281 Air                    7   14.784   0.0012  30528.8407   71998.1725     33.250   467.52  191.643640   15.934139  (   0.00, 467.52,   7.00)
 |   282 Aluminum              13   26.982   2.6990      8.8963      39.8672      0.100   467.62  191.654880   15.936647  (   0.00, 467.62,   7.00)
 |   283 Air                    7   14.784   0.0012  30528.8407   71998.1725      0.350   467.97  191.654892   15.936652  (   0.00, 467.97,   7.00)
 |   284 PyrexGlass            10   20.495   2.2300     12.6748      43.5474      0.200   468.17  191.670671   15.941245  (   0.00, 468.17,   7.00)
 |   285 RPCGasDefault          8   16.809   0.0037   9559.7011   23915.1216      0.200   468.37  191.670692   15.941253  (   0.00, 468.37,   7.00)
 |   286 PyrexGlass            10   20.495   2.2300     12.6748      43.5474      0.200   468.57  191.686472   15.945846  (   0.00, 468.57,   7.00)
 |   287 Air                    7   14.784   0.0012  30528.8407   71998.1725      0.350   468.92  191.686483   15.945851  (   0.00, 468.92,   7.00)
 |   288 Aluminum              13   26.982   2.6990      8.8963      39.8672      0.100   469.02  191.697724   15.948359  (   0.00, 469.02,   7.00)
 |   289 Aluminum              13   26.982   2.6990      8.8963      39.8672      0.100   469.12  191.708964   15.950867  (   0.00, 469.12,   7.00)
 |   290 Air                    7   14.784   0.0012  30528.8407   71998.1725      0.350   469.47  191.708976   15.950872  (   0.00, 469.47,   7.00)
 |   291 PyrexGlass            10   20.495   2.2300     12.6748      43.5474      0.200   469.67  191.724755   15.955465  (   0.00, 469.67,   7.00)
 |   292 RPCGasDefault          8   16.809   0.0037   9559.7011   23915.1216      0.200   469.87  191.724776   15.955473  (   0.00, 469.87,   7.00)
 |   293 PyrexGlass            10   20.495   2.2300     12.6748      43.5474      0.200   470.07  191.740555   15.960066  (   0.00, 470.07,   7.00)
 |   294 Air                    7   14.784   0.0012  30528.8407   71998.1725      0.350   470.42  191.740567   15.960071  (   0.00, 470.42,   7.00)
 |   295 Aluminum              13   26.982   2.6990      8.8963      39.8672      0.100   470.52  191.751807   15.962579  (   0.00, 470.52,   7.00)
 |   296 Air                    7   14.784   0.0012  30528.8407   71998.1725      1.000   471.52  191.751840   15.962593  (   0.00, 471.52,   7.00)
 |   297 Iron                  26   55.845   7.8740      1.7575      17.1639      5.000   476.52  194.596802   16.253902  (   0.00, 476.52,   7.00)
 |   298 Aluminum              13   26.982   2.6990      8.8963      39.8672      0.100   476.62  194.608042   16.256410  (   0.00, 476.62,   7.00)
 |   299 Air                    7   14.784   0.0012  30528.8407   71998.1725      0.350   476.97  194.608054   16.256415  (   0.00, 476.97,   7.00)
 |   300 PyrexGlass            10   20.495   2.2300     12.6748      43.5474      0.200   477.17  194.623833   16.261008  (   0.00, 477.17,   7.00)
 |   301 RPCGasDefault          8   16.809   0.0037   9559.7011   23915.1216      0.200   477.37  194.623854   16.261016  (   0.00, 477.37,   7.00)
 |   302 PyrexGlass            10   20.495   2.2300     12.6748      43.5474      0.200   477.57  194.639633   16.265609  (   0.00, 477.57,   7.00)
 |   303 Air                    7   14.784   0.0012  30528.8407   71998.1725      0.350   477.92  194.639645   16.265614  (   0.00, 477.92,   7.00)
 |   304 Aluminum              13   26.982   2.6990      8.8963      39.8672      0.100   478.02  194.650885   16.268122  (   0.00, 478.02,   7.00)
 |   305 Aluminum              13   26.982   2.6990      8.8963      39.8672      0.100   478.12  194.662126   16.270631  (   0.00, 478.12,   7.00)
 |   306 Air                    7   14.784   0.0012  30528.8407   71998.1725      0.350   478.47  194.662137   16.270635  (   0.00, 478.47,   7.00)
 |   307 PyrexGlass            10   20.495   2.2300     12.6748      43.5474      0.200   478.67  194.677917   16.275228  (   0.00, 478.67,   7.00)
 |   308 RPCGasDefault          8   16.809   0.0037   9559.7011   23915.1216      0.200   478.87  194.677938   16.275237  (   0.00, 478.87,   7.00)
 |   309 PyrexGlass            10   20.495   2.2300     12.6748      43.5474      0.200   479.07  194.693717   16.279829  (   0.00, 479.07,   7.00)
 |   310 Air                    7   14.784   0.0012  30528.8407   71998.1725      0.350   479.42  194.693729   16.279834  (   0.00, 479.42,   7.00)
 |   311 Aluminum              13   26.982   2.6990      8.8963      39.8672      0.100   479.52  194.704969   16.282342  (   0.00, 479.52,   7.00)
 |   312 Air                    7   14.784   0.0012  30528.8407   71998.1725      1.000   480.52  194.705002   16.282356  (   0.00, 480.52,   7.00)
 |   313 Iron                  26   55.845   7.8740      1.7575      17.1639     20.000   500.52  206.084847   17.447593  (   0.00, 500.52,   7.00)
 |   314 Aluminum              13   26.982   2.6990      8.8963      39.8672      0.100   500.62  206.096088   17.450101  (   0.00, 500.62,   7.00)
 |   315 Air                    7   14.784   0.0012  30528.8407   71998.1725      0.350   500.97  206.096099   17.450106  (   0.00, 500.97,   7.00)
 |   316 PyrexGlass            10   20.495   2.2300     12.6748      43.5474      0.200   501.17  206.111879   17.454699  (   0.00, 501.17,   7.00)
 |   317 RPCGasDefault          8   16.809   0.0037   9559.7011   23915.1216      0.200   501.37  206.111900   17.454707  (   0.00, 501.37,   7.00)
 |   318 PyrexGlass            10   20.495   2.2300     12.6748      43.5474      0.200   501.57  206.127679   17.459300  (   0.00, 501.57,   7.00)
 |   319 Air                    7   14.784   0.0012  30528.8407   71998.1725      0.350   501.92  206.127690   17.459305  (   0.00, 501.92,   7.00)
 |   320 Aluminum              13   26.982   2.6990      8.8963      39.8672      0.100   502.02  206.138931   17.461813  (   0.00, 502.02,   7.00)
 |   321 Aluminum              13   26.982   2.6990      8.8963      39.8672      0.100   502.12  206.150172   17.464321  (   0.00, 502.12,   7.00)
 |   322 Air                    7   14.784   0.0012  30528.8407   71998.1725      0.350   502.47  206.150183   17.464326  (   0.00, 502.47,   7.00)
 |   323 PyrexGlass            10   20.495   2.2300     12.6748      43.5474      0.200   502.67  206.165963   17.468919  (   0.00, 502.67,   7.00)
 |   324 RPCGasDefault          8   16.809   0.0037   9559.7011   23915.1216      0.200   502.87  206.165983   17.468927  (   0.00, 502.87,   7.00)
 |   325 PyrexGlass            10   20.495   2.2300     12.6748      43.5474      0.200   503.07  206.181763   17.473520  (   0.00, 503.07,   7.00)
 |   326 Air                    7   14.784   0.0012  30528.8407   71998.1725      0.350   503.42  206.181774   17.473525  (   0.00, 503.42,   7.00)
 |   327 Aluminum              13   26.982   2.6990      8.8963      39.8672      0.100   503.52  206.193015   17.476033  (   0.00, 503.52,   7.00)
 |   328 Air                    7   14.784   0.0012  30528.8407   71998.1725      1.000   504.52  206.193048   17.476047  (   0.00, 504.52,   7.00)
 |   329 Iron                  26   55.845   7.8740      1.7575      17.1639     10.000   514.52  211.882970   18.058665  (   0.00, 514.52,   7.00)
 |   330 Aluminum              13   26.982   2.6990      8.8963      39.8672      0.100   514.62  211.894211   18.061174  (   0.00, 514.62,   7.00)
 |   331 Air                    7   14.784   0.0012  30528.8407   71998.1725      0.350   514.97  211.894222   18.061178  (   0.00, 514.97,   7.00)
 |   332 PyrexGlass            10   20.495   2.2300     12.6748      43.5474      0.200   515.17  211.910002   18.065771  (   0.00, 515.17,   7.00)
 |   333 RPCGasDefault          8   16.809   0.0037   9559.7011   23915.1216      0.200   515.37  211.910023   18.065779  (   0.00, 515.37,   7.00)
 |   334 PyrexGlass            10   20.495   2.2300     12.6748      43.5474      0.200   515.57  211.925802   18.070372  (   0.00, 515.57,   7.00)
 |   335 Air                    7   14.784   0.0012  30528.8407   71998.1725      0.350   515.92  211.925813   18.070377  (   0.00, 515.92,   7.00)
 |   336 Aluminum              13   26.982   2.6990      8.8963      39.8672      0.100   516.02  211.937054   18.072885  (   0.00, 516.02,   7.00)
 |   337 Aluminum              13   26.982   2.6990      8.8963      39.8672      0.100   516.12  211.948295   18.075394  (   0.00, 516.12,   7.00)
 |   338 Air                    7   14.784   0.0012  30528.8407   71998.1725      0.350   516.47  211.948306   18.075399  (   0.00, 516.47,   7.00)
 |   339 PyrexGlass            10   20.495   2.2300     12.6748      43.5474      0.200   516.67  211.964086   18.079991  (   0.00, 516.67,   7.00)
 |   340 RPCGasDefault          8   16.809   0.0037   9559.7011   23915.1216      0.200   516.87  211.964106   18.080000  (   0.00, 516.87,   7.00)
 |   341 PyrexGlass            10   20.495   2.2300     12.6748      43.5474      0.200   517.07  211.979886   18.084592  (   0.00, 517.07,   7.00)
 |   342 Air                    7   14.784   0.0012  30528.8407   71998.1725      0.350   517.42  211.979897   18.084597  (   0.00, 517.42,   7.00)
 |   343 Aluminum              13   26.982   2.6990      8.8963      39.8672      0.100   517.52  211.991138   18.087106  (   0.00, 517.52,   7.00)
 |   344 Air                    7   14.784   0.0012  30528.8407   71998.1725      1.000   518.52  211.991171   18.087119  (   0.00, 518.52,   7.00)
 |   345 Iron                  26   55.845   7.8740      1.7575      17.1639     10.000   528.52  217.681093   18.669738  (   0.00, 528.52,   7.00)
 |   346 Aluminum              13   26.982   2.6990      8.8963      39.8672      0.100   528.62  217.692334   18.672246  (   0.00, 528.62,   7.00)
 |   347 Air                    7   14.784   0.0012  30528.8407   71998.1725      0.350   528.97  217.692345   18.672251  (   0.00, 528.97,   7.00)
 |   348 PyrexGlass            10   20.495   2.2300     12.6748      43.5474      0.200   529.17  217.708125   18.676844  (   0.00, 529.17,   7.00)
 |   349 RPCGasDefault          8   16.809   0.0037   9559.7011   23915.1216      0.200   529.37  217.708146   18.676852  (   0.00, 529.37,   7.00)
 |   350 PyrexGlass            10   20.495   2.2300     12.6748      43.5474      0.200   529.57  217.723925   18.681445  (   0.00, 529.57,   7.00)
 |   351 Air                    7   14.784   0.0012  30528.8407   71998.1725      0.350   529.92  217.723937   18.681449  (   0.00, 529.92,   7.00)
 |   352 Aluminum              13   26.982   2.6990      8.8963      39.8672      0.100   530.02  217.735177   18.683958  (   0.00, 530.02,   7.00)
 |   353 Aluminum              13   26.982   2.6990      8.8963      39.8672      0.100   530.12  217.746418   18.686466  (   0.00, 530.12,   7.00)
 |   354 Air                    7   14.784   0.0012  30528.8407   71998.1725      0.350   530.47  217.746429   18.686471  (   0.00, 530.47,   7.00)
 |   355 PyrexGlass            10   20.495   2.2300     12.6748      43.5474      0.200   530.67  217.762209   18.691064  (   0.00, 530.67,   7.00)
 |   356 RPCGasDefault          8   16.809   0.0037   9559.7011   23915.1216      0.200   530.87  217.762230   18.691072  (   0.00, 530.87,   7.00)
 |   357 PyrexGlass            10   20.495   2.2300     12.6748      43.5474      0.200   531.07  217.778009   18.695665  (   0.00, 531.07,   7.00)
 |   358 Air                    7   14.784   0.0012  30528.8407   71998.1725      0.350   531.42  217.778020   18.695670  (   0.00, 531.42,   7.00)
 |   359 Aluminum              13   26.982   2.6990      8.8963      39.8672      0.100   531.52  217.789261   18.698178  (   0.00, 531.52,   7.00)
 |   360 Air                    7   14.784   0.0012  30528.8407   71998.1725      1.000   532.52  217.789294   18.698192  (   0.00, 532.52,   7.00)
 |   361 Iron                  26   55.845   7.8740      1.7575      17.1639     10.000   542.52  223.479216   19.280810  (   0.00, 542.52,   7.00)
 |   362 Aluminum              13   26.982   2.6990      8.8963      39.8672      0.100   542.62  223.490457   19.283318  (   0.00, 542.62,   7.00)
 |   363 Air                    7   14.784   0.0012  30528.8407   71998.1725      0.350   542.97  223.490468   19.283323  (   0.00, 542.97,   7.00)
 |   364 PyrexGlass            10   20.495   2.2300     12.6748      43.5474      0.200   543.17  223.506248   19.287916  (   0.00, 543.17,   7.00)
 |   365 RPCGasDefault          8   16.809   0.0037   9559.7011   23915.1216      0.200   543.37  223.506269   19.287924  (   0.00, 543.37,   7.00)
 |   366 PyrexGlass            10   20.495   2.2300     12.6748      43.5474      0.200   543.57  223.522048   19.292517  (   0.00, 543.57,   7.00)
 |   367 Air                    7   14.784   0.0012  30528.8407   71998.1725      0.350   543.92  223.522060   19.292522  (   0.00, 543.92,   7.00)
 |   368 Aluminum              13   26.982   2.6990      8.8963      39.8672      0.100   544.02  223.533300   19.295030  (   0.00, 544.02,   7.00)
 |   369 Aluminum              13   26.982   2.6990      8.8963      39.8672      0.100   544.12  223.544541   19.297539  (   0.00, 544.12,   7.00)
 |   370 Air                    7   14.784   0.0012  30528.8407   71998.1725      0.350   544.47  223.544552   19.297543  (   0.00, 544.47,   7.00)
 |   371 PyrexGlass            10   20.495   2.2300     12.6748      43.5474      0.200   544.67  223.560332   19.302136  (   0.00, 544.67,   7.00)
 |   372 RPCGasDefault          8   16.809   0.0037   9559.7011   23915.1216      0.200   544.87  223.560353   19.302144  (   0.00, 544.87,   7.00)
 |   373 PyrexGlass            10   20.495   2.2300     12.6748      43.5474      0.200   545.07  223.576132   19.306737  (   0.00, 545.07,   7.00)
 |   374 Air                    7   14.784   0.0012  30528.8407   71998.1725      0.350   545.42  223.576143   19.306742  (   0.00, 545.42,   7.00)
 |   375 Aluminum              13   26.982   2.6990      8.8963      39.8672      0.100   545.52  223.587384   19.309250  (   0.00, 545.52,   7.00)
 |   376 Air                    7   14.784   0.0012  30528.8407   71998.1725      1.000   546.52  223.587417   19.309264  (   0.00, 546.52,   7.00)
 |   377 Iron                  26   55.845   7.8740      1.7575      17.1639     10.000   556.52  229.277339   19.891883  (   0.00, 556.52,   7.00)
 |   378 Aluminum              13   26.982   2.6990      8.8963      39.8672      0.100   556.62  229.288580   19.894391  (   0.00, 556.62,   7.00)
 |   379 Air                    7   14.784   0.0012  30528.8407   71998.1725      0.350   556.97  229.288591   19.894396  (   0.00, 556.97,   7.00)
 |   380 PyrexGlass            10   20.495   2.2300     12.6748      43.5474      0.200   557.17  229.304371   19.898988  (   0.00, 557.17,   7.00)
 |   381 RPCGasDefault          8   16.809   0.0037   9559.7011   23915.1216      0.200   557.37  229.304392   19.898997  (   0.00, 557.37,   7.00)
 |   382 PyrexGlass            10   20.495   2.2300     12.6748      43.5474      0.200   557.57  229.320171   19.903589  (   0.00, 557.57,   7.00)
 |   383 Air                    7   14.784   0.0012  30528.8407   71998.1725      0.350   557.92  229.320183   19.903594  (   0.00, 557.92,   7.00)
 |   384 Aluminum              13   26.982   2.6990      8.8963      39.8672      0.100   558.02  229.331423   19.906103  (   0.00, 558.02,   7.00)
 |   385 Aluminum              13   26.982   2.6990      8.8963      39.8672      0.100   558.12  229.342664   19.908611  (   0.00, 558.12,   7.00)
 |   386 Air                    7   14.784   0.0012  30528.8407   71998.1725      0.350   558.47  229.342675   19.908616  (   0.00, 558.47,   7.00)
 |   387 PyrexGlass            10   20.495   2.2300     12.6748      43.5474      0.200   558.67  229.358455   19.913209  (   0.00, 558.67,   7.00)
 |   388 RPCGasDefault          8   16.809   0.0037   9559.7011   23915.1216      0.200   558.87  229.358476   19.913217  (   0.00, 558.87,   7.00)
 |   389 PyrexGlass            10   20.495   2.2300     12.6748      43.5474      0.200   559.07  229.374255   19.917810  (   0.00, 559.07,   7.00)
 |   390 Air                    7   14.784   0.0012  30528.8407   71998.1725      0.350   559.42  229.374266   19.917814  (   0.00, 559.42,   7.00)
 |   391 Aluminum              13   26.982   2.6990      8.8963      39.8672      0.100   559.52  229.385507   19.920323  (   0.00, 559.52,   7.00)
 |   392 Air                    7   14.784   0.0012  30528.8407   71998.1725      1.000   560.52  229.385540   19.920337  (   0.00, 560.52,   7.00)
 |   393 Iron                  26   55.845   7.8740      1.7575      17.1639     10.000   570.52  235.075462   20.502955  (   0.00, 570.52,   7.00)
 |   394 Aluminum              13   26.982   2.6990      8.8963      39.8672      0.100   570.62  235.086703   20.505463  (   0.00, 570.62,   7.00)
 |   395 Air                    7   14.784   0.0012  30528.8407   71998.1725      0.350   570.97  235.086714   20.505468  (   0.00, 570.97,   7.00)
 |   396 PyrexGlass            10   20.495   2.2300     12.6748      43.5474      0.200   571.17  235.102494   20.510061  (   0.00, 571.17,   7.00)
 |   397 RPCGasDefault          8   16.809   0.0037   9559.7011   23915.1216      0.200   571.37  235.102515   20.510069  (   0.00, 571.37,   7.00)
 |   398 PyrexGlass            10   20.495   2.2300     12.6748      43.5474      0.200   571.57  235.118294   20.514662  (   0.00, 571.57,   7.00)
 |   399 Air                    7   14.784   0.0012  30528.8407   71998.1725      0.350   571.92  235.118306   20.514667  (   0.00, 571.92,   7.00)
 |   400 Aluminum              13   26.982   2.6990      8.8963      39.8672      0.100   572.02  235.129546   20.517175  (   0.00, 572.02,   7.00)
 |   401 Aluminum              13   26.982   2.6990      8.8963      39.8672      0.100   572.12  235.140787   20.519683  (   0.00, 572.12,   7.00)
 |   402 Air                    7   14.784   0.0012  30528.8407   71998.1725      0.350   572.47  235.140798   20.519688  (   0.00, 572.47,   7.00)
 |   403 PyrexGlass            10   20.495   2.2300     12.6748      43.5474      0.200   572.67  235.156578   20.524281  (   0.00, 572.67,   7.00)
 |   404 RPCGasDefault          8   16.809   0.0037   9559.7011   23915.1216      0.200   572.87  235.156599   20.524289  (   0.00, 572.87,   7.00)
 |   405 PyrexGlass            10   20.495   2.2300     12.6748      43.5474      0.200   573.07  235.172378   20.528882  (   0.00, 573.07,   7.00)
 |   406 Air                    7   14.784   0.0012  30528.8407   71998.1725      0.350   573.42  235.172390   20.528887  (   0.00, 573.42,   7.00)
 |   407 Aluminum              13   26.982   2.6990      8.8963      39.8672      0.100   573.52  235.183630   20.531395  (   0.00, 573.52,   7.00)
 |   408 Air                    7   14.784   0.0012  30528.8407   71998.1725      1.000   574.52  235.183663   20.531409  (   0.00, 574.52,   7.00)
 |   409 Iron                  26   55.845   7.8740      1.7575      17.1639     10.000   584.52  240.873585   21.114027  (   0.00, 584.52,   7.00)
 |   410 Aluminum              13   26.982   2.6990      8.8963      39.8672      0.100   584.62  240.884826   21.116536  (   0.00, 584.62,   7.00)
 |   411 Air                    7   14.784   0.0012  30528.8407   71998.1725      0.350   584.97  240.884838   21.116541  (   0.00, 584.97,   7.00)
 |   412 PyrexGlass            10   20.495   2.2300     12.6748      43.5474      0.200   585.17  240.900617   21.121133  (   0.00, 585.17,   7.00)
 |   413 RPCGasDefault          8   16.809   0.0037   9559.7011   23915.1216      0.200   585.37  240.900638   21.121142  (   0.00, 585.37,   7.00)
 |   414 PyrexGlass            10   20.495   2.2300     12.6748      43.5474      0.200   585.57  240.916417   21.125734  (   0.00, 585.57,   7.00)
 |   415 Air                    7   14.784   0.0012  30528.8407   71998.1725      0.350   585.92  240.916429   21.125739  (   0.00, 585.92,   7.00)
 |   416 Aluminum              13   26.982   2.6990      8.8963      39.8672      0.100   586.02  240.927669   21.128248  (   0.00, 586.02,   7.00)
 |   417 Aluminum              13   26.982   2.6990      8.8963      39.8672      0.100   586.12  240.938910   21.130756  (   0.00, 586.12,   7.00)
 |   418 Air                    7   14.784   0.0012  30528.8407   71998.1725      0.350   586.47  240.938921   21.130761  (   0.00, 586.47,   7.00)
 |   419 PyrexGlass            10   20.495   2.2300     12.6748      43.5474      0.200   586.67  240.954701   21.135353  (   0.00, 586.67,   7.00)
 |   420 RPCGasDefault          8   16.809   0.0037   9559.7011   23915.1216      0.200   586.87  240.954722   21.135362  (   0.00, 586.87,   7.00)
 |   421 PyrexGlass            10   20.495   2.2300     12.6748      43.5474      0.200   587.07  240.970501   21.139954  (   0.00, 587.07,   7.00)
 |   422 Air                    7   14.784   0.0012  30528.8407   71998.1725      0.350   587.42  240.970513   21.139959  (   0.00, 587.42,   7.00)
 |   423 Aluminum              13   26.982   2.6990      8.8963      39.8672      0.100   587.52  240.981753   21.142468  (   0.00, 587.52,   7.00)
 |   424 Air                    7   14.784   0.0012  30528.8407   71998.1725      1.000   588.52  240.981786   21.142482  (   0.00, 588.52,   7.00)
 |   425 Iron                  26   55.845   7.8740      1.7575      17.1639     10.000   598.52  246.671709   21.725100  (   0.00, 598.52,   7.00)
 |   426 Aluminum              13   26.982   2.6990      8.8963      39.8672      0.100   598.62  246.682949   21.727608  (   0.00, 598.62,   7.00)
 |   427 Air                    7   14.784   0.0012  30528.8407   71998.1725      0.350   598.97  246.682961   21.727613  (   0.00, 598.97,   7.00)
 |   428 PyrexGlass            10   20.495   2.2300     12.6748      43.5474      0.200   599.17  246.698740   21.732206  (   0.00, 599.17,   7.00)
 |   429 RPCGasDefault          8   16.809   0.0037   9559.7011   23915.1216      0.200   599.37  246.698761   21.732214  (   0.00, 599.37,   7.00)
 |   430 PyrexGlass            10   20.495   2.2300     12.6748      43.5474      0.200   599.57  246.714540   21.736807  (   0.00, 599.57,   7.00)
 |   431 Air                    7   14.784   0.0012  30528.8407   71998.1725      0.350   599.92  246.714552   21.736812  (   0.00, 599.92,   7.00)
 |   432 Aluminum              13   26.982   2.6990      8.8963      39.8672      0.100   600.02  246.725792   21.739320  (   0.00, 600.02,   7.00)
 |   433 Aluminum              13   26.982   2.6990      8.8963      39.8672      0.100   600.12  246.737033   21.741828  (   0.00, 600.12,   7.00)
 |   434 Air                    7   14.784   0.0012  30528.8407   71998.1725      0.350   600.47  246.737044   21.741833  (   0.00, 600.47,   7.00)
 |   435 PyrexGlass            10   20.495   2.2300     12.6748      43.5474      0.200   600.67  246.752824   21.746426  (   0.00, 600.67,   7.00)
 |   436 RPCGasDefault          8   16.809   0.0037   9559.7011   23915.1216      0.200   600.87  246.752845   21.746434  (   0.00, 600.87,   7.00)
 |   437 PyrexGlass            10   20.495   2.2300     12.6748      43.5474      0.200   601.07  246.768624   21.751027  (   0.00, 601.07,   7.00)
 |   438 Air                    7   14.784   0.0012  30528.8407   71998.1725      0.350   601.42  246.768636   21.751032  (   0.00, 601.42,   7.00)
 |   439 Aluminum              13   26.982   2.6990      8.8963      39.8672      0.100   601.52  246.779876   21.753540  (   0.00, 601.52,   7.00)
 |   440 Air                    7   14.784   0.0012  30528.8407   71998.1725      1.000   602.52  246.779909   21.753554  (   0.00, 602.52,   7.00)
 |   441 Iron                  26   55.845   7.8740      1.7575      17.1639     10.000   612.52  252.469832   22.336172  (   0.00, 612.52,   7.00)
 |   442 Aluminum              13   26.982   2.6990      8.8963      39.8672      0.100   612.62  252.481072   22.338681  (   0.00, 612.62,   7.00)
 |   443 Air                    7   14.784   0.0012  30528.8407   71998.1725      0.350   612.97  252.481084   22.338685  (   0.00, 612.97,   7.00)
 |   444 PyrexGlass            10   20.495   2.2300     12.6748      43.5474      0.200   613.17  252.496863   22.343278  (   0.00, 613.17,   7.00)
 |   445 RPCGasDefault          8   16.809   0.0037   9559.7011   23915.1216      0.200   613.37  252.496884   22.343286  (   0.00, 613.37,   7.00)
 |   446 PyrexGlass            10   20.495   2.2300     12.6748      43.5474      0.200   613.57  252.512663   22.347879  (   0.00, 613.57,   7.00)
 |   447 Air                    7   14.784   0.0012  30528.8407   71998.1725      0.350   613.92  252.512675   22.347884  (   0.00, 613.92,   7.00)
 |   448 Aluminum              13   26.982   2.6990      8.8963      39.8672      0.100   614.02  252.523915   22.350392  (   0.00, 614.02,   7.00)
 |   449 Aluminum              13   26.982   2.6990      8.8963      39.8672      0.100   614.12  252.535156   22.352901  (   0.00, 614.12,   7.00)
 |   450 Air                    7   14.784   0.0012  30528.8407   71998.1725      0.350   614.47  252.535167   22.352906  (   0.00, 614.47,   7.00)
 |   451 PyrexGlass            10   20.495   2.2300     12.6748      43.5474      0.200   614.67  252.550947   22.357498  (   0.00, 614.67,   7.00)
 |   452 RPCGasDefault          8   16.809   0.0037   9559.7011   23915.1216      0.200   614.87  252.550968   22.357507  (   0.00, 614.87,   7.00)
 |   453 PyrexGlass            10   20.495   2.2300     12.6748      43.5474      0.200   615.07  252.566747   22.362099  (   0.00, 615.07,   7.00)
 |   454 Air                    7   14.784   0.0012  30528.8407   71998.1725      0.350   615.42  252.566759   22.362104  (   0.00, 615.42,   7.00)
 |   455 Aluminum              13   26.982   2.6990      8.8963      39.8672      0.100   615.52  252.577999   22.364613  (   0.00, 615.52,   7.00)
 |   456 Air                    7   14.784   0.0012  30528.8407   71998.1725      1.000   616.52  252.578032   22.364626  (   0.00, 616.52,   7.00)
 |   457 Iron                  26   55.845   7.8740      1.7575      17.1639     20.000   636.52  263.957877   23.529863  (   0.00, 636.52,   7.00)
 |   458 Air                    7   14.784   0.0012  30528.8407   71998.1725    163.483   800.00  263.963232   23.532134  (   0.00, 800.00,   7.00)
 +--------------------------------------------------------------------------------------------------------------------------------------------------
 |     0 Average Material      25   55.286   4.0607      3.0307      33.9961    800.000   800.00  263.963232   23.532134  (   0.00, 800.00,   7.00)
 +--------------------------------------------------------------------------------------------------------------------------------------------------
