> materialScan compact_Lhe_dip_sol_ell.xml 0. 0. 420. 0. 600. 420. >| materialScan_compact_Lhe_dip_sol_ell_0_0_420-0_600_420.txt
VertexBarrelSupports_layer0 2.5 2.5 50.625
VertexBarrelSupports_layer1 4.5 4.5 51.7
 +--------------------------------------------------------------------------------------------------------------------------------------------------
 + Material scan between: x_0 = (   0.00,   0.00, 420.00) [cm] and x_1 = (   0.00, 600.00, 420.00) [cm] : 
 +--------------------------------------------------------------------------------------------------------------------------------------------------
 |     \   Material           Atomic                 Radiation   Interaction               Path   Integrated  Integrated    Material
 | Num. \  Name          Number/Z   Mass/A  Density    Length       Length    Thickness   Length      X0        Lambda      Endpoint  
 | Layer \                        [g/mole]  [g/cm3]     [cm]        [cm]          [cm]      [cm]     [cm]        [cm]     (     cm,     cm,     cm)
 +--------------------------------------------------------------------------------------------------------------------------------------------------
 |     1 Air                    7   14.784   0.0012  30528.8407   71998.1725     15.000    15.00    0.000491    0.000208  (   0.00,  15.00, 420.00)
 |     2 TungstenDens24        71  175.056  17.8000      0.3929      10.8659    101.699   116.70  258.815392    9.359657  (   0.00, 116.70, 420.00)
 |     3 Air                    7   14.784   0.0012  30528.8407   71998.1725     33.617   150.32  258.816493    9.360124  (   0.00, 150.32, 420.00)
 |     4 Aluminum              13   26.982   2.6990      8.8963      39.8672      1.500   151.82  258.985102    9.397749  (   0.00, 151.82, 420.00)
 |     5 Aluminum              13   26.982   2.6990      8.8963      39.8672      3.000   154.82  259.322320    9.472998  (   0.00, 154.82, 420.00)
 |     6 Vacuum                 7   14.784   0.0000 3.66346e+11  8.63978e+11      3.000   157.82  259.322320    9.472998  (   0.00, 157.82, 420.00)
 |     7 Aluminum              13   26.982   2.6990      8.8963      39.8672      4.000   161.82  259.771944    9.573331  (   0.00, 161.82, 420.00)
 |     8 Air                    7   14.784   0.0012  30528.8407   71998.1725      0.500   162.32  259.771961    9.573338  (   0.00, 162.32, 420.00)
 |     9 Steel235              26   55.757   7.8500      1.7653      17.1928    148.150   310.47  343.697626   18.190310  (   0.00, 310.47, 420.00)
 |    10 Air                    7   14.784   0.0012  30528.8407   71998.1725     24.361   334.83  343.698424   18.190648  (   0.00, 334.83, 420.00)
 |    11 Aluminum              13   26.982   2.6990      8.8963      39.8672      0.100   334.93  343.709665   18.193157  (   0.00, 334.93, 420.00)
 |    12 Air                    7   14.784   0.0012  30528.8407   71998.1725      0.350   335.28  343.709676   18.193162  (   0.00, 335.28, 420.00)
 |    13 PyrexGlass            10   20.495   2.2300     12.6748      43.5474      0.200   335.48  343.725456   18.197754  (   0.00, 335.48, 420.00)
 |    14 RPCGasDefault          8   16.809   0.0037   9559.7011   23915.1216      0.200   335.68  343.725476   18.197763  (   0.00, 335.68, 420.00)
 |    15 PyrexGlass            10   20.495   2.2300     12.6748      43.5474      0.200   335.88  343.741256   18.202355  (   0.00, 335.88, 420.00)
 |    16 Air                    7   14.784   0.0012  30528.8407   71998.1725      0.350   336.23  343.741267   18.202360  (   0.00, 336.23, 420.00)
 |    17 Aluminum              13   26.982   2.6990      8.8963      39.8672      0.100   336.33  343.752508   18.204869  (   0.00, 336.33, 420.00)
 |    18 Aluminum              13   26.982   2.6990      8.8963      39.8672      0.100   336.43  343.763749   18.207377  (   0.00, 336.43, 420.00)
 |    19 Air                    7   14.784   0.0012  30528.8407   71998.1725      0.350   336.78  343.763760   18.207382  (   0.00, 336.78, 420.00)
 |    20 PyrexGlass            10   20.495   2.2300     12.6748      43.5474      0.200   336.98  343.779539   18.211974  (   0.00, 336.98, 420.00)
 |    21 RPCGasDefault          8   16.809   0.0037   9559.7011   23915.1216      0.200   337.18  343.779560   18.211983  (   0.00, 337.18, 420.00)
 |    22 PyrexGlass            10   20.495   2.2300     12.6748      43.5474      0.200   337.38  343.795340   18.216575  (   0.00, 337.38, 420.00)
 |    23 Air                    7   14.784   0.0012  30528.8407   71998.1725      0.350   337.73  343.795351   18.216580  (   0.00, 337.73, 420.00)
 |    24 Aluminum              13   26.982   2.6990      8.8963      39.8672      0.100   337.83  343.806592   18.219089  (   0.00, 337.83, 420.00)
 |    25 Air                    7   14.784   0.0012  30528.8407   71998.1725      1.000   338.83  343.806625   18.219103  (   0.00, 338.83, 420.00)
 |    26 Iron                  26   55.845   7.8740      1.7575      17.1639      5.000   343.83  346.651586   18.510412  (   0.00, 343.83, 420.00)
 |    27 Aluminum              13   26.982   2.6990      8.8963      39.8672      0.100   343.93  346.662826   18.512920  (   0.00, 343.93, 420.00)
 |    28 Air                    7   14.784   0.0012  30528.8407   71998.1725      0.350   344.28  346.662838   18.512925  (   0.00, 344.28, 420.00)
 |    29 PyrexGlass            10   20.495   2.2300     12.6748      43.5474      0.200   344.48  346.678617   18.517518  (   0.00, 344.48, 420.00)
 |    30 RPCGasDefault          8   16.809   0.0037   9559.7011   23915.1216      0.200   344.68  346.678638   18.517526  (   0.00, 344.68, 420.00)
 |    31 PyrexGlass            10   20.495   2.2300     12.6748      43.5474      0.200   344.88  346.694418   18.522119  (   0.00, 344.88, 420.00)
 |    32 Air                    7   14.784   0.0012  30528.8407   71998.1725      0.350   345.23  346.694429   18.522123  (   0.00, 345.23, 420.00)
 |    33 Aluminum              13   26.982   2.6990      8.8963      39.8672      0.100   345.33  346.705670   18.524632  (   0.00, 345.33, 420.00)
 |    34 Aluminum              13   26.982   2.6990      8.8963      39.8672      0.100   345.43  346.716910   18.527140  (   0.00, 345.43, 420.00)
 |    35 Air                    7   14.784   0.0012  30528.8407   71998.1725      0.350   345.78  346.716922   18.527145  (   0.00, 345.78, 420.00)
 |    36 PyrexGlass            10   20.495   2.2300     12.6748      43.5474      0.200   345.98  346.732701   18.531738  (   0.00, 345.98, 420.00)
 |    37 RPCGasDefault          8   16.809   0.0037   9559.7011   23915.1216      0.200   346.18  346.732722   18.531746  (   0.00, 346.18, 420.00)
 |    38 PyrexGlass            10   20.495   2.2300     12.6748      43.5474      0.200   346.38  346.748501   18.536339  (   0.00, 346.38, 420.00)
 |    39 Air                    7   14.784   0.0012  30528.8407   71998.1725      0.350   346.73  346.748513   18.536344  (   0.00, 346.73, 420.00)
 |    40 Aluminum              13   26.982   2.6990      8.8963      39.8672      0.100   346.83  346.759754   18.538852  (   0.00, 346.83, 420.00)
 |    41 Air                    7   14.784   0.0012  30528.8407   71998.1725      1.000   347.83  346.759786   18.538866  (   0.00, 347.83, 420.00)
 |    42 Iron                  26   55.845   7.8740      1.7575      17.1639     20.000   367.83  358.139631   19.704102  (   0.00, 367.83, 420.00)
 |    43 Aluminum              13   26.982   2.6990      8.8963      39.8672      0.100   367.93  358.150872   19.706611  (   0.00, 367.93, 420.00)
 |    44 Air                    7   14.784   0.0012  30528.8407   71998.1725      0.350   368.28  358.150884   19.706616  (   0.00, 368.28, 420.00)
 |    45 PyrexGlass            10   20.495   2.2300     12.6748      43.5474      0.200   368.48  358.166663   19.711208  (   0.00, 368.48, 420.00)
 |    46 RPCGasDefault          8   16.809   0.0037   9559.7011   23915.1216      0.200   368.68  358.166684   19.711217  (   0.00, 368.68, 420.00)
 |    47 PyrexGlass            10   20.495   2.2300     12.6748      43.5474      0.200   368.88  358.182463   19.715809  (   0.00, 368.88, 420.00)
 |    48 Air                    7   14.784   0.0012  30528.8407   71998.1725      0.350   369.23  358.182475   19.715814  (   0.00, 369.23, 420.00)
 |    49 Aluminum              13   26.982   2.6990      8.8963      39.8672      0.100   369.33  358.193715   19.718322  (   0.00, 369.33, 420.00)
 |    50 Aluminum              13   26.982   2.6990      8.8963      39.8672      0.100   369.43  358.204956   19.720831  (   0.00, 369.43, 420.00)
 |    51 Air                    7   14.784   0.0012  30528.8407   71998.1725      0.350   369.78  358.204967   19.720836  (   0.00, 369.78, 420.00)
 |    52 PyrexGlass            10   20.495   2.2300     12.6748      43.5474      0.200   369.98  358.220747   19.725428  (   0.00, 369.98, 420.00)
 |    53 RPCGasDefault          8   16.809   0.0037   9559.7011   23915.1216      0.200   370.18  358.220768   19.725437  (   0.00, 370.18, 420.00)
 |    54 PyrexGlass            10   20.495   2.2300     12.6748      43.5474      0.200   370.38  358.236547   19.730029  (   0.00, 370.38, 420.00)
 |    55 Air                    7   14.784   0.0012  30528.8407   71998.1725      0.350   370.73  358.236559   19.730034  (   0.00, 370.73, 420.00)
 |    56 Aluminum              13   26.982   2.6990      8.8963      39.8672      0.100   370.83  358.247799   19.732543  (   0.00, 370.83, 420.00)
 |    57 Air                    7   14.784   0.0012  30528.8407   71998.1725      1.000   371.83  358.247832   19.732557  (   0.00, 371.83, 420.00)
 |    58 Iron                  26   55.845   7.8740      1.7575      17.1639     10.000   381.83  363.937754   20.315175  (   0.00, 381.83, 420.00)
 |    59 Aluminum              13   26.982   2.6990      8.8963      39.8672      0.100   381.93  363.948995   20.317683  (   0.00, 381.93, 420.00)
 |    60 Air                    7   14.784   0.0012  30528.8407   71998.1725      0.350   382.28  363.949007   20.317688  (   0.00, 382.28, 420.00)
 |    61 PyrexGlass            10   20.495   2.2300     12.6748      43.5474      0.200   382.48  363.964786   20.322281  (   0.00, 382.48, 420.00)
 |    62 RPCGasDefault          8   16.809   0.0037   9559.7011   23915.1216      0.200   382.68  363.964807   20.322289  (   0.00, 382.68, 420.00)
 |    63 PyrexGlass            10   20.495   2.2300     12.6748      43.5474      0.200   382.88  363.980586   20.326882  (   0.00, 382.88, 420.00)
 |    64 Air                    7   14.784   0.0012  30528.8407   71998.1725      0.350   383.23  363.980598   20.326887  (   0.00, 383.23, 420.00)
 |    65 Aluminum              13   26.982   2.6990      8.8963      39.8672      0.100   383.33  363.991838   20.329395  (   0.00, 383.33, 420.00)
 |    66 Aluminum              13   26.982   2.6990      8.8963      39.8672      0.100   383.43  364.003079   20.331903  (   0.00, 383.43, 420.00)
 |    67 Air                    7   14.784   0.0012  30528.8407   71998.1725      0.350   383.78  364.003090   20.331908  (   0.00, 383.78, 420.00)
 |    68 PyrexGlass            10   20.495   2.2300     12.6748      43.5474      0.200   383.98  364.018870   20.336501  (   0.00, 383.98, 420.00)
 |    69 RPCGasDefault          8   16.809   0.0037   9559.7011   23915.1216      0.200   384.18  364.018891   20.336509  (   0.00, 384.18, 420.00)
 |    70 PyrexGlass            10   20.495   2.2300     12.6748      43.5474      0.200   384.38  364.034670   20.341102  (   0.00, 384.38, 420.00)
 |    71 Air                    7   14.784   0.0012  30528.8407   71998.1725      0.350   384.73  364.034682   20.341107  (   0.00, 384.73, 420.00)
 |    72 Aluminum              13   26.982   2.6990      8.8963      39.8672      0.100   384.83  364.045922   20.343615  (   0.00, 384.83, 420.00)
 |    73 Air                    7   14.784   0.0012  30528.8407   71998.1725      1.000   385.83  364.045955   20.343629  (   0.00, 385.83, 420.00)
 |    74 Iron                  26   55.845   7.8740      1.7575      17.1639     10.000   395.83  369.735878   20.926247  (   0.00, 395.83, 420.00)
 |    75 Aluminum              13   26.982   2.6990      8.8963      39.8672      0.100   395.93  369.747118   20.928756  (   0.00, 395.93, 420.00)
 |    76 Air                    7   14.784   0.0012  30528.8407   71998.1725      0.350   396.28  369.747130   20.928760  (   0.00, 396.28, 420.00)
 |    77 PyrexGlass            10   20.495   2.2300     12.6748      43.5474      0.200   396.48  369.762909   20.933353  (   0.00, 396.48, 420.00)
 |    78 RPCGasDefault          8   16.809   0.0037   9559.7011   23915.1216      0.200   396.68  369.762930   20.933361  (   0.00, 396.68, 420.00)
 |    79 PyrexGlass            10   20.495   2.2300     12.6748      43.5474      0.200   396.88  369.778709   20.937954  (   0.00, 396.88, 420.00)
 |    80 Air                    7   14.784   0.0012  30528.8407   71998.1725      0.350   397.23  369.778721   20.937959  (   0.00, 397.23, 420.00)
 |    81 Aluminum              13   26.982   2.6990      8.8963      39.8672      0.100   397.33  369.789961   20.940467  (   0.00, 397.33, 420.00)
 |    82 Aluminum              13   26.982   2.6990      8.8963      39.8672      0.100   397.43  369.801202   20.942976  (   0.00, 397.43, 420.00)
 |    83 Air                    7   14.784   0.0012  30528.8407   71998.1725      0.350   397.78  369.801213   20.942981  (   0.00, 397.78, 420.00)
 |    84 PyrexGlass            10   20.495   2.2300     12.6748      43.5474      0.200   397.98  369.816993   20.947573  (   0.00, 397.98, 420.00)
 |    85 RPCGasDefault          8   16.809   0.0037   9559.7011   23915.1216      0.200   398.18  369.817014   20.947582  (   0.00, 398.18, 420.00)
 |    86 PyrexGlass            10   20.495   2.2300     12.6748      43.5474      0.200   398.38  369.832793   20.952174  (   0.00, 398.38, 420.00)
 |    87 Air                    7   14.784   0.0012  30528.8407   71998.1725      0.350   398.73  369.832805   20.952179  (   0.00, 398.73, 420.00)
 |    88 Aluminum              13   26.982   2.6990      8.8963      39.8672      0.100   398.83  369.844045   20.954687  (   0.00, 398.83, 420.00)
 |    89 Air                    7   14.784   0.0012  30528.8407   71998.1725      1.000   399.83  369.844078   20.954701  (   0.00, 399.83, 420.00)
 |    90 Iron                  26   55.845   7.8740      1.7575      17.1639     10.000   409.83  375.534001   21.537320  (   0.00, 409.83, 420.00)
 |    91 Aluminum              13   26.982   2.6990      8.8963      39.8672      0.100   409.93  375.545241   21.539828  (   0.00, 409.93, 420.00)
 |    92 Air                    7   14.784   0.0012  30528.8407   71998.1725      0.350   410.28  375.545253   21.539833  (   0.00, 410.28, 420.00)
 |    93 PyrexGlass            10   20.495   2.2300     12.6748      43.5474      0.200   410.48  375.561032   21.544426  (   0.00, 410.48, 420.00)
 |    94 RPCGasDefault          8   16.809   0.0037   9559.7011   23915.1216      0.200   410.68  375.561053   21.544434  (   0.00, 410.68, 420.00)
 |    95 PyrexGlass            10   20.495   2.2300     12.6748      43.5474      0.200   410.88  375.576832   21.549027  (   0.00, 410.88, 420.00)
 |    96 Air                    7   14.784   0.0012  30528.8407   71998.1725      0.350   411.23  375.576844   21.549031  (   0.00, 411.23, 420.00)
 |    97 Aluminum              13   26.982   2.6990      8.8963      39.8672      0.100   411.33  375.588084   21.551540  (   0.00, 411.33, 420.00)
 |    98 Aluminum              13   26.982   2.6990      8.8963      39.8672      0.100   411.43  375.599325   21.554048  (   0.00, 411.43, 420.00)
 |    99 Air                    7   14.784   0.0012  30528.8407   71998.1725      0.350   411.78  375.599337   21.554053  (   0.00, 411.78, 420.00)
 |   100 PyrexGlass            10   20.495   2.2300     12.6748      43.5474      0.200   411.98  375.615116   21.558646  (   0.00, 411.98, 420.00)
 |   101 RPCGasDefault          8   16.809   0.0037   9559.7011   23915.1216      0.200   412.18  375.615137   21.558654  (   0.00, 412.18, 420.00)
 |   102 PyrexGlass            10   20.495   2.2300     12.6748      43.5474      0.200   412.38  375.630916   21.563247  (   0.00, 412.38, 420.00)
 |   103 Air                    7   14.784   0.0012  30528.8407   71998.1725      0.350   412.73  375.630928   21.563252  (   0.00, 412.73, 420.00)
 |   104 Aluminum              13   26.982   2.6990      8.8963      39.8672      0.100   412.83  375.642168   21.565760  (   0.00, 412.83, 420.00)
 |   105 Air                    7   14.784   0.0012  30528.8407   71998.1725      1.000   413.83  375.642201   21.565774  (   0.00, 413.83, 420.00)
 |   106 Iron                  26   55.845   7.8740      1.7575      17.1639     10.000   423.83  381.332124   22.148392  (   0.00, 423.83, 420.00)
 |   107 Aluminum              13   26.982   2.6990      8.8963      39.8672      0.100   423.93  381.343364   22.150900  (   0.00, 423.93, 420.00)
 |   108 Air                    7   14.784   0.0012  30528.8407   71998.1725      0.350   424.28  381.343376   22.150905  (   0.00, 424.28, 420.00)
 |   109 PyrexGlass            10   20.495   2.2300     12.6748      43.5474      0.200   424.48  381.359155   22.155498  (   0.00, 424.48, 420.00)
 |   110 RPCGasDefault          8   16.809   0.0037   9559.7011   23915.1216      0.200   424.68  381.359176   22.155506  (   0.00, 424.68, 420.00)
 |   111 PyrexGlass            10   20.495   2.2300     12.6748      43.5474      0.200   424.88  381.374955   22.160099  (   0.00, 424.88, 420.00)
 |   112 Air                    7   14.784   0.0012  30528.8407   71998.1725      0.350   425.23  381.374967   22.160104  (   0.00, 425.23, 420.00)
 |   113 Aluminum              13   26.982   2.6990      8.8963      39.8672      0.100   425.33  381.386207   22.162612  (   0.00, 425.33, 420.00)
 |   114 Aluminum              13   26.982   2.6990      8.8963      39.8672      0.100   425.43  381.397448   22.165121  (   0.00, 425.43, 420.00)
 |   115 Air                    7   14.784   0.0012  30528.8407   71998.1725      0.350   425.78  381.397460   22.165125  (   0.00, 425.78, 420.00)
 |   116 PyrexGlass            10   20.495   2.2300     12.6748      43.5474      0.200   425.98  381.413239   22.169718  (   0.00, 425.98, 420.00)
 |   117 RPCGasDefault          8   16.809   0.0037   9559.7011   23915.1216      0.200   426.18  381.413260   22.169726  (   0.00, 426.18, 420.00)
 |   118 PyrexGlass            10   20.495   2.2300     12.6748      43.5474      0.200   426.38  381.429039   22.174319  (   0.00, 426.38, 420.00)
 |   119 Air                    7   14.784   0.0012  30528.8407   71998.1725      0.350   426.73  381.429051   22.174324  (   0.00, 426.73, 420.00)
 |   120 Aluminum              13   26.982   2.6990      8.8963      39.8672      0.100   426.83  381.440291   22.176832  (   0.00, 426.83, 420.00)
 |   121 Air                    7   14.784   0.0012  30528.8407   71998.1725      1.000   427.83  381.440324   22.176846  (   0.00, 427.83, 420.00)
 |   122 Iron                  26   55.845   7.8740      1.7575      17.1639     10.000   437.83  387.130247   22.759464  (   0.00, 437.83, 420.00)
 |   123 Aluminum              13   26.982   2.6990      8.8963      39.8672      0.100   437.93  387.141487   22.761973  (   0.00, 437.93, 420.00)
 |   124 Air                    7   14.784   0.0012  30528.8407   71998.1725      0.350   438.28  387.141499   22.761978  (   0.00, 438.28, 420.00)
 |   125 PyrexGlass            10   20.495   2.2300     12.6748      43.5474      0.200   438.48  387.157278   22.766570  (   0.00, 438.48, 420.00)
 |   126 RPCGasDefault          8   16.809   0.0037   9559.7011   23915.1216      0.200   438.68  387.157299   22.766579  (   0.00, 438.68, 420.00)
 |   127 PyrexGlass            10   20.495   2.2300     12.6748      43.5474      0.200   438.88  387.173078   22.771171  (   0.00, 438.88, 420.00)
 |   128 Air                    7   14.784   0.0012  30528.8407   71998.1725      0.350   439.23  387.173090   22.771176  (   0.00, 439.23, 420.00)
 |   129 Aluminum              13   26.982   2.6990      8.8963      39.8672      0.100   439.33  387.184331   22.773685  (   0.00, 439.33, 420.00)
 |   130 Aluminum              13   26.982   2.6990      8.8963      39.8672      0.100   439.43  387.195571   22.776193  (   0.00, 439.43, 420.00)
 |   131 Air                    7   14.784   0.0012  30528.8407   71998.1725      0.350   439.78  387.195583   22.776198  (   0.00, 439.78, 420.00)
 |   132 PyrexGlass            10   20.495   2.2300     12.6748      43.5474      0.200   439.98  387.211362   22.780791  (   0.00, 439.98, 420.00)
 |   133 RPCGasDefault          8   16.809   0.0037   9559.7011   23915.1216      0.200   440.18  387.211383   22.780799  (   0.00, 440.18, 420.00)
 |   134 PyrexGlass            10   20.495   2.2300     12.6748      43.5474      0.200   440.38  387.227162   22.785392  (   0.00, 440.38, 420.00)
 |   135 Air                    7   14.784   0.0012  30528.8407   71998.1725      0.350   440.73  387.227174   22.785396  (   0.00, 440.73, 420.00)
 |   136 Aluminum              13   26.982   2.6990      8.8963      39.8672      0.100   440.83  387.238414   22.787905  (   0.00, 440.83, 420.00)
 |   137 Air                    7   14.784   0.0012  30528.8407   71998.1725      1.000   441.83  387.238447   22.787919  (   0.00, 441.83, 420.00)
 |   138 Iron                  26   55.845   7.8740      1.7575      17.1639     10.000   451.83  392.928370   23.370537  (   0.00, 451.83, 420.00)
 |   139 Aluminum              13   26.982   2.6990      8.8963      39.8672      0.100   451.93  392.939610   23.373045  (   0.00, 451.93, 420.00)
 |   140 Air                    7   14.784   0.0012  30528.8407   71998.1725      0.350   452.28  392.939622   23.373050  (   0.00, 452.28, 420.00)
 |   141 PyrexGlass            10   20.495   2.2300     12.6748      43.5474      0.200   452.48  392.955401   23.377643  (   0.00, 452.48, 420.00)
 |   142 RPCGasDefault          8   16.809   0.0037   9559.7011   23915.1216      0.200   452.68  392.955422   23.377651  (   0.00, 452.68, 420.00)
 |   143 PyrexGlass            10   20.495   2.2300     12.6748      43.5474      0.200   452.88  392.971202   23.382244  (   0.00, 452.88, 420.00)
 |   144 Air                    7   14.784   0.0012  30528.8407   71998.1725      0.350   453.23  392.971213   23.382249  (   0.00, 453.23, 420.00)
 |   145 Aluminum              13   26.982   2.6990      8.8963      39.8672      0.100   453.33  392.982454   23.384757  (   0.00, 453.33, 420.00)
 |   146 Aluminum              13   26.982   2.6990      8.8963      39.8672      0.100   453.43  392.993694   23.387265  (   0.00, 453.43, 420.00)
 |   147 Air                    7   14.784   0.0012  30528.8407   71998.1725      0.350   453.78  392.993706   23.387270  (   0.00, 453.78, 420.00)
 |   148 PyrexGlass            10   20.495   2.2300     12.6748      43.5474      0.200   453.98  393.009485   23.391863  (   0.00, 453.98, 420.00)
 |   149 RPCGasDefault          8   16.809   0.0037   9559.7011   23915.1216      0.200   454.18  393.009506   23.391871  (   0.00, 454.18, 420.00)
 |   150 PyrexGlass            10   20.495   2.2300     12.6748      43.5474      0.200   454.38  393.025285   23.396464  (   0.00, 454.38, 420.00)
 |   151 Air                    7   14.784   0.0012  30528.8407   71998.1725      0.350   454.73  393.025297   23.396469  (   0.00, 454.73, 420.00)
 |   152 Aluminum              13   26.982   2.6990      8.8963      39.8672      0.100   454.83  393.036537   23.398977  (   0.00, 454.83, 420.00)
 |   153 Air                    7   14.784   0.0012  30528.8407   71998.1725      1.000   455.83  393.036570   23.398991  (   0.00, 455.83, 420.00)
 |   154 Iron                  26   55.845   7.8740      1.7575      17.1639     20.000   475.83  404.416415   24.564228  (   0.00, 475.83, 420.00)
 |   155 Air                    7   14.784   0.0012  30528.8407   71998.1725    124.174   600.00  404.420483   24.565952  (   0.00, 600.00, 420.00)
 +--------------------------------------------------------------------------------------------------------------------------------------------------
 |     0 Average Material      35   80.161   6.4150      1.4836      24.4240    600.000   600.00  404.420483   24.565952  (   0.00, 600.00, 420.00)
 +--------------------------------------------------------------------------------------------------------------------------------------------------
