materialScan compact_Lhe_dip_sol_ell_mat-LAr-EMC.xml 0. 0. 5. 0. 900. 5. >| materialScan_compact_Lhe_dip_sol_ell_mat-LAr-EMC_0_0_5_0_900_5_90deg_up.txt
TGeoManager: Changing system of units to ROOT units (cm, s, GeV).
DD4hep           WARN  ++ STD conditions NOT defined by client. NTP defaults taken.
 +--------------------------------------------------------------------------------------------------------------------------------------------------
 + Material scan between: x_0 = (   0.00,   0.00,   5.00) [cm] and x_1 = (   0.00, 900.00,   5.00) [cm] : 
 +--------------------------------------------------------------------------------------------------------------------------------------------------
 |     \   Material           Atomic                 Radiation   Interaction               Path   Integrated  Integrated    Material
 | Num. \  Name          Number/Z   Mass/A  Density    Length       Length    Thickness   Length      X0        Lambda      Endpoint  
 | Layer \                        [g/mole]  [g/cm3]     [cm]        [cm]          [cm]      [cm]     [cm]        [cm]     (     cm,     cm,     cm)
 +--------------------------------------------------------------------------------------------------------------------------------------------------
 |     1 Air                    7   14.784   0.0012  30528.8407   71998.1725      2.500     2.50    0.000082    0.000035  (   0.00,   2.50,   5.00)
 |     2 Air                    7   14.784   0.0012  30528.8407   71998.1725      0.750     3.25    0.000106    0.000045  (   0.00,   3.25,   5.00)
 |     3 Air                    7   14.784   0.0012  30528.8407   71998.1725      0.232     3.48    0.000114    0.000048  (   0.00,   3.48,   5.00)
 |     4 CarbonFiber_50D        6   11.968   0.7500     56.1492     102.4553      0.013     3.49    0.000346    0.000175  (   0.00,   3.49,   5.00)
 |     5 Air                    7   14.784   0.0012  30528.8407   71998.1725      0.026     3.52    0.000346    0.000176  (   0.00,   3.52,   5.00)
 |     6 Silicon               14   28.085   2.3300      9.3661      45.7531      0.005     3.52    0.000880    0.000285  (   0.00,   3.52,   5.00)
 |     7 Air                    7   14.784   0.0012  30528.8407   71998.1725      0.111     3.64    0.000884    0.000286  (   0.00,   3.64,   5.00)
 |     8 Kapton                 6   12.701   1.4300     28.3749      55.9194      0.004     3.64    0.001018    0.000354  (   0.00,   3.64,   5.00)
 |     9 Air                    7   14.784   0.0012  30528.8407   71998.1725      0.006     3.65    0.001018    0.000354  (   0.00,   3.65,   5.00)
 |    10 Copper                29   63.546   8.9600      1.4356      15.6778      0.000     3.65    0.001283    0.000379  (   0.00,   3.65,   5.00)
 |    11 Air                    7   14.784   0.0012  30528.8407   71998.1725      0.104     3.75    0.001286    0.000380  (   0.00,   3.75,   5.00)
 |    12 Air                    7   14.784   0.0012  30528.8407   71998.1725      0.750     4.50    0.001311    0.000391  (   0.00,   4.50,   5.00)
 |    13 Air                    7   14.784   0.0012  30528.8407   71998.1725      0.150     4.65    0.001316    0.000393  (   0.00,   4.65,   5.00)
 |    14 Air                    7   14.784   0.0012  30528.8407   71998.1725      0.231     4.88    0.001323    0.000396  (   0.00,   4.88,   5.00)
 |    15 CarbonFiber_50D        6   11.968   0.7500     56.1492     102.4553      0.013     4.89    0.001555    0.000523  (   0.00,   4.89,   5.00)
 |    16 Air                    7   14.784   0.0012  30528.8407   71998.1725      0.025     4.92    0.001556    0.000523  (   0.00,   4.92,   5.00)
 |    17 Silicon               14   28.085   2.3300      9.3661      45.7531      0.005     4.92    0.002089    0.000632  (   0.00,   4.92,   5.00)
 |    18 Air                    7   14.784   0.0012  30528.8407   71998.1725      0.111     5.04    0.002093    0.000634  (   0.00,   5.04,   5.00)
 |    19 Kapton                 6   12.701   1.4300     28.3749      55.9194      0.004     5.04    0.002227    0.000702  (   0.00,   5.04,   5.00)
 |    20 Air                    7   14.784   0.0012  30528.8407   71998.1725      0.006     5.05    0.002227    0.000702  (   0.00,   5.05,   5.00)
 |    21 Copper                29   63.546   8.9600      1.4356      15.6778      0.000     5.05    0.002492    0.000726  (   0.00,   5.05,   5.00)
 |    22 Air                    7   14.784   0.0012  30528.8407   71998.1725      0.104     5.15    0.002495    0.000728  (   0.00,   5.15,   5.00)
 |    23 Air                    7   14.784   0.0012  30528.8407   71998.1725      0.750     5.90    0.002520    0.000738  (   0.00,   5.90,   5.00)
 |    24 Air                    7   14.784   0.0012  30528.8407   71998.1725      3.100     9.00    0.002621    0.000781  (   0.00,   9.00,   5.00)
 |    25 Air                    7   14.784   0.0012  30528.8407   71998.1725      1.624    10.62    0.002675    0.000804  (   0.00,  10.62,   5.00)
 |    26 PEEK                   6   12.213   1.3700     30.3288      56.7278      0.021    10.65    0.003378    0.001180  (   0.00,  10.65,   5.00)
 |    27 CarbonFiber_50D        6   11.968   0.7500     56.1492     102.4553      0.017    10.66    0.003682    0.001346  (   0.00,  10.66,   5.00)
 |    28 Rohacell31_50D         6   12.079   0.0160   2584.8791    4680.4532      0.192    10.85    0.003756    0.001387  (   0.00,  10.85,   5.00)
 |    29 Epoxy                  6   11.888   1.3000     31.5900      54.8420      0.019    10.87    0.004346    0.001727  (   0.00,  10.87,   5.00)
 |    30 CarbonFiber_50D        6   11.968   0.7500     56.1492     102.4553      0.017    10.89    0.004650    0.001894  (   0.00,  10.89,   5.00)
 |    31 Air                    7   14.784   0.0012  30528.8407   71998.1725      0.032    10.92    0.004651    0.001894  (   0.00,  10.92,   5.00)
 |    32 Silicon               14   28.085   2.3300      9.3661      45.7531      0.001    10.92    0.004706    0.001905  (   0.00,  10.92,   5.00)
 |    33 Air                    7   14.784   0.0012  30528.8407   71998.1725      0.006    10.93    0.004706    0.001906  (   0.00,  10.93,   5.00)
 |    34 Kapton                 6   12.701   1.4300     28.3749      55.9194      0.004    10.93    0.004849    0.001978  (   0.00,  10.93,   5.00)
 |    35 Air                    7   14.784   0.0012  30528.8407   71998.1725      0.007    10.94    0.004849    0.001978  (   0.00,  10.94,   5.00)
 |    36 Copper                29   63.546   8.9600      1.4356      15.6778      0.000    10.94    0.005131    0.002004  (   0.00,  10.94,   5.00)
 |    37 Air                    7   14.784   0.0012  30528.8407   71998.1725      0.004    10.94    0.005132    0.002004  (   0.00,  10.94,   5.00)
 |    38 Air                    7   14.784   0.0012  30528.8407   71998.1725      4.956    15.90    0.005294    0.002073  (   0.00,  15.90,   5.00)
 |    39 Air                    7   14.784   0.0012  30528.8407   71998.1725      6.000    21.90    0.005490    0.002156  (   0.00,  21.90,   5.00)
 |    40 Air                    7   14.784   0.0012  30528.8407   71998.1725      0.377    22.28    0.005503    0.002161  (   0.00,  22.28,   5.00)
 |    41 PEEK                   6   12.213   1.3700     30.3288      56.7278      0.021    22.30    0.006200    0.002534  (   0.00,  22.30,   5.00)
 |    42 CarbonFiber_50D        6   11.968   0.7500     56.1492     102.4553      0.017    22.32    0.006501    0.002699  (   0.00,  22.32,   5.00)
 |    43 Rohacell31_50D         6   12.079   0.0160   2584.8791    4680.4532      0.190    22.51    0.006575    0.002740  (   0.00,  22.51,   5.00)
 |    44 Epoxy                  6   11.888   1.3000     31.5900      54.8420      0.019    22.52    0.007161    0.003077  (   0.00,  22.52,   5.00)
 |    45 CarbonFiber_50D        6   11.968   0.7500     56.1492     102.4553      0.017    22.54    0.007462    0.003243  (   0.00,  22.54,   5.00)
 |    46 Air                    7   14.784   0.0012  30528.8407   71998.1725      0.032    22.57    0.007463    0.003243  (   0.00,  22.57,   5.00)
 |    47 Silicon               14   28.085   2.3300      9.3661      45.7531      0.001    22.57    0.007517    0.003254  (   0.00,  22.57,   5.00)
 |    48 Air                    7   14.784   0.0012  30528.8407   71998.1725      0.005    22.58    0.007517    0.003254  (   0.00,  22.58,   5.00)
 |    49 Kapton                 6   12.701   1.4300     28.3749      55.9194      0.007    22.58    0.007756    0.003375  (   0.00,  22.58,   5.00)
 |    50 Air                    7   14.784   0.0012  30528.8407   71998.1725      0.005    22.59    0.007756    0.003375  (   0.00,  22.59,   5.00)
 |    51 Copper                29   63.546   8.9600      1.4356      15.6778      0.001    22.59    0.008235    0.003419  (   0.00,  22.59,   5.00)
 |    52 Air                    7   14.784   0.0012  30528.8407   71998.1725      0.004    22.59    0.008235    0.003419  (   0.00,  22.59,   5.00)
 |    53 Air                    7   14.784   0.0012  30528.8407   71998.1725      5.306    27.90    0.008409    0.003493  (   0.00,  27.90,   5.00)
 |    54 CarbonFiber_50D        6   11.968   0.7500     56.1492     102.4553      0.008    27.91    0.008543    0.003566  (   0.00,  27.91,   5.00)
 |    55 Air                    7   14.784   0.0012  30528.8407   71998.1725      0.030    27.94    0.008544    0.003567  (   0.00,  27.94,   5.00)
 |    56 Silicon               14   28.085   2.3300      9.3661      45.7531      0.000    27.94    0.008596    0.003578  (   0.00,  27.94,   5.00)
 |    57 Air                    7   14.784   0.0012  30528.8407   71998.1725      0.004    27.94    0.008596    0.003578  (   0.00,  27.94,   5.00)
 |    58 Kapton                 6   12.701   1.4300     28.3749      55.9194      0.007    27.95    0.008826    0.003694  (   0.00,  27.95,   5.00)
 |    59 Air                    7   14.784   0.0012  30528.8407   71998.1725      0.005    27.95    0.008826    0.003694  (   0.00,  27.95,   5.00)
 |    60 Copper                29   63.546   8.9600      1.4356      15.6778      0.001    27.96    0.009286    0.003736  (   0.00,  27.96,   5.00)
 |    61 Air                    7   14.784   0.0012  30528.8407   71998.1725      0.004    27.96    0.009286    0.003736  (   0.00,  27.96,   5.00)
 |    62 Air                    7   14.784   0.0012  30528.8407   71998.1725      5.941    33.90    0.009481    0.003819  (   0.00,  33.90,   5.00)
 |    63 Air                    7   14.784   0.0012  30528.8407   71998.1725      5.100    39.00    0.009648    0.003890  (   0.00,  39.00,   5.00)
 |    64 Air                    7   14.784   0.0012  30528.8407   71998.1725      8.300    47.30    0.009919    0.004005  (   0.00,  47.30,   5.00)
 |    65 CarbonFiber            6   11.968   1.5000     28.0746      51.2277      0.050    47.35    0.011700    0.004981  (   0.00,  47.35,   5.00)
 |    66 Rohacell31_15percent   6   12.079   0.0048   8616.2638   15601.5107      0.807    48.16    0.011794    0.005033  (   0.00,  48.16,   5.00)
 |    67 CarbonFiber            6   11.968   1.5000     28.0746      51.2277      0.050    48.21    0.013575    0.006009  (   0.00,  48.21,   5.00)
 |    68 Air                    7   14.784   0.0012  30528.8407   71998.1725      1.191    49.40    0.013614    0.006025  (   0.00,  49.40,   5.00)
 |    69 PEEK                   6   12.213   1.3700     30.3288      56.7278      0.020    49.42    0.014289    0.006386  (   0.00,  49.42,   5.00)
 |    70 CarbonFiber_50D        6   11.968   0.7500     56.1492     102.4553      0.016    49.44    0.014581    0.006546  (   0.00,  49.44,   5.00)
 |    71 Rohacell31_50D         6   12.079   0.0160   2584.8791    4680.4532      0.184    49.62    0.014652    0.006585  (   0.00,  49.62,   5.00)
 |    72 Epoxy                  6   11.888   1.3000     31.5900      54.8420      0.018    49.64    0.015220    0.006912  (   0.00,  49.64,   5.00)
 |    73 CarbonFiber_50D        6   11.968   0.7500     56.1492     102.4553      0.016    49.65    0.015512    0.007072  (   0.00,  49.65,   5.00)
 |    74 Silicon               14   28.085   2.3300      9.3661      45.7531      0.031    49.68    0.018792    0.007744  (   0.00,  49.68,   5.00)
 |    75 Silicon               14   28.085   2.3300      9.3661      45.7531      0.000    49.69    0.018844    0.007754  (   0.00,  49.69,   5.00)
 |    76 Air                    7   14.784   0.0012  30528.8407   71998.1725      0.005    49.69    0.018844    0.007754  (   0.00,  49.69,   5.00)
 |    77 Kapton                 6   12.701   1.4300     28.3749      55.9194      0.005    49.70    0.019028    0.007848  (   0.00,  49.70,   5.00)
 |    78 Air                    7   14.784   0.0012  30528.8407   71998.1725      0.006    49.70    0.019028    0.007848  (   0.00,  49.70,   5.00)
 |    79 Copper                29   63.546   8.9600      1.4356      15.6778      0.001    49.70    0.019399    0.007882  (   0.00,  49.70,   5.00)
 |    80 Air                    7   14.784   0.0012  30528.8407   71998.1725      0.004    49.71    0.019399    0.007882  (   0.00,  49.71,   5.00)
 |    81 Air                    7   14.784   0.0012  30528.8407   71998.1725      4.294    54.00    0.019540    0.007942  (   0.00,  54.00,   5.00)
 |    82 Air                    7   14.784   0.0012  30528.8407   71998.1725      8.100    62.10    0.019805    0.008054  (   0.00,  62.10,   5.00)
 |    83 CarbonFiber            6   11.968   1.5000     28.0746      51.2277      0.050    62.15    0.021586    0.009030  (   0.00,  62.15,   5.00)
 |    84 Rohacell31_15percent   6   12.079   0.0048   8616.2638   15601.5107      0.807    62.96    0.021680    0.009082  (   0.00,  62.96,   5.00)
 |    85 CarbonFiber            6   11.968   1.5000     28.0746      51.2277      0.050    63.01    0.023461    0.010058  (   0.00,  63.01,   5.00)
 |    86 Air                    7   14.784   0.0012  30528.8407   71998.1725      1.034    64.04    0.023495    0.010072  (   0.00,  64.04,   5.00)
 |    87 PEEK                   6   12.213   1.3700     30.3288      56.7278      0.020    64.06    0.024166    0.010431  (   0.00,  64.06,   5.00)
 |    88 CarbonFiber_50D        6   11.968   0.7500     56.1492     102.4553      0.016    64.08    0.024456    0.010590  (   0.00,  64.08,   5.00)
 |    89 Rohacell31_50D         6   12.079   0.0160   2584.8791    4680.4532      0.183    64.26    0.024527    0.010629  (   0.00,  64.26,   5.00)
 |    90 Epoxy                  6   11.888   1.3000     31.5900      54.8420      0.018    64.28    0.025091    0.010954  (   0.00,  64.28,   5.00)
 |    91 CarbonFiber_50D        6   11.968   0.7500     56.1492     102.4553      0.016    64.30    0.025381    0.011113  (   0.00,  64.30,   5.00)
 |    92 Silicon               14   28.085   2.3300      9.3661      45.7531      0.031    64.33    0.028642    0.011780  (   0.00,  64.33,   5.00)
 |    93 Silicon               14   28.085   2.3300      9.3661      45.7531      0.000    64.33    0.028694    0.011791  (   0.00,  64.33,   5.00)
 |    94 Air                    7   14.784   0.0012  30528.8407   71998.1725      0.004    64.33    0.028694    0.011791  (   0.00,  64.33,   5.00)
 |    95 Kapton                 6   12.701   1.4300     28.3749      55.9194      0.007    64.34    0.028924    0.011908  (   0.00,  64.34,   5.00)
 |    96 Air                    7   14.784   0.0012  30528.8407   71998.1725      0.005    64.34    0.028924    0.011908  (   0.00,  64.34,   5.00)
 |    97 Copper                29   63.546   8.9600      1.4356      15.6778      0.001    64.34    0.029385    0.011950  (   0.00,  64.34,   5.00)
 |    98 Air                    7   14.784   0.0012  30528.8407   71998.1725      0.004    64.35    0.029385    0.011950  (   0.00,  64.35,   5.00)
 |    99 Air                    7   14.784   0.0012  30528.8407   71998.1725      4.653    69.00    0.029537    0.012015  (   0.00,  69.00,   5.00)
 |   100 Air                    7   14.784   0.0012  30528.8407   71998.1725      8.100    77.10    0.029803    0.012127  (   0.00,  77.10,   5.00)
 |   101 CarbonFiber            6   11.968   1.5000     28.0746      51.2277      0.050    77.15    0.031583    0.013103  (   0.00,  77.15,   5.00)
 |   102 Rohacell31_15percent   6   12.079   0.0048   8616.2638   15601.5107      0.808    77.96    0.031677    0.013155  (   0.00,  77.96,   5.00)
 |   103 CarbonFiber            6   11.968   1.5000     28.0746      51.2277      0.050    78.01    0.033458    0.014131  (   0.00,  78.01,   5.00)
 |   104 Air                    7   14.784   0.0012  30528.8407   71998.1725      0.541    78.55    0.033476    0.014139  (   0.00,  78.55,   5.00)
 |   105 PEEK                   6   12.213   1.3700     30.3288      56.7278      0.020    78.57    0.034140    0.014494  (   0.00,  78.57,   5.00)
 |   106 CarbonFiber_50D        6   11.968   0.7500     56.1492     102.4553      0.016    78.59    0.034427    0.014651  (   0.00,  78.59,   5.00)
 |   107 Rohacell31_50D         6   12.079   0.0160   2584.8791    4680.4532      0.181    78.77    0.034497    0.014690  (   0.00,  78.77,   5.00)
 |   108 Epoxy                  6   11.888   1.3000     31.5900      54.8420      0.018    78.78    0.035055    0.015011  (   0.00,  78.78,   5.00)
 |   109 CarbonFiber_50D        6   11.968   0.7500     56.1492     102.4553      0.016    78.80    0.035342    0.015168  (   0.00,  78.80,   5.00)
 |   110 Silicon               14   28.085   2.3300      9.3661      45.7531      0.030    78.83    0.038568    0.015829  (   0.00,  78.83,   5.00)
 |   111 Silicon               14   28.085   2.3300      9.3661      45.7531      0.000    78.83    0.038620    0.015839  (   0.00,  78.83,   5.00)
 |   112 Air                    7   14.784   0.0012  30528.8407   71998.1725      0.004    78.84    0.038620    0.015839  (   0.00,  78.84,   5.00)
 |   113 Kapton                 6   12.701   1.4300     28.3749      55.9194      0.006    78.84    0.038847    0.015955  (   0.00,  78.84,   5.00)
 |   114 Air                    7   14.784   0.0012  30528.8407   71998.1725      0.005    78.85    0.038847    0.015955  (   0.00,  78.85,   5.00)
 |   115 Copper                29   63.546   8.9600      1.4356      15.6778      0.001    78.85    0.039303    0.015997  (   0.00,  78.85,   5.00)
 |   116 Air                    7   14.784   0.0012  30528.8407   71998.1725      0.004    78.85    0.039304    0.015997  (   0.00,  78.85,   5.00)
 |   117 Air                    7   14.784   0.0012  30528.8407   71998.1725      5.149    84.00    0.039472    0.016068  (   0.00,  84.00,   5.00)
 |   118 Air                    7   14.784   0.0012  30528.8407   71998.1725    500.000   584.00    0.055850    0.023013  (   0.00, 584.00,   5.00)
 |   119 Air                    7   14.784   0.0012  30528.8407   71998.1725    316.000   900.00    0.066201    0.027402  (   0.00, 900.00,   5.00)
 +--------------------------------------------------------------------------------------------------------------------------------------------------
 |     0 Average Material       7   14.346   0.0026  13594.9424   32844.6784    900.000   900.00    0.066201    0.027402  (   0.00, 900.00,   5.00)
 +--------------------------------------------------------------------------------------------------------------------------------------------------
