materialScan compact_Fhe_dip_sol_ell_mat-LAr-EMC.xml 0. 190. 0. 0. 190. -950. >| materialScan_compact_Fhe_dip_sol_ell_mat-LAr-EMC_0_190_0-0_190_-950.txt
TGeoManager: Changing system of units to ROOT units (cm, s, GeV).
DD4hep           WARN  ++ STD conditions NOT defined by client. NTP defaults taken.
VertexBarrelSupports_layer0 4.6 4.6 51.75
TGeoTube::SetTubeDimensions: In shape TGeoTube wrong rmin=37.869 rmax=15.591
 +--------------------------------------------------------------------------------------------------------------------------------------------------
 + Material scan between: x_0 = (   0.00, 190.00,   0.00) [cm] and x_1 = (   0.00, 190.00,-950.00) [cm] : 
 +--------------------------------------------------------------------------------------------------------------------------------------------------
 |     \   Material           Atomic                 Radiation   Interaction               Path   Integrated  Integrated    Material
 | Num. \  Name          Number/Z   Mass/A  Density    Length       Length    Thickness   Length      X0        Lambda      Endpoint  
 | Layer \                        [g/mole]  [g/cm3]     [cm]        [cm]          [cm]      [cm]     [cm]        [cm]     (     cm,     cm,     cm)
 +--------------------------------------------------------------------------------------------------------------------------------------------------
 |     1 Steel235              26   55.757   7.8500      1.7653      17.1928    391.000   391.00  221.498043   22.742058  (   0.00, 190.00,-391.00)
 |     2 Air                    7   14.784   0.0012  30528.8407   71998.1725      7.000   398.00  221.498273   22.742155  (   0.00, 190.00,-398.00)
 |     3 Air                    7   14.784   0.0012  30528.8407   71998.1725      0.150   398.15  221.498278   22.742157  (   0.00, 190.00,-398.15)
 |     4 Polystyrene            6   11.077   1.0320     42.5383      70.1339      0.500   398.65  221.510032   22.749287  (   0.00, 190.00,-398.65)
 |     5 Steel235              26   55.757   7.8500      1.7653      17.1928      2.500   401.15  222.926260   22.894696  (   0.00, 190.00,-401.15)
 |     6 Air                    7   14.784   0.0012  30528.8407   71998.1725      0.150   401.30  222.926264   22.894698  (   0.00, 190.00,-401.30)
 |     7 Polystyrene            6   11.077   1.0320     42.5383      70.1339      0.500   401.80  222.938019   22.901827  (   0.00, 190.00,-401.80)
 |     8 Steel235              26   55.757   7.8500      1.7653      17.1928      2.500   404.30  224.354246   23.047237  (   0.00, 190.00,-404.30)
 |     9 Air                    7   14.784   0.0012  30528.8407   71998.1725      0.150   404.45  224.354251   23.047239  (   0.00, 190.00,-404.45)
 |    10 Polystyrene            6   11.077   1.0320     42.5383      70.1339      0.500   404.95  224.366006   23.054368  (   0.00, 190.00,-404.95)
 |    11 Steel235              26   55.757   7.8500      1.7653      17.1928      2.500   407.45  225.782233   23.199778  (   0.00, 190.00,-407.45)
 |    12 Air                    7   14.784   0.0012  30528.8407   71998.1725      0.150   407.60  225.782238   23.199780  (   0.00, 190.00,-407.60)
 |    13 Polystyrene            6   11.077   1.0320     42.5383      70.1339      0.500   408.10  225.793992   23.206909  (   0.00, 190.00,-408.10)
 |    14 Steel235              26   55.757   7.8500      1.7653      17.1928      2.500   410.60  227.210220   23.352319  (   0.00, 190.00,-410.60)
 |    15 Air                    7   14.784   0.0012  30528.8407   71998.1725      0.150   410.75  227.210225   23.352321  (   0.00, 190.00,-410.75)
 |    16 Polystyrene            6   11.077   1.0320     42.5383      70.1339      0.500   411.25  227.221979   23.359450  (   0.00, 190.00,-411.25)
 |    17 Steel235              26   55.757   7.8500      1.7653      17.1928      2.500   413.75  228.638207   23.504860  (   0.00, 190.00,-413.75)
 |    18 Air                    7   14.784   0.0012  30528.8407   71998.1725      0.150   413.90  228.638212   23.504862  (   0.00, 190.00,-413.90)
 |    19 Polystyrene            6   11.077   1.0320     42.5383      70.1339      0.500   414.40  228.649966   23.511991  (   0.00, 190.00,-414.40)
 |    20 Steel235              26   55.757   7.8500      1.7653      17.1928      2.500   416.90  230.066194   23.657401  (   0.00, 190.00,-416.90)
 |    21 Air                    7   14.784   0.0012  30528.8407   71998.1725      0.150   417.05  230.066199   23.657403  (   0.00, 190.00,-417.05)
 |    22 Polystyrene            6   11.077   1.0320     42.5383      70.1339      0.500   417.55  230.077953   23.664532  (   0.00, 190.00,-417.55)
 |    23 Steel235              26   55.757   7.8500      1.7653      17.1928      2.500   420.05  231.494181   23.809941  (   0.00, 190.00,-420.05)
 |    24 Air                    7   14.784   0.0012  30528.8407   71998.1725      0.150   420.20  231.494186   23.809944  (   0.00, 190.00,-420.20)
 |    25 Polystyrene            6   11.077   1.0320     42.5383      70.1339      0.500   420.70  231.505940   23.817073  (   0.00, 190.00,-420.70)
 |    26 Steel235              26   55.757   7.8500      1.7653      17.1928      2.500   423.20  232.922168   23.962482  (   0.00, 190.00,-423.20)
 |    27 Air                    7   14.784   0.0012  30528.8407   71998.1725      0.150   423.35  232.922173   23.962484  (   0.00, 190.00,-423.35)
 |    28 Polystyrene            6   11.077   1.0320     42.5383      70.1339      0.500   423.85  232.933927   23.969614  (   0.00, 190.00,-423.85)
 |    29 Steel235              26   55.757   7.8500      1.7653      17.1928      2.500   426.35  234.350155   24.115023  (   0.00, 190.00,-426.35)
 |    30 Air                    7   14.784   0.0012  30528.8407   71998.1725      0.150   426.50  234.350160   24.115025  (   0.00, 190.00,-426.50)
 |    31 Polystyrene            6   11.077   1.0320     42.5383      70.1339      0.500   427.00  234.361914   24.122155  (   0.00, 190.00,-427.00)
 |    32 Steel235              26   55.757   7.8500      1.7653      17.1928      2.500   429.50  235.778142   24.267564  (   0.00, 190.00,-429.50)
 |    33 Air                    7   14.784   0.0012  30528.8407   71998.1725      0.150   429.65  235.778147   24.267566  (   0.00, 190.00,-429.65)
 |    34 Polystyrene            6   11.077   1.0320     42.5383      70.1339      0.500   430.15  235.789901   24.274695  (   0.00, 190.00,-430.15)
 |    35 Steel235              26   55.757   7.8500      1.7653      17.1928      2.500   432.65  237.206129   24.420105  (   0.00, 190.00,-432.65)
 |    36 Air                    7   14.784   0.0012  30528.8407   71998.1725      0.150   432.80  237.206134   24.420107  (   0.00, 190.00,-432.80)
 |    37 Polystyrene            6   11.077   1.0320     42.5383      70.1339      0.500   433.30  237.217888   24.427236  (   0.00, 190.00,-433.30)
 |    38 Steel235              26   55.757   7.8500      1.7653      17.1928      2.500   435.80  238.634116   24.572646  (   0.00, 190.00,-435.80)
 |    39 Air                    7   14.784   0.0012  30528.8407   71998.1725      0.150   435.95  238.634121   24.572648  (   0.00, 190.00,-435.95)
 |    40 Polystyrene            6   11.077   1.0320     42.5383      70.1339      0.500   436.45  238.645875   24.579777  (   0.00, 190.00,-436.45)
 |    41 Steel235              26   55.757   7.8500      1.7653      17.1928      2.500   438.95  240.062103   24.725187  (   0.00, 190.00,-438.95)
 |    42 Air                    7   14.784   0.0012  30528.8407   71998.1725      0.150   439.10  240.062108   24.725189  (   0.00, 190.00,-439.10)
 |    43 Polystyrene            6   11.077   1.0320     42.5383      70.1339      0.500   439.60  240.073862   24.732318  (   0.00, 190.00,-439.60)
 |    44 Steel235              26   55.757   7.8500      1.7653      17.1928      2.500   442.10  241.490090   24.877728  (   0.00, 190.00,-442.10)
 |    45 Air                    7   14.784   0.0012  30528.8407   71998.1725      0.150   442.25  241.490095   24.877730  (   0.00, 190.00,-442.25)
 |    46 Polystyrene            6   11.077   1.0320     42.5383      70.1339      0.500   442.75  241.501849   24.884859  (   0.00, 190.00,-442.75)
 |    47 Steel235              26   55.757   7.8500      1.7653      17.1928      2.500   445.25  242.918077   25.030269  (   0.00, 190.00,-445.25)
 |    48 Air                    7   14.784   0.0012  30528.8407   71998.1725      0.150   445.40  242.918081   25.030271  (   0.00, 190.00,-445.40)
 |    49 Polystyrene            6   11.077   1.0320     42.5383      70.1339      0.500   445.90  242.929836   25.037400  (   0.00, 190.00,-445.90)
 |    50 Steel235              26   55.757   7.8500      1.7653      17.1928      2.500   448.40  244.346064   25.182809  (   0.00, 190.00,-448.40)
 |    51 Air                    7   14.784   0.0012  30528.8407   71998.1725      0.150   448.55  244.346068   25.182812  (   0.00, 190.00,-448.55)
 |    52 Polystyrene            6   11.077   1.0320     42.5383      70.1339      0.500   449.05  244.357823   25.189941  (   0.00, 190.00,-449.05)
 |    53 Steel235              26   55.757   7.8500      1.7653      17.1928      2.500   451.55  245.774050   25.335350  (   0.00, 190.00,-451.55)
 |    54 Air                    7   14.784   0.0012  30528.8407   71998.1725      0.150   451.70  245.774055   25.335352  (   0.00, 190.00,-451.70)
 |    55 Polystyrene            6   11.077   1.0320     42.5383      70.1339      0.500   452.20  245.785809   25.342482  (   0.00, 190.00,-452.20)
 |    56 Steel235              26   55.757   7.8500      1.7653      17.1928      2.500   454.70  247.202037   25.487891  (   0.00, 190.00,-454.70)
 |    57 Air                    7   14.784   0.0012  30528.8407   71998.1725      0.150   454.85  247.202042   25.487893  (   0.00, 190.00,-454.85)
 |    58 Polystyrene            6   11.077   1.0320     42.5383      70.1339      0.500   455.35  247.213796   25.495022  (   0.00, 190.00,-455.35)
 |    59 Steel235              26   55.757   7.8500      1.7653      17.1928      2.500   457.85  248.630024   25.640432  (   0.00, 190.00,-457.85)
 |    60 Air                    7   14.784   0.0012  30528.8407   71998.1725      0.150   458.00  248.630029   25.640434  (   0.00, 190.00,-458.00)
 |    61 Polystyrene            6   11.077   1.0320     42.5383      70.1339      0.500   458.50  248.641783   25.647563  (   0.00, 190.00,-458.50)
 |    62 Steel235              26   55.757   7.8500      1.7653      17.1928      2.500   461.00  250.058011   25.792973  (   0.00, 190.00,-461.00)
 |    63 Air                    7   14.784   0.0012  30528.8407   71998.1725      0.150   461.15  250.058016   25.792975  (   0.00, 190.00,-461.15)
 |    64 Polystyrene            6   11.077   1.0320     42.5383      70.1339      0.500   461.65  250.069770   25.800104  (   0.00, 190.00,-461.65)
 |    65 Steel235              26   55.757   7.8500      1.7653      17.1928      2.500   464.15  251.485998   25.945514  (   0.00, 190.00,-464.15)
 |    66 Air                    7   14.784   0.0012  30528.8407   71998.1725      0.150   464.30  251.486003   25.945516  (   0.00, 190.00,-464.30)
 |    67 Polystyrene            6   11.077   1.0320     42.5383      70.1339      0.500   464.80  251.497757   25.952645  (   0.00, 190.00,-464.80)
 |    68 Steel235              26   55.757   7.8500      1.7653      17.1928      2.500   467.30  252.913985   26.098055  (   0.00, 190.00,-467.30)
 |    69 Air                    7   14.784   0.0012  30528.8407   71998.1725      0.150   467.45  252.913990   26.098057  (   0.00, 190.00,-467.45)
 |    70 Polystyrene            6   11.077   1.0320     42.5383      70.1339      0.500   467.95  252.925744   26.105186  (   0.00, 190.00,-467.95)
 |    71 Steel235              26   55.757   7.8500      1.7653      17.1928      2.500   470.45  254.341972   26.250596  (   0.00, 190.00,-470.45)
 |    72 Air                    7   14.784   0.0012  30528.8407   71998.1725      0.150   470.60  254.341977   26.250598  (   0.00, 190.00,-470.60)
 |    73 Polystyrene            6   11.077   1.0320     42.5383      70.1339      0.500   471.10  254.353731   26.257727  (   0.00, 190.00,-471.10)
 |    74 Steel235              26   55.757   7.8500      1.7653      17.1928      2.500   473.60  255.769959   26.403136  (   0.00, 190.00,-473.60)
 |    75 Air                    7   14.784   0.0012  30528.8407   71998.1725      0.150   473.75  255.769964   26.403139  (   0.00, 190.00,-473.75)
 |    76 Polystyrene            6   11.077   1.0320     42.5383      70.1339      0.500   474.25  255.781718   26.410268  (   0.00, 190.00,-474.25)
 |    77 Steel235              26   55.757   7.8500      1.7653      17.1928      2.500   476.75  257.197946   26.555677  (   0.00, 190.00,-476.75)
 |    78 Air                    7   14.784   0.0012  30528.8407   71998.1725      0.150   476.90  257.197951   26.555679  (   0.00, 190.00,-476.90)
 |    79 Polystyrene            6   11.077   1.0320     42.5383      70.1339      0.500   477.40  257.209705   26.562809  (   0.00, 190.00,-477.40)
 |    80 Steel235              26   55.757   7.8500      1.7653      17.1928      2.500   479.90  258.625933   26.708218  (   0.00, 190.00,-479.90)
 |    81 Air                    7   14.784   0.0012  30528.8407   71998.1725      0.150   480.05  258.625938   26.708220  (   0.00, 190.00,-480.05)
 |    82 Polystyrene            6   11.077   1.0320     42.5383      70.1339      0.500   480.55  258.637692   26.715350  (   0.00, 190.00,-480.55)
 |    83 Steel235              26   55.757   7.8500      1.7653      17.1928      2.500   483.05  260.053920   26.860759  (   0.00, 190.00,-483.05)
 |    84 Air                    7   14.784   0.0012  30528.8407   71998.1725      0.150   483.20  260.053925   26.860761  (   0.00, 190.00,-483.20)
 |    85 Polystyrene            6   11.077   1.0320     42.5383      70.1339      0.500   483.70  260.065679   26.867890  (   0.00, 190.00,-483.70)
 |    86 Steel235              26   55.757   7.8500      1.7653      17.1928      2.500   486.20  261.481907   27.013300  (   0.00, 190.00,-486.20)
 |    87 Air                    7   14.784   0.0012  30528.8407   71998.1725      0.150   486.35  261.481912   27.013302  (   0.00, 190.00,-486.35)
 |    88 Polystyrene            6   11.077   1.0320     42.5383      70.1339      0.500   486.85  261.493666   27.020431  (   0.00, 190.00,-486.85)
 |    89 Steel235              26   55.757   7.8500      1.7653      17.1928      2.500   489.35  262.909894   27.165841  (   0.00, 190.00,-489.35)
 |    90 Air                    7   14.784   0.0012  30528.8407   71998.1725      0.150   489.50  262.909899   27.165843  (   0.00, 190.00,-489.50)
 |    91 Polystyrene            6   11.077   1.0320     42.5383      70.1339      0.500   490.00  262.921653   27.172972  (   0.00, 190.00,-490.00)
 |    92 Steel235              26   55.757   7.8500      1.7653      17.1928      2.500   492.50  264.337881   27.318382  (   0.00, 190.00,-492.50)
 |    93 Air                    7   14.784   0.0012  30528.8407   71998.1725      0.150   492.65  264.337885   27.318384  (   0.00, 190.00,-492.65)
 |    94 Polystyrene            6   11.077   1.0320     42.5383      70.1339      0.500   493.15  264.349640   27.325513  (   0.00, 190.00,-493.15)
 |    95 Steel235              26   55.757   7.8500      1.7653      17.1928      2.500   495.65  265.765867   27.470923  (   0.00, 190.00,-495.65)
 |    96 Air                    7   14.784   0.0012  30528.8407   71998.1725      0.150   495.80  265.765872   27.470925  (   0.00, 190.00,-495.80)
 |    97 Polystyrene            6   11.077   1.0320     42.5383      70.1339      0.500   496.30  265.777627   27.478054  (   0.00, 190.00,-496.30)
 |    98 Steel235              26   55.757   7.8500      1.7653      17.1928      2.500   498.80  267.193854   27.623464  (   0.00, 190.00,-498.80)
 |    99 Air                    7   14.784   0.0012  30528.8407   71998.1725      0.150   498.95  267.193859   27.623466  (   0.00, 190.00,-498.95)
 |   100 Polystyrene            6   11.077   1.0320     42.5383      70.1339      0.500   499.45  267.205613   27.630595  (   0.00, 190.00,-499.45)
 |   101 Steel235              26   55.757   7.8500      1.7653      17.1928      2.500   501.95  268.621841   27.776004  (   0.00, 190.00,-501.95)
 |   102 Air                    7   14.784   0.0012  30528.8407   71998.1725      0.150   502.10  268.621846   27.776007  (   0.00, 190.00,-502.10)
 |   103 Polystyrene            6   11.077   1.0320     42.5383      70.1339      0.500   502.60  268.633600   27.783136  (   0.00, 190.00,-502.60)
 |   104 Steel235              26   55.757   7.8500      1.7653      17.1928      2.500   505.10  270.049828   27.928545  (   0.00, 190.00,-505.10)
 |   105 Air                    7   14.784   0.0012  30528.8407   71998.1725      0.150   505.25  270.049833   27.928547  (   0.00, 190.00,-505.25)
 |   106 Polystyrene            6   11.077   1.0320     42.5383      70.1339      0.500   505.75  270.061587   27.935677  (   0.00, 190.00,-505.75)
 |   107 Steel235              26   55.757   7.8500      1.7653      17.1928      2.500   508.25  271.477815   28.081086  (   0.00, 190.00,-508.25)
 |   108 Air                    7   14.784   0.0012  30528.8407   71998.1725      0.150   508.40  271.477820   28.081088  (   0.00, 190.00,-508.40)
 |   109 Polystyrene            6   11.077   1.0320     42.5383      70.1339      0.500   508.90  271.489574   28.088218  (   0.00, 190.00,-508.90)
 |   110 Steel235              26   55.757   7.8500      1.7653      17.1928      2.500   511.40  272.905802   28.233627  (   0.00, 190.00,-511.40)
 |   111 Air                    7   14.784   0.0012  30528.8407   71998.1725      0.150   511.55  272.905807   28.233629  (   0.00, 190.00,-511.55)
 |   112 Polystyrene            6   11.077   1.0320     42.5383      70.1339      0.500   512.05  272.917561   28.240758  (   0.00, 190.00,-512.05)
 |   113 Steel235              26   55.757   7.8500      1.7653      17.1928      2.500   514.55  274.333789   28.386168  (   0.00, 190.00,-514.55)
 |   114 Air                    7   14.784   0.0012  30528.8407   71998.1725      0.150   514.70  274.333794   28.386170  (   0.00, 190.00,-514.70)
 |   115 Polystyrene            6   11.077   1.0320     42.5383      70.1339      0.500   515.20  274.345548   28.393299  (   0.00, 190.00,-515.20)
 |   116 Steel235              26   55.757   7.8500      1.7653      17.1928      2.500   517.70  275.761776   28.538709  (   0.00, 190.00,-517.70)
 |   117 Air                    7   14.784   0.0012  30528.8407   71998.1725      0.150   517.85  275.761781   28.538711  (   0.00, 190.00,-517.85)
 |   118 Polystyrene            6   11.077   1.0320     42.5383      70.1339      0.500   518.35  275.773535   28.545840  (   0.00, 190.00,-518.35)
 |   119 Steel235              26   55.757   7.8500      1.7653      17.1928      2.500   520.85  277.189763   28.691250  (   0.00, 190.00,-520.85)
 |   120 Air                    7   14.784   0.0012  30528.8407   71998.1725      0.150   521.00  277.189768   28.691252  (   0.00, 190.00,-521.00)
 |   121 Polystyrene            6   11.077   1.0320     42.5383      70.1339      0.500   521.50  277.201522   28.698381  (   0.00, 190.00,-521.50)
 |   122 Steel235              26   55.757   7.8500      1.7653      17.1928      2.500   524.00  278.617750   28.843791  (   0.00, 190.00,-524.00)
 |   123 Air                    7   14.784   0.0012  30528.8407   71998.1725      0.150   524.15  278.617755   28.843793  (   0.00, 190.00,-524.15)
 |   124 Polystyrene            6   11.077   1.0320     42.5383      70.1339      0.500   524.65  278.629509   28.850922  (   0.00, 190.00,-524.65)
 |   125 Steel235              26   55.757   7.8500      1.7653      17.1928      2.500   527.15  280.045737   28.996331  (   0.00, 190.00,-527.15)
 |   126 Air                    7   14.784   0.0012  30528.8407   71998.1725      0.150   527.30  280.045742   28.996334  (   0.00, 190.00,-527.30)
 |   127 Polystyrene            6   11.077   1.0320     42.5383      70.1339      0.500   527.80  280.057496   29.003463  (   0.00, 190.00,-527.80)
 |   128 Steel235              26   55.757   7.8500      1.7653      17.1928      2.200   530.00  281.303776   29.131423  (   0.00, 190.00,-530.00)
 |   129 Air                    7   14.784   0.0012  30528.8407   71998.1725      0.150   530.15  281.303781   29.131425  (   0.00, 190.00,-530.15)
 |   130 Polystyrene            6   11.077   1.0320     42.5383      70.1339      0.500   530.65  281.315535   29.138555  (   0.00, 190.00,-530.65)
 |   131 Steel235              26   55.757   7.8500      1.7653      17.1928      2.200   532.85  282.561816   29.266515  (   0.00, 190.00,-532.85)
 |   132 Air                    7   14.784   0.0012  30528.8407   71998.1725      0.150   533.00  282.561821   29.266517  (   0.00, 190.00,-533.00)
 |   133 Polystyrene            6   11.077   1.0320     42.5383      70.1339      0.500   533.50  282.573575   29.273646  (   0.00, 190.00,-533.50)
 |   134 Steel235              26   55.757   7.8500      1.7653      17.1928      2.200   535.70  283.819856   29.401607  (   0.00, 190.00,-535.70)
 |   135 Air                    7   14.784   0.0012  30528.8407   71998.1725      0.150   535.85  283.819860   29.401609  (   0.00, 190.00,-535.85)
 |   136 Polystyrene            6   11.077   1.0320     42.5383      70.1339      0.500   536.35  283.831615   29.408738  (   0.00, 190.00,-536.35)
 |   137 Steel235              26   55.757   7.8500      1.7653      17.1928      2.200   538.55  285.077895   29.536698  (   0.00, 190.00,-538.55)
 |   138 Air                    7   14.784   0.0012  30528.8407   71998.1725      0.150   538.70  285.077900   29.536701  (   0.00, 190.00,-538.70)
 |   139 Polystyrene            6   11.077   1.0320     42.5383      70.1339      0.500   539.20  285.089654   29.543830  (   0.00, 190.00,-539.20)
 |   140 Steel235              26   55.757   7.8500      1.7653      17.1928      2.200   541.40  286.335935   29.671790  (   0.00, 190.00,-541.40)
 |   141 Air                    7   14.784   0.0012  30528.8407   71998.1725      0.150   541.55  286.335940   29.671792  (   0.00, 190.00,-541.55)
 |   142 Polystyrene            6   11.077   1.0320     42.5383      70.1339      0.500   542.05  286.347694   29.678921  (   0.00, 190.00,-542.05)
 |   143 Steel235              26   55.757   7.8500      1.7653      17.1928      2.200   544.25  287.593974   29.806882  (   0.00, 190.00,-544.25)
 |   144 Air                    7   14.784   0.0012  30528.8407   71998.1725      0.150   544.40  287.593979   29.806884  (   0.00, 190.00,-544.40)
 |   145 Polystyrene            6   11.077   1.0320     42.5383      70.1339      0.500   544.90  287.605733   29.814013  (   0.00, 190.00,-544.90)
 |   146 Steel235              26   55.757   7.8500      1.7653      17.1928      2.200   547.10  288.852014   29.941974  (   0.00, 190.00,-547.10)
 |   147 Air                    7   14.784   0.0012  30528.8407   71998.1725      0.150   547.25  288.852019   29.941976  (   0.00, 190.00,-547.25)
 |   148 Polystyrene            6   11.077   1.0320     42.5383      70.1339      0.500   547.75  288.863773   29.949105  (   0.00, 190.00,-547.75)
 |   149 Steel235              26   55.757   7.8500      1.7653      17.1928      2.200   549.95  290.110053   30.077065  (   0.00, 190.00,-549.95)
 |   150 Air                    7   14.784   0.0012  30528.8407   71998.1725      0.150   550.10  290.110058   30.077067  (   0.00, 190.00,-550.10)
 |   151 Polystyrene            6   11.077   1.0320     42.5383      70.1339      0.500   550.60  290.121812   30.084197  (   0.00, 190.00,-550.60)
 |   152 Steel235              26   55.757   7.8500      1.7653      17.1928      2.200   552.80  291.368093   30.212157  (   0.00, 190.00,-552.80)
 |   153 Air                    7   14.784   0.0012  30528.8407   71998.1725      0.150   552.95  291.368098   30.212159  (   0.00, 190.00,-552.95)
 |   154 Polystyrene            6   11.077   1.0320     42.5383      70.1339      0.500   553.45  291.379852   30.219288  (   0.00, 190.00,-553.45)
 |   155 Steel235              26   55.757   7.8500      1.7653      17.1928      2.200   555.65  292.626133   30.347249  (   0.00, 190.00,-555.65)
 |   156 Air                    7   14.784   0.0012  30528.8407   71998.1725      0.150   555.80  292.626138   30.347251  (   0.00, 190.00,-555.80)
 |   157 Polystyrene            6   11.077   1.0320     42.5383      70.1339      0.500   556.30  292.637892   30.354380  (   0.00, 190.00,-556.30)
 |   158 Steel235              26   55.757   7.8500      1.7653      17.1928      2.200   558.50  293.884172   30.482341  (   0.00, 190.00,-558.50)
 |   159 Air                    7   14.784   0.0012  30528.8407   71998.1725      0.150   558.65  293.884177   30.482343  (   0.00, 190.00,-558.65)
 |   160 Polystyrene            6   11.077   1.0320     42.5383      70.1339      0.500   559.15  293.895931   30.489472  (   0.00, 190.00,-559.15)
 |   161 Steel235              26   55.757   7.8500      1.7653      17.1928      2.200   561.35  295.142212   30.617432  (   0.00, 190.00,-561.35)
 |   162 Air                    7   14.784   0.0012  30528.8407   71998.1725      0.150   561.50  295.142217   30.617434  (   0.00, 190.00,-561.50)
 |   163 Polystyrene            6   11.077   1.0320     42.5383      70.1339      0.500   562.00  295.153971   30.624564  (   0.00, 190.00,-562.00)
 |   164 Steel235              26   55.757   7.8500      1.7653      17.1928      2.200   564.20  296.400251   30.752524  (   0.00, 190.00,-564.20)
 |   165 Air                    7   14.784   0.0012  30528.8407   71998.1725      0.150   564.35  296.400256   30.752526  (   0.00, 190.00,-564.35)
 |   166 Polystyrene            6   11.077   1.0320     42.5383      70.1339      0.500   564.85  296.412010   30.759655  (   0.00, 190.00,-564.85)
 |   167 Steel235              26   55.757   7.8500      1.7653      17.1928      2.200   567.05  297.658291   30.887616  (   0.00, 190.00,-567.05)
 |   168 Air                    7   14.784   0.0012  30528.8407   71998.1725      0.150   567.20  297.658296   30.887618  (   0.00, 190.00,-567.20)
 |   169 Polystyrene            6   11.077   1.0320     42.5383      70.1339      0.500   567.70  297.670050   30.894747  (   0.00, 190.00,-567.70)
 |   170 Steel235              26   55.757   7.8500      1.7653      17.1928      2.200   569.90  298.916331   31.022708  (   0.00, 190.00,-569.90)
 |   171 Air                    7   14.784   0.0012  30528.8407   71998.1725      0.150   570.05  298.916335   31.022710  (   0.00, 190.00,-570.05)
 |   172 Polystyrene            6   11.077   1.0320     42.5383      70.1339      0.500   570.55  298.928090   31.029839  (   0.00, 190.00,-570.55)
 |   173 Steel235              26   55.757   7.8500      1.7653      17.1928      2.200   572.75  300.174370   31.157799  (   0.00, 190.00,-572.75)
 |   174 Air                    7   14.784   0.0012  30528.8407   71998.1725      0.150   572.90  300.174375   31.157801  (   0.00, 190.00,-572.90)
 |   175 Polystyrene            6   11.077   1.0320     42.5383      70.1339      0.500   573.40  300.186129   31.164931  (   0.00, 190.00,-573.40)
 |   176 Steel235              26   55.757   7.8500      1.7653      17.1928      2.200   575.60  301.432410   31.292891  (   0.00, 190.00,-575.60)
 |   177 Air                    7   14.784   0.0012  30528.8407   71998.1725      0.150   575.75  301.432415   31.292893  (   0.00, 190.00,-575.75)
 |   178 Polystyrene            6   11.077   1.0320     42.5383      70.1339      0.500   576.25  301.444169   31.300022  (   0.00, 190.00,-576.25)
 |   179 Steel235              26   55.757   7.8500      1.7653      17.1928      2.200   578.45  302.690449   31.427983  (   0.00, 190.00,-578.45)
 |   180 Air                    7   14.784   0.0012  30528.8407   71998.1725      0.150   578.60  302.690454   31.427985  (   0.00, 190.00,-578.60)
 |   181 Polystyrene            6   11.077   1.0320     42.5383      70.1339      0.500   579.10  302.702208   31.435114  (   0.00, 190.00,-579.10)
 |   182 Steel235              26   55.757   7.8500      1.7653      17.1928      2.200   581.30  303.948489   31.563074  (   0.00, 190.00,-581.30)
 |   183 Air                    7   14.784   0.0012  30528.8407   71998.1725      0.150   581.45  303.948494   31.563077  (   0.00, 190.00,-581.45)
 |   184 Polystyrene            6   11.077   1.0320     42.5383      70.1339      0.500   581.95  303.960248   31.570206  (   0.00, 190.00,-581.95)
 |   185 Steel235              26   55.757   7.8500      1.7653      17.1928      2.200   584.15  305.206528   31.698166  (   0.00, 190.00,-584.15)
 |   186 Air                    7   14.784   0.0012  30528.8407   71998.1725      0.150   584.30  305.206533   31.698168  (   0.00, 190.00,-584.30)
 |   187 Polystyrene            6   11.077   1.0320     42.5383      70.1339      0.500   584.80  305.218287   31.705297  (   0.00, 190.00,-584.80)
 |   188 Steel235              26   55.757   7.8500      1.7653      17.1928      2.200   587.00  306.464568   31.833258  (   0.00, 190.00,-587.00)
 |   189 Air                    7   14.784   0.0012  30528.8407   71998.1725      0.150   587.15  306.464573   31.833260  (   0.00, 190.00,-587.15)
 |   190 Polystyrene            6   11.077   1.0320     42.5383      70.1339      0.500   587.65  306.476327   31.840389  (   0.00, 190.00,-587.65)
 |   191 Steel235              26   55.757   7.8500      1.7653      17.1928      2.200   589.85  307.722608   31.968350  (   0.00, 190.00,-589.85)
 |   192 Air                    7   14.784   0.0012  30528.8407   71998.1725      0.150   590.00  307.722613   31.968352  (   0.00, 190.00,-590.00)
 |   193 Polystyrene            6   11.077   1.0320     42.5383      70.1339      0.500   590.50  307.734367   31.975481  (   0.00, 190.00,-590.50)
 |   194 Steel235              26   55.757   7.8500      1.7653      17.1928      2.200   592.70  308.980647   32.103441  (   0.00, 190.00,-592.70)
 |   195 Air                    7   14.784   0.0012  30528.8407   71998.1725      0.150   592.85  308.980652   32.103443  (   0.00, 190.00,-592.85)
 |   196 Polystyrene            6   11.077   1.0320     42.5383      70.1339      0.500   593.35  308.992406   32.110573  (   0.00, 190.00,-593.35)
 |   197 Steel235              26   55.757   7.8500      1.7653      17.1928      2.200   595.55  310.238687   32.238533  (   0.00, 190.00,-595.55)
 |   198 Air                    7   14.784   0.0012  30528.8407   71998.1725      0.150   595.70  310.238692   32.238535  (   0.00, 190.00,-595.70)
 |   199 Polystyrene            6   11.077   1.0320     42.5383      70.1339      0.500   596.20  310.250446   32.245664  (   0.00, 190.00,-596.20)
 |   200 Steel235              26   55.757   7.8500      1.7653      17.1928      2.200   598.40  311.496726   32.373625  (   0.00, 190.00,-598.40)
 |   201 Air                    7   14.784   0.0012  30528.8407   71998.1725      0.150   598.55  311.496731   32.373627  (   0.00, 190.00,-598.55)
 |   202 Polystyrene            6   11.077   1.0320     42.5383      70.1339      0.500   599.05  311.508485   32.380756  (   0.00, 190.00,-599.05)
 |   203 Steel235              26   55.757   7.8500      1.7653      17.1928      2.200   601.25  312.754766   32.508717  (   0.00, 190.00,-601.25)
 |   204 Air                    7   14.784   0.0012  30528.8407   71998.1725      0.150   601.40  312.754771   32.508719  (   0.00, 190.00,-601.40)
 |   205 Polystyrene            6   11.077   1.0320     42.5383      70.1339      0.500   601.90  312.766525   32.515848  (   0.00, 190.00,-601.90)
 |   206 Steel235              26   55.757   7.8500      1.7653      17.1928      2.200   604.10  314.012806   32.643808  (   0.00, 190.00,-604.10)
 |   207 Air                    7   14.784   0.0012  30528.8407   71998.1725      0.150   604.25  314.012810   32.643810  (   0.00, 190.00,-604.25)
 |   208 Polystyrene            6   11.077   1.0320     42.5383      70.1339      0.500   604.75  314.024565   32.650940  (   0.00, 190.00,-604.75)
 |   209 Steel235              26   55.757   7.8500      1.7653      17.1928      2.200   606.95  315.270845   32.778900  (   0.00, 190.00,-606.95)
 |   210 Air                    7   14.784   0.0012  30528.8407   71998.1725      0.150   607.10  315.270850   32.778902  (   0.00, 190.00,-607.10)
 |   211 Polystyrene            6   11.077   1.0320     42.5383      70.1339      0.500   607.60  315.282604   32.786031  (   0.00, 190.00,-607.60)
 |   212 Steel235              26   55.757   7.8500      1.7653      17.1928      2.200   609.80  316.528885   32.913992  (   0.00, 190.00,-609.80)
 |   213 Air                    7   14.784   0.0012  30528.8407   71998.1725      0.150   609.95  316.528890   32.913994  (   0.00, 190.00,-609.95)
 |   214 Polystyrene            6   11.077   1.0320     42.5383      70.1339      0.500   610.45  316.540644   32.921123  (   0.00, 190.00,-610.45)
 |   215 Steel235              26   55.757   7.8500      1.7653      17.1928      2.200   612.65  317.786924   33.049084  (   0.00, 190.00,-612.65)
 |   216 Air                    7   14.784   0.0012  30528.8407   71998.1725      0.150   612.80  317.786929   33.049086  (   0.00, 190.00,-612.80)
 |   217 Polystyrene            6   11.077   1.0320     42.5383      70.1339      0.500   613.30  317.798683   33.056215  (   0.00, 190.00,-613.30)
 |   218 Steel235              26   55.757   7.8500      1.7653      17.1928      2.200   615.50  319.044964   33.184175  (   0.00, 190.00,-615.50)
 |   219 Air                    7   14.784   0.0012  30528.8407   71998.1725      0.150   615.65  319.044969   33.184177  (   0.00, 190.00,-615.65)
 |   220 Polystyrene            6   11.077   1.0320     42.5383      70.1339      0.500   616.15  319.056723   33.191307  (   0.00, 190.00,-616.15)
 |   221 Steel235              26   55.757   7.8500      1.7653      17.1928      2.200   618.35  320.303003   33.319267  (   0.00, 190.00,-618.35)
 |   222 Air                    7   14.784   0.0012  30528.8407   71998.1725      0.150   618.50  320.303008   33.319269  (   0.00, 190.00,-618.50)
 |   223 Polystyrene            6   11.077   1.0320     42.5383      70.1339      0.500   619.00  320.314762   33.326398  (   0.00, 190.00,-619.00)
 |   224 Steel235              26   55.757   7.8500      1.7653      17.1928      2.200   621.20  321.561043   33.454359  (   0.00, 190.00,-621.20)
 |   225 Air                    7   14.784   0.0012  30528.8407   71998.1725      0.150   621.35  321.561048   33.454361  (   0.00, 190.00,-621.35)
 |   226 Polystyrene            6   11.077   1.0320     42.5383      70.1339      0.500   621.85  321.572802   33.461490  (   0.00, 190.00,-621.85)
 |   227 Steel235              26   55.757   7.8500      1.7653      17.1928      2.200   624.05  322.819083   33.589450  (   0.00, 190.00,-624.05)
 |   228 Air                    7   14.784   0.0012  30528.8407   71998.1725      0.150   624.20  322.819088   33.589453  (   0.00, 190.00,-624.20)
 |   229 Polystyrene            6   11.077   1.0320     42.5383      70.1339      0.500   624.70  322.830842   33.596582  (   0.00, 190.00,-624.70)
 |   230 Steel235              26   55.757   7.8500      1.7653      17.1928      2.200   626.90  324.077122   33.724542  (   0.00, 190.00,-626.90)
 |   231 Air                    7   14.784   0.0012  30528.8407   71998.1725      0.150   627.05  324.077127   33.724544  (   0.00, 190.00,-627.05)
 |   232 Polystyrene            6   11.077   1.0320     42.5383      70.1339      0.500   627.55  324.088881   33.731673  (   0.00, 190.00,-627.55)
 |   233 Steel235              26   55.757   7.8500      1.7653      17.1928      2.000   629.55  325.221864   33.848001  (   0.00, 190.00,-629.55)
 |   234 Air                    7   14.784   0.0012  30528.8407   71998.1725      0.150   629.70  325.221868   33.848003  (   0.00, 190.00,-629.70)
 |   235 Polystyrene            6   11.077   1.0320     42.5383      70.1339      0.500   630.20  325.233623   33.855132  (   0.00, 190.00,-630.20)
 |   236 Steel235              26   55.757   7.8500      1.7653      17.1928      2.000   632.20  326.366605   33.971460  (   0.00, 190.00,-632.20)
 |   237 Air                    7   14.784   0.0012  30528.8407   71998.1725      0.150   632.35  326.366610   33.971462  (   0.00, 190.00,-632.35)
 |   238 Polystyrene            6   11.077   1.0320     42.5383      70.1339      0.500   632.85  326.378364   33.978591  (   0.00, 190.00,-632.85)
 |   239 Steel235              26   55.757   7.8500      1.7653      17.1928      2.000   634.85  327.511346   34.094919  (   0.00, 190.00,-634.85)
 |   240 Air                    7   14.784   0.0012  30528.8407   71998.1725      0.150   635.00  327.511351   34.094921  (   0.00, 190.00,-635.00)
 |   241 Polystyrene            6   11.077   1.0320     42.5383      70.1339      0.500   635.50  327.523105   34.102050  (   0.00, 190.00,-635.50)
 |   242 Steel235              26   55.757   7.8500      1.7653      17.1928      2.000   637.50  328.656088   34.218378  (   0.00, 190.00,-637.50)
 |   243 Air                    7   14.784   0.0012  30528.8407   71998.1725      0.150   637.65  328.656092   34.218380  (   0.00, 190.00,-637.65)
 |   244 Polystyrene            6   11.077   1.0320     42.5383      70.1339      0.500   638.15  328.667847   34.225509  (   0.00, 190.00,-638.15)
 |   245 Steel235              26   55.757   7.8500      1.7653      17.1928      2.000   640.15  329.800829   34.341837  (   0.00, 190.00,-640.15)
 |   246 Air                    7   14.784   0.0012  30528.8407   71998.1725      0.150   640.30  329.800834   34.341839  (   0.00, 190.00,-640.30)
 |   247 Polystyrene            6   11.077   1.0320     42.5383      70.1339      0.500   640.80  329.812588   34.348968  (   0.00, 190.00,-640.80)
 |   248 Steel235              26   55.757   7.8500      1.7653      17.1928      2.000   642.80  330.945570   34.465296  (   0.00, 190.00,-642.80)
 |   249 Air                    7   14.784   0.0012  30528.8407   71998.1725      0.150   642.95  330.945575   34.465298  (   0.00, 190.00,-642.95)
 |   250 Polystyrene            6   11.077   1.0320     42.5383      70.1339      0.500   643.45  330.957329   34.472427  (   0.00, 190.00,-643.45)
 |   251 Steel235              26   55.757   7.8500      1.7653      17.1928      2.000   645.45  332.090312   34.588755  (   0.00, 190.00,-645.45)
 |   252 Air                    7   14.784   0.0012  30528.8407   71998.1725      0.150   645.60  332.090317   34.588757  (   0.00, 190.00,-645.60)
 |   253 Polystyrene            6   11.077   1.0320     42.5383      70.1339      0.500   646.10  332.102071   34.595886  (   0.00, 190.00,-646.10)
 |   254 Steel235              26   55.757   7.8500      1.7653      17.1928      2.000   648.10  333.235053   34.712214  (   0.00, 190.00,-648.10)
 |   255 Air                    7   14.784   0.0012  30528.8407   71998.1725      0.150   648.25  333.235058   34.712216  (   0.00, 190.00,-648.25)
 |   256 Polystyrene            6   11.077   1.0320     42.5383      70.1339      0.500   648.75  333.246812   34.719345  (   0.00, 190.00,-648.75)
 |   257 Steel235              26   55.757   7.8500      1.7653      17.1928      2.000   650.75  334.379794   34.835673  (   0.00, 190.00,-650.75)
 |   258 Air                    7   14.784   0.0012  30528.8407   71998.1725      0.150   650.90  334.379799   34.835675  (   0.00, 190.00,-650.90)
 |   259 Polystyrene            6   11.077   1.0320     42.5383      70.1339      0.500   651.40  334.391553   34.842804  (   0.00, 190.00,-651.40)
 |   260 Steel235              26   55.757   7.8500      1.7653      17.1928      2.000   653.40  335.524536   34.959132  (   0.00, 190.00,-653.40)
 |   261 Air                    7   14.784   0.0012  30528.8407   71998.1725      0.150   653.55  335.524541   34.959134  (   0.00, 190.00,-653.55)
 |   262 Polystyrene            6   11.077   1.0320     42.5383      70.1339      0.500   654.05  335.536295   34.966263  (   0.00, 190.00,-654.05)
 |   263 Steel235              26   55.757   7.8500      1.7653      17.1928      2.000   656.05  336.669277   35.082591  (   0.00, 190.00,-656.05)
 |   264 Air                    7   14.784   0.0012  30528.8407   71998.1725      0.150   656.20  336.669282   35.082593  (   0.00, 190.00,-656.20)
 |   265 Polystyrene            6   11.077   1.0320     42.5383      70.1339      0.500   656.70  336.681036   35.089722  (   0.00, 190.00,-656.70)
 |   266 Steel235              26   55.757   7.8500      1.7653      17.1928      2.000   658.70  337.814018   35.206050  (   0.00, 190.00,-658.70)
 |   267 Air                    7   14.784   0.0012  30528.8407   71998.1725      0.150   658.85  337.814023   35.206052  (   0.00, 190.00,-658.85)
 |   268 Polystyrene            6   11.077   1.0320     42.5383      70.1339      0.500   659.35  337.825777   35.213181  (   0.00, 190.00,-659.35)
 |   269 Steel235              26   55.757   7.8500      1.7653      17.1928      2.000   661.35  338.958760   35.329509  (   0.00, 190.00,-661.35)
 |   270 Air                    7   14.784   0.0012  30528.8407   71998.1725      0.150   661.50  338.958765   35.329511  (   0.00, 190.00,-661.50)
 |   271 Polystyrene            6   11.077   1.0320     42.5383      70.1339      0.500   662.00  338.970519   35.336640  (   0.00, 190.00,-662.00)
 |   272 Steel235              26   55.757   7.8500      1.7653      17.1928      2.000   664.00  340.103501   35.452968  (   0.00, 190.00,-664.00)
 |   273 Air                    7   14.784   0.0012  30528.8407   71998.1725      0.150   664.15  340.103506   35.452970  (   0.00, 190.00,-664.15)
 |   274 Polystyrene            6   11.077   1.0320     42.5383      70.1339      0.500   664.65  340.115260   35.460099  (   0.00, 190.00,-664.65)
 |   275 Steel235              26   55.757   7.8500      1.7653      17.1928      2.000   666.65  341.248242   35.576427  (   0.00, 190.00,-666.65)
 |   276 Air                    7   14.784   0.0012  30528.8407   71998.1725      0.150   666.80  341.248247   35.576429  (   0.00, 190.00,-666.80)
 |   277 Polystyrene            6   11.077   1.0320     42.5383      70.1339      0.500   667.30  341.260001   35.583558  (   0.00, 190.00,-667.30)
 |   278 Steel235              26   55.757   7.8500      1.7653      17.1928      2.000   669.30  342.392984   35.699886  (   0.00, 190.00,-669.30)
 |   279 Air                    7   14.784   0.0012  30528.8407   71998.1725      0.150   669.45  342.392989   35.699888  (   0.00, 190.00,-669.45)
 |   280 Polystyrene            6   11.077   1.0320     42.5383      70.1339      0.500   669.95  342.404743   35.707017  (   0.00, 190.00,-669.95)
 |   281 Steel235              26   55.757   7.8500      1.7653      17.1928      2.000   671.95  343.537725   35.823345  (   0.00, 190.00,-671.95)
 |   282 Air                    7   14.784   0.0012  30528.8407   71998.1725      0.150   672.10  343.537730   35.823347  (   0.00, 190.00,-672.10)
 |   283 Polystyrene            6   11.077   1.0320     42.5383      70.1339      0.500   672.60  343.549484   35.830476  (   0.00, 190.00,-672.60)
 |   284 Steel235              26   55.757   7.8500      1.7653      17.1928      2.000   674.60  344.682467   35.946804  (   0.00, 190.00,-674.60)
 |   285 Air                    7   14.784   0.0012  30528.8407   71998.1725      0.150   674.75  344.682471   35.946806  (   0.00, 190.00,-674.75)
 |   286 Polystyrene            6   11.077   1.0320     42.5383      70.1339      0.500   675.25  344.694226   35.953935  (   0.00, 190.00,-675.25)
 |   287 Steel235              26   55.757   7.8500      1.7653      17.1928      2.000   677.25  345.827208   36.070263  (   0.00, 190.00,-677.25)
 |   288 Air                    7   14.784   0.0012  30528.8407   71998.1725      0.150   677.40  345.827213   36.070265  (   0.00, 190.00,-677.40)
 |   289 Polystyrene            6   11.077   1.0320     42.5383      70.1339      0.500   677.90  345.838967   36.077394  (   0.00, 190.00,-677.90)
 |   290 Steel235              26   55.757   7.8500      1.7653      17.1928      2.000   679.90  346.971949   36.193722  (   0.00, 190.00,-679.90)
 |   291 Air                    7   14.784   0.0012  30528.8407   71998.1725      0.150   680.05  346.971954   36.193724  (   0.00, 190.00,-680.05)
 |   292 Polystyrene            6   11.077   1.0320     42.5383      70.1339      0.500   680.55  346.983708   36.200853  (   0.00, 190.00,-680.55)
 |   293 Steel235              26   55.757   7.8500      1.7653      17.1928      2.000   682.55  348.116691   36.317180  (   0.00, 190.00,-682.55)
 |   294 Air                    7   14.784   0.0012  30528.8407   71998.1725      0.150   682.70  348.116695   36.317183  (   0.00, 190.00,-682.70)
 |   295 Polystyrene            6   11.077   1.0320     42.5383      70.1339      0.500   683.20  348.128450   36.324312  (   0.00, 190.00,-683.20)
 |   296 Steel235              26   55.757   7.8500      1.7653      17.1928      2.000   685.20  349.261432   36.440639  (   0.00, 190.00,-685.20)
 |   297 Air                    7   14.784   0.0012  30528.8407   71998.1725      0.150   685.35  349.261437   36.440642  (   0.00, 190.00,-685.35)
 |   298 Polystyrene            6   11.077   1.0320     42.5383      70.1339      0.500   685.85  349.273191   36.447771  (   0.00, 190.00,-685.85)
 |   299 Steel235              26   55.757   7.8500      1.7653      17.1928      2.000   687.85  350.406173   36.564098  (   0.00, 190.00,-687.85)
 |   300 Air                    7   14.784   0.0012  30528.8407   71998.1725      0.150   688.00  350.406178   36.564101  (   0.00, 190.00,-688.00)
 |   301 Polystyrene            6   11.077   1.0320     42.5383      70.1339      0.500   688.50  350.417932   36.571230  (   0.00, 190.00,-688.50)
 |   302 Steel235              26   55.757   7.8500      1.7653      17.1928      2.000   690.50  351.550915   36.687557  (   0.00, 190.00,-690.50)
 |   303 Air                    7   14.784   0.0012  30528.8407   71998.1725      0.150   690.65  351.550920   36.687559  (   0.00, 190.00,-690.65)
 |   304 Polystyrene            6   11.077   1.0320     42.5383      70.1339      0.500   691.15  351.562674   36.694689  (   0.00, 190.00,-691.15)
 |   305 Steel235              26   55.757   7.8500      1.7653      17.1928      2.000   693.15  352.695656   36.811016  (   0.00, 190.00,-693.15)
 |   306 Air                    7   14.784   0.0012  30528.8407   71998.1725      0.150   693.30  352.695661   36.811018  (   0.00, 190.00,-693.30)
 |   307 Polystyrene            6   11.077   1.0320     42.5383      70.1339      0.500   693.80  352.707415   36.818148  (   0.00, 190.00,-693.80)
 |   308 Steel235              26   55.757   7.8500      1.7653      17.1928      2.000   695.80  353.840397   36.934475  (   0.00, 190.00,-695.80)
 |   309 Air                    7   14.784   0.0012  30528.8407   71998.1725    113.790   809.59  353.844125   36.936056  (   0.00, 190.00,-809.59)
 |   310 Iron                  26   55.845   7.8740      1.7575      17.1639     10.000   819.59  359.534047   37.518674  (   0.00, 190.00,-819.59)
 |   311 Aluminum              13   26.982   2.6990      8.8963      39.8672      0.100   819.69  359.545288   37.521182  (   0.00, 190.00,-819.69)
 |   312 Air                    7   14.784   0.0012  30528.8407   71998.1725      0.350   820.04  359.545299   37.521187  (   0.00, 190.00,-820.04)
 |   313 PyrexGlass            10   20.495   2.2300     12.6748      43.5474      0.200   820.24  359.561079   37.525780  (   0.00, 190.00,-820.24)
 |   314 RPCGasDefault          8   16.809   0.0037   9559.7011   23915.1216      0.200   820.44  359.561100   37.525788  (   0.00, 190.00,-820.44)
 |   315 PyrexGlass            10   20.495   2.2300     12.6748      43.5474      0.200   820.64  359.576879   37.530381  (   0.00, 190.00,-820.64)
 |   316 Air                    7   14.784   0.0012  30528.8407   71998.1725      0.350   820.99  359.576890   37.530386  (   0.00, 190.00,-820.99)
 |   317 Aluminum              13   26.982   2.6990      8.8963      39.8672      0.100   821.09  359.588131   37.532894  (   0.00, 190.00,-821.09)
 |   318 Aluminum              13   26.982   2.6990      8.8963      39.8672      0.100   821.19  359.599372   37.535403  (   0.00, 190.00,-821.19)
 |   319 Air                    7   14.784   0.0012  30528.8407   71998.1725      0.350   821.54  359.599383   37.535407  (   0.00, 190.00,-821.54)
 |   320 PyrexGlass            10   20.495   2.2300     12.6748      43.5474      0.200   821.74  359.615163   37.540000  (   0.00, 190.00,-821.74)
 |   321 RPCGasDefault          8   16.809   0.0037   9559.7011   23915.1216      0.200   821.94  359.615183   37.540008  (   0.00, 190.00,-821.94)
 |   322 PyrexGlass            10   20.495   2.2300     12.6748      43.5474      0.200   822.14  359.630963   37.544601  (   0.00, 190.00,-822.14)
 |   323 Air                    7   14.784   0.0012  30528.8407   71998.1725      0.350   822.49  359.630974   37.544606  (   0.00, 190.00,-822.49)
 |   324 Aluminum              13   26.982   2.6990      8.8963      39.8672      0.100   822.59  359.642215   37.547114  (   0.00, 190.00,-822.59)
 |   325 Air                    7   14.784   0.0012  30528.8407   71998.1725      1.000   823.59  359.642248   37.547128  (   0.00, 190.00,-823.59)
 |   326 Iron                  26   55.845   7.8740      1.7575      17.1639     10.000   833.59  365.332170   38.129746  (   0.00, 190.00,-833.59)
 |   327 Aluminum              13   26.982   2.6990      8.8963      39.8672      0.100   833.69  365.343411   38.132255  (   0.00, 190.00,-833.69)
 |   328 Air                    7   14.784   0.0012  30528.8407   71998.1725      0.350   834.04  365.343422   38.132260  (   0.00, 190.00,-834.04)
 |   329 PyrexGlass            10   20.495   2.2300     12.6748      43.5474      0.200   834.24  365.359202   38.136852  (   0.00, 190.00,-834.24)
 |   330 RPCGasDefault          8   16.809   0.0037   9559.7011   23915.1216      0.200   834.44  365.359223   38.136861  (   0.00, 190.00,-834.44)
 |   331 PyrexGlass            10   20.495   2.2300     12.6748      43.5474      0.200   834.64  365.375002   38.141453  (   0.00, 190.00,-834.64)
 |   332 Air                    7   14.784   0.0012  30528.8407   71998.1725      0.350   834.99  365.375013   38.141458  (   0.00, 190.00,-834.99)
 |   333 Aluminum              13   26.982   2.6990      8.8963      39.8672      0.100   835.09  365.386254   38.143967  (   0.00, 190.00,-835.09)
 |   334 Aluminum              13   26.982   2.6990      8.8963      39.8672      0.100   835.19  365.397495   38.146475  (   0.00, 190.00,-835.19)
 |   335 Air                    7   14.784   0.0012  30528.8407   71998.1725      0.350   835.54  365.397506   38.146480  (   0.00, 190.00,-835.54)
 |   336 PyrexGlass            10   20.495   2.2300     12.6748      43.5474      0.200   835.74  365.413286   38.151072  (   0.00, 190.00,-835.74)
 |   337 RPCGasDefault          8   16.809   0.0037   9559.7011   23915.1216      0.200   835.94  365.413306   38.151081  (   0.00, 190.00,-835.94)
 |   338 PyrexGlass            10   20.495   2.2300     12.6748      43.5474      0.200   836.14  365.429086   38.155674  (   0.00, 190.00,-836.14)
 |   339 Air                    7   14.784   0.0012  30528.8407   71998.1725      0.350   836.49  365.429097   38.155678  (   0.00, 190.00,-836.49)
 |   340 Aluminum              13   26.982   2.6990      8.8963      39.8672      0.100   836.59  365.440338   38.158187  (   0.00, 190.00,-836.59)
 |   341 Air                    7   14.784   0.0012  30528.8407   71998.1725      1.000   837.59  365.440371   38.158201  (   0.00, 190.00,-837.59)
 |   342 Iron                  26   55.845   7.8740      1.7575      17.1639     10.000   847.59  371.130293   38.740819  (   0.00, 190.00,-847.59)
 |   343 Aluminum              13   26.982   2.6990      8.8963      39.8672      0.100   847.69  371.141534   38.743327  (   0.00, 190.00,-847.69)
 |   344 Air                    7   14.784   0.0012  30528.8407   71998.1725      0.350   848.04  371.141545   38.743332  (   0.00, 190.00,-848.04)
 |   345 PyrexGlass            10   20.495   2.2300     12.6748      43.5474      0.200   848.24  371.157325   38.747925  (   0.00, 190.00,-848.24)
 |   346 RPCGasDefault          8   16.809   0.0037   9559.7011   23915.1216      0.200   848.44  371.157346   38.747933  (   0.00, 190.00,-848.44)
 |   347 PyrexGlass            10   20.495   2.2300     12.6748      43.5474      0.200   848.64  371.173125   38.752526  (   0.00, 190.00,-848.64)
 |   348 Air                    7   14.784   0.0012  30528.8407   71998.1725      0.350   848.99  371.173137   38.752531  (   0.00, 190.00,-848.99)
 |   349 Aluminum              13   26.982   2.6990      8.8963      39.8672      0.100   849.09  371.184377   38.755039  (   0.00, 190.00,-849.09)
 |   350 Aluminum              13   26.982   2.6990      8.8963      39.8672      0.100   849.19  371.195618   38.757547  (   0.00, 190.00,-849.19)
 |   351 Air                    7   14.784   0.0012  30528.8407   71998.1725      0.350   849.54  371.195629   38.757552  (   0.00, 190.00,-849.54)
 |   352 PyrexGlass            10   20.495   2.2300     12.6748      43.5474      0.200   849.74  371.211409   38.762145  (   0.00, 190.00,-849.74)
 |   353 RPCGasDefault          8   16.809   0.0037   9559.7011   23915.1216      0.200   849.94  371.211430   38.762153  (   0.00, 190.00,-849.94)
 |   354 PyrexGlass            10   20.495   2.2300     12.6748      43.5474      0.200   850.14  371.227209   38.766746  (   0.00, 190.00,-850.14)
 |   355 Air                    7   14.784   0.0012  30528.8407   71998.1725      0.350   850.49  371.227220   38.766751  (   0.00, 190.00,-850.49)
 |   356 Aluminum              13   26.982   2.6990      8.8963      39.8672      0.100   850.59  371.238461   38.769259  (   0.00, 190.00,-850.59)
 |   357 Air                    7   14.784   0.0012  30528.8407   71998.1725      1.000   851.59  371.238494   38.769273  (   0.00, 190.00,-851.59)
 |   358 Iron                  26   55.845   7.8740      1.7575      17.1639     10.000   861.59  376.928416   39.351891  (   0.00, 190.00,-861.59)
 |   359 Aluminum              13   26.982   2.6990      8.8963      39.8672      0.100   861.69  376.939657   39.354400  (   0.00, 190.00,-861.69)
 |   360 Air                    7   14.784   0.0012  30528.8407   71998.1725      0.350   862.04  376.939668   39.354405  (   0.00, 190.00,-862.04)
 |   361 PyrexGlass            10   20.495   2.2300     12.6748      43.5474      0.200   862.24  376.955448   39.358997  (   0.00, 190.00,-862.24)
 |   362 RPCGasDefault          8   16.809   0.0037   9559.7011   23915.1216      0.200   862.44  376.955469   39.359006  (   0.00, 190.00,-862.44)
 |   363 PyrexGlass            10   20.495   2.2300     12.6748      43.5474      0.200   862.64  376.971248   39.363598  (   0.00, 190.00,-862.64)
 |   364 Air                    7   14.784   0.0012  30528.8407   71998.1725      0.350   862.99  376.971260   39.363603  (   0.00, 190.00,-862.99)
 |   365 Aluminum              13   26.982   2.6990      8.8963      39.8672      0.100   863.09  376.982500   39.366111  (   0.00, 190.00,-863.09)
 |   366 Aluminum              13   26.982   2.6990      8.8963      39.8672      0.100   863.19  376.993741   39.368620  (   0.00, 190.00,-863.19)
 |   367 Air                    7   14.784   0.0012  30528.8407   71998.1725      0.350   863.54  376.993752   39.368625  (   0.00, 190.00,-863.54)
 |   368 PyrexGlass            10   20.495   2.2300     12.6748      43.5474      0.200   863.74  377.009532   39.373217  (   0.00, 190.00,-863.74)
 |   369 RPCGasDefault          8   16.809   0.0037   9559.7011   23915.1216      0.200   863.94  377.009553   39.373226  (   0.00, 190.00,-863.94)
 |   370 PyrexGlass            10   20.495   2.2300     12.6748      43.5474      0.200   864.14  377.025332   39.377818  (   0.00, 190.00,-864.14)
 |   371 Air                    7   14.784   0.0012  30528.8407   71998.1725      0.350   864.49  377.025343   39.377823  (   0.00, 190.00,-864.49)
 |   372 Aluminum              13   26.982   2.6990      8.8963      39.8672      0.100   864.59  377.036584   39.380332  (   0.00, 190.00,-864.59)
 |   373 Air                    7   14.784   0.0012  30528.8407   71998.1725      1.000   865.59  377.036617   39.380345  (   0.00, 190.00,-865.59)
 |   374 Iron                  26   55.845   7.8740      1.7575      17.1639     10.000   875.59  382.726539   39.962964  (   0.00, 190.00,-875.59)
 |   375 Aluminum              13   26.982   2.6990      8.8963      39.8672      0.100   875.69  382.737780   39.965472  (   0.00, 190.00,-875.69)
 |   376 Air                    7   14.784   0.0012  30528.8407   71998.1725      0.350   876.04  382.737791   39.965477  (   0.00, 190.00,-876.04)
 |   377 PyrexGlass            10   20.495   2.2300     12.6748      43.5474      0.200   876.24  382.753571   39.970070  (   0.00, 190.00,-876.24)
 |   378 RPCGasDefault          8   16.809   0.0037   9559.7011   23915.1216      0.200   876.44  382.753592   39.970078  (   0.00, 190.00,-876.44)
 |   379 PyrexGlass            10   20.495   2.2300     12.6748      43.5474      0.200   876.64  382.769371   39.974671  (   0.00, 190.00,-876.64)
 |   380 Air                    7   14.784   0.0012  30528.8407   71998.1725      0.350   876.99  382.769383   39.974676  (   0.00, 190.00,-876.99)
 |   381 Aluminum              13   26.982   2.6990      8.8963      39.8672      0.100   877.09  382.780623   39.977184  (   0.00, 190.00,-877.09)
 |   382 Aluminum              13   26.982   2.6990      8.8963      39.8672      0.100   877.19  382.791864   39.979692  (   0.00, 190.00,-877.19)
 |   383 Air                    7   14.784   0.0012  30528.8407   71998.1725      0.350   877.54  382.791875   39.979697  (   0.00, 190.00,-877.54)
 |   384 PyrexGlass            10   20.495   2.2300     12.6748      43.5474      0.200   877.74  382.807655   39.984290  (   0.00, 190.00,-877.74)
 |   385 RPCGasDefault          8   16.809   0.0037   9559.7011   23915.1216      0.200   877.94  382.807676   39.984298  (   0.00, 190.00,-877.94)
 |   386 PyrexGlass            10   20.495   2.2300     12.6748      43.5474      0.200   878.14  382.823455   39.988891  (   0.00, 190.00,-878.14)
 |   387 Air                    7   14.784   0.0012  30528.8407   71998.1725      0.350   878.49  382.823466   39.988896  (   0.00, 190.00,-878.49)
 |   388 Aluminum              13   26.982   2.6990      8.8963      39.8672      0.100   878.59  382.834707   39.991404  (   0.00, 190.00,-878.59)
 |   389 Air                    7   14.784   0.0012  30528.8407   71998.1725      1.000   879.59  382.834740   39.991418  (   0.00, 190.00,-879.59)
 |   390 Iron                  26   55.845   7.8740      1.7575      17.1639     10.000   889.59  388.524662   40.574036  (   0.00, 190.00,-889.59)
 |   391 Aluminum              13   26.982   2.6990      8.8963      39.8672      0.100   889.69  388.535903   40.576544  (   0.00, 190.00,-889.69)
 |   392 Air                    7   14.784   0.0012  30528.8407   71998.1725      0.350   890.04  388.535914   40.576549  (   0.00, 190.00,-890.04)
 |   393 PyrexGlass            10   20.495   2.2300     12.6748      43.5474      0.200   890.24  388.551694   40.581142  (   0.00, 190.00,-890.24)
 |   394 RPCGasDefault          8   16.809   0.0037   9559.7011   23915.1216      0.200   890.44  388.551715   40.581150  (   0.00, 190.00,-890.44)
 |   395 PyrexGlass            10   20.495   2.2300     12.6748      43.5474      0.200   890.64  388.567494   40.585743  (   0.00, 190.00,-890.64)
 |   396 Air                    7   14.784   0.0012  30528.8407   71998.1725      0.350   890.99  388.567506   40.585748  (   0.00, 190.00,-890.99)
 |   397 Aluminum              13   26.982   2.6990      8.8963      39.8672      0.100   891.09  388.578746   40.588256  (   0.00, 190.00,-891.09)
 |   398 Aluminum              13   26.982   2.6990      8.8963      39.8672      0.100   891.19  388.589987   40.590765  (   0.00, 190.00,-891.19)
 |   399 Air                    7   14.784   0.0012  30528.8407   71998.1725      0.350   891.54  388.589998   40.590770  (   0.00, 190.00,-891.54)
 |   400 PyrexGlass            10   20.495   2.2300     12.6748      43.5474      0.200   891.74  388.605778   40.595362  (   0.00, 190.00,-891.74)
 |   401 RPCGasDefault          8   16.809   0.0037   9559.7011   23915.1216      0.200   891.94  388.605799   40.595371  (   0.00, 190.00,-891.94)
 |   402 PyrexGlass            10   20.495   2.2300     12.6748      43.5474      0.200   892.14  388.621578   40.599963  (   0.00, 190.00,-892.14)
 |   403 Air                    7   14.784   0.0012  30528.8407   71998.1725      0.350   892.49  388.621590   40.599968  (   0.00, 190.00,-892.49)
 |   404 Aluminum              13   26.982   2.6990      8.8963      39.8672      0.100   892.59  388.632830   40.602476  (   0.00, 190.00,-892.59)
 |   405 Air                    7   14.784   0.0012  30528.8407   71998.1725      1.000   893.59  388.632863   40.602490  (   0.00, 190.00,-893.59)
 |   406 Iron                  26   55.845   7.8740      1.7575      17.1639     10.000   903.59  394.322785   41.185109  (   0.00, 190.00,-903.59)
 |   407 Aluminum              13   26.982   2.6990      8.8963      39.8672      0.100   903.69  394.334026   41.187617  (   0.00, 190.00,-903.69)
 |   408 Air                    7   14.784   0.0012  30528.8407   71998.1725      0.350   904.04  394.334038   41.187622  (   0.00, 190.00,-904.04)
 |   409 PyrexGlass            10   20.495   2.2300     12.6748      43.5474      0.200   904.24  394.349817   41.192214  (   0.00, 190.00,-904.24)
 |   410 RPCGasDefault          8   16.809   0.0037   9559.7011   23915.1216      0.200   904.44  394.349838   41.192223  (   0.00, 190.00,-904.44)
 |   411 PyrexGlass            10   20.495   2.2300     12.6748      43.5474      0.200   904.64  394.365617   41.196816  (   0.00, 190.00,-904.64)
 |   412 Air                    7   14.784   0.0012  30528.8407   71998.1725      0.350   904.99  394.365629   41.196820  (   0.00, 190.00,-904.99)
 |   413 Aluminum              13   26.982   2.6990      8.8963      39.8672      0.100   905.09  394.376869   41.199329  (   0.00, 190.00,-905.09)
 |   414 Aluminum              13   26.982   2.6990      8.8963      39.8672      0.100   905.19  394.388110   41.201837  (   0.00, 190.00,-905.19)
 |   415 Air                    7   14.784   0.0012  30528.8407   71998.1725      0.350   905.54  394.388121   41.201842  (   0.00, 190.00,-905.54)
 |   416 PyrexGlass            10   20.495   2.2300     12.6748      43.5474      0.200   905.74  394.403901   41.206435  (   0.00, 190.00,-905.74)
 |   417 RPCGasDefault          8   16.809   0.0037   9559.7011   23915.1216      0.200   905.94  394.403922   41.206443  (   0.00, 190.00,-905.94)
 |   418 PyrexGlass            10   20.495   2.2300     12.6748      43.5474      0.200   906.14  394.419701   41.211036  (   0.00, 190.00,-906.14)
 |   419 Air                    7   14.784   0.0012  30528.8407   71998.1725      0.350   906.49  394.419713   41.211041  (   0.00, 190.00,-906.49)
 |   420 Aluminum              13   26.982   2.6990      8.8963      39.8672      0.100   906.59  394.430953   41.213549  (   0.00, 190.00,-906.59)
 |   421 Air                    7   14.784   0.0012  30528.8407   71998.1725      1.000   907.59  394.430986   41.213563  (   0.00, 190.00,-907.59)
 |   422 Iron                  26   55.845   7.8740      1.7575      17.1639     10.000   917.59  400.120909   41.796181  (   0.00, 190.00,-917.59)
 |   423 Aluminum              13   26.982   2.6990      8.8963      39.8672      0.100   917.69  400.132149   41.798689  (   0.00, 190.00,-917.69)
 |   424 Air                    7   14.784   0.0012  30528.8407   71998.1725      0.350   918.04  400.132161   41.798694  (   0.00, 190.00,-918.04)
 |   425 PyrexGlass            10   20.495   2.2300     12.6748      43.5474      0.200   918.24  400.147940   41.803287  (   0.00, 190.00,-918.24)
 |   426 RPCGasDefault          8   16.809   0.0037   9559.7011   23915.1216      0.200   918.44  400.147961   41.803295  (   0.00, 190.00,-918.44)
 |   427 PyrexGlass            10   20.495   2.2300     12.6748      43.5474      0.200   918.64  400.163740   41.807888  (   0.00, 190.00,-918.64)
 |   428 Air                    7   14.784   0.0012  30528.8407   71998.1725      0.350   918.99  400.163752   41.807893  (   0.00, 190.00,-918.99)
 |   429 Aluminum              13   26.982   2.6990      8.8963      39.8672      0.100   919.09  400.174992   41.810401  (   0.00, 190.00,-919.09)
 |   430 Aluminum              13   26.982   2.6990      8.8963      39.8672      0.100   919.19  400.186233   41.812909  (   0.00, 190.00,-919.19)
 |   431 Air                    7   14.784   0.0012  30528.8407   71998.1725      0.350   919.54  400.186244   41.812914  (   0.00, 190.00,-919.54)
 |   432 PyrexGlass            10   20.495   2.2300     12.6748      43.5474      0.200   919.74  400.202024   41.817507  (   0.00, 190.00,-919.74)
 |   433 RPCGasDefault          8   16.809   0.0037   9559.7011   23915.1216      0.200   919.94  400.202045   41.817515  (   0.00, 190.00,-919.94)
 |   434 PyrexGlass            10   20.495   2.2300     12.6748      43.5474      0.200   920.14  400.217824   41.822108  (   0.00, 190.00,-920.14)
 |   435 Air                    7   14.784   0.0012  30528.8407   71998.1725      0.350   920.49  400.217836   41.822113  (   0.00, 190.00,-920.49)
 |   436 Aluminum              13   26.982   2.6990      8.8963      39.8672      0.100   920.59  400.229076   41.824621  (   0.00, 190.00,-920.59)
 |   437 Air                    7   14.784   0.0012  30528.8407   71998.1725      1.000   921.59  400.229109   41.824635  (   0.00, 190.00,-921.59)
 |   438 Iron                  26   55.845   7.8740      1.7575      17.1639     10.000   931.59  405.919032   42.407253  (   0.00, 190.00,-931.59)
 |   439 Aluminum              13   26.982   2.6990      8.8963      39.8672      0.100   931.69  405.930272   42.409762  (   0.00, 190.00,-931.69)
 |   440 Air                    7   14.784   0.0012  30528.8407   71998.1725      0.350   932.04  405.930284   42.409767  (   0.00, 190.00,-932.04)
 |   441 PyrexGlass            10   20.495   2.2300     12.6748      43.5474      0.200   932.24  405.946063   42.414359  (   0.00, 190.00,-932.24)
 |   442 RPCGasDefault          8   16.809   0.0037   9559.7011   23915.1216      0.200   932.44  405.946084   42.414368  (   0.00, 190.00,-932.44)
 |   443 PyrexGlass            10   20.495   2.2300     12.6748      43.5474      0.200   932.64  405.961863   42.418960  (   0.00, 190.00,-932.64)
 |   444 Air                    7   14.784   0.0012  30528.8407   71998.1725      0.350   932.99  405.961875   42.418965  (   0.00, 190.00,-932.99)
 |   445 Aluminum              13   26.982   2.6990      8.8963      39.8672      0.100   933.09  405.973115   42.421474  (   0.00, 190.00,-933.09)
 |   446 Aluminum              13   26.982   2.6990      8.8963      39.8672      0.100   933.19  405.984356   42.423982  (   0.00, 190.00,-933.19)
 |   447 Air                    7   14.784   0.0012  30528.8407   71998.1725      0.350   933.54  405.984367   42.423987  (   0.00, 190.00,-933.54)
 |   448 PyrexGlass            10   20.495   2.2300     12.6748      43.5474      0.200   933.74  406.000147   42.428579  (   0.00, 190.00,-933.74)
 |   449 RPCGasDefault          8   16.809   0.0037   9559.7011   23915.1216      0.200   933.94  406.000168   42.428588  (   0.00, 190.00,-933.94)
 |   450 PyrexGlass            10   20.495   2.2300     12.6748      43.5474      0.200   934.14  406.015947   42.433181  (   0.00, 190.00,-934.14)
 |   451 Air                    7   14.784   0.0012  30528.8407   71998.1725      0.350   934.49  406.015959   42.433185  (   0.00, 190.00,-934.49)
 |   452 Aluminum              13   26.982   2.6990      8.8963      39.8672      0.100   934.59  406.027199   42.435694  (   0.00, 190.00,-934.59)
 |   453 Air                    7   14.784   0.0012  30528.8407   71998.1725      1.000   935.59  406.027232   42.435708  (   0.00, 190.00,-935.59)
 |   454 Iron                  26   55.845   7.8740      1.7575      17.1639     10.000   945.59  411.717155   43.018326  (   0.00, 190.00,-945.59)
 |   455 Aluminum              13   26.982   2.6990      8.8963      39.8672      0.100   945.69  411.728395   43.020834  (   0.00, 190.00,-945.69)
 |   456 Air                    7   14.784   0.0012  30528.8407   71998.1725      0.350   946.04  411.728407   43.020839  (   0.00, 190.00,-946.04)
 |   457 PyrexGlass            10   20.495   2.2300     12.6748      43.5474      0.200   946.24  411.744186   43.025432  (   0.00, 190.00,-946.24)
 |   458 RPCGasDefault          8   16.809   0.0037   9559.7011   23915.1216      0.200   946.44  411.744207   43.025440  (   0.00, 190.00,-946.44)
 |   459 PyrexGlass            10   20.495   2.2300     12.6748      43.5474      0.200   946.64  411.759986   43.030033  (   0.00, 190.00,-946.64)
 |   460 Air                    7   14.784   0.0012  30528.8407   71998.1725      0.350   946.99  411.759998   43.030038  (   0.00, 190.00,-946.99)
 |   461 Aluminum              13   26.982   2.6990      8.8963      39.8672      0.100   947.09  411.771238   43.032546  (   0.00, 190.00,-947.09)
 |   462 Aluminum              13   26.982   2.6990      8.8963      39.8672      0.100   947.19  411.782479   43.035054  (   0.00, 190.00,-947.19)
 |   463 Air                    7   14.784   0.0012  30528.8407   71998.1725      0.350   947.54  411.782491   43.035059  (   0.00, 190.00,-947.54)
 |   464 PyrexGlass            10   20.495   2.2300     12.6748      43.5474      0.200   947.74  411.798270   43.039652  (   0.00, 190.00,-947.74)
 |   465 RPCGasDefault          8   16.809   0.0037   9559.7011   23915.1216      0.200   947.94  411.798291   43.039660  (   0.00, 190.00,-947.94)
 |   466 PyrexGlass            10   20.495   2.2300     12.6748      43.5474      0.200   948.14  411.814070   43.044253  (   0.00, 190.00,-948.14)
 |   467 Air                    7   14.784   0.0012  30528.8407   71998.1725      0.350   948.49  411.814082   43.044258  (   0.00, 190.00,-948.49)
 |   468 Aluminum              13   26.982   2.6990      8.8963      39.8672      0.100   948.59  411.825322   43.046766  (   0.00, 190.00,-948.59)
 |   469 Air                    7   14.784   0.0012  30528.8407   71998.1725      1.000   949.59  411.825355   43.046780  (   0.00, 190.00,-949.59)
 |   470 Iron                  26   55.845   7.8740      1.7575      17.1639      0.410   950.00  412.058642   43.070667  (   0.00, 190.00,-950.00)
 +--------------------------------------------------------------------------------------------------------------------------------------------------
 |     0 Average Material      25   53.403   6.0618      2.3055      22.0568    950.000   950.00  412.058642   43.070667  (   0.00, 190.00,-950.00)
 +--------------------------------------------------------------------------------------------------------------------------------------------------
