materialScan compact_Lhe_dip_sol_ell_mat-LAr-EMC.xml 0. 0. -237. 0. 900. -237. >| materialScan_compact_Lhe_dip_sol_ell_mat-LAr-EMC_0_0_-237_0_900_-237_90deg_up.txt
TGeoManager: Changing system of units to ROOT units (cm, s, GeV).
DD4hep           WARN  ++ STD conditions NOT defined by client. NTP defaults taken.
VertexBarrelSupports_layer0 2.5 2.5 50.625
VertexBarrelSupports_layer1 4.5 4.5 51.7
 +--------------------------------------------------------------------------------------------------------------------------------------------------
 + Material scan between: x_0 = (   0.00,   0.00,-237.00) [cm] and x_1 = (   0.00, 900.00,-237.00) [cm] : 
 +--------------------------------------------------------------------------------------------------------------------------------------------------
 |     \   Material           Atomic                 Radiation   Interaction               Path   Integrated  Integrated    Material
 | Num. \  Name          Number/Z   Mass/A  Density    Length       Length    Thickness   Length      X0        Lambda      Endpoint  
 | Layer \                        [g/mole]  [g/cm3]     [cm]        [cm]          [cm]      [cm]     [cm]        [cm]     (     cm,     cm,     cm)
 +--------------------------------------------------------------------------------------------------------------------------------------------------
 |     1 Air                    7   14.784   0.0012  30528.8407   71998.1725      2.000     2.00    0.000066    0.000028  (   0.00,   2.00,-237.00)
 |     2 Beryllium              4    9.012   1.8480     35.2760      39.4488      0.400     2.40    0.011405    0.010167  (   0.00,   2.40,-237.00)
 |     3 Air                    7   14.784   0.0012  30528.8407   71998.1725     12.600    15.00    0.011817    0.010342  (   0.00,  15.00,-237.00)
 |     4 Silicon               14   28.085   2.3300      9.3661      45.7531     95.601   110.60   10.218944    2.099835  (   0.00, 110.60,-237.00)
 |     5 Air                    7   14.784   0.0012  30528.8407   71998.1725     31.402   142.00   10.219972    2.100271  (   0.00, 142.00,-237.00)
 |     6 Aluminum              13   26.982   2.6990      8.8963      39.8672      1.500   143.50   10.388581    2.137896  (   0.00, 143.50,-237.00)
 |     7 Aluminum              13   26.982   2.6990      8.8963      39.8672      3.000   146.50   10.725799    2.213146  (   0.00, 146.50,-237.00)
 |     8 Vacuum                 7   14.784   0.0000 3.66346e+11  8.63978e+11      3.000   149.50   10.725799    2.213146  (   0.00, 149.50,-237.00)
 |     9 Aluminum              13   26.982   2.6990      8.8963      39.8672      4.000   153.50   11.175424    2.313479  (   0.00, 153.50,-237.00)
 |    10 Air                    7   14.784   0.0012  30528.8407   71998.1725      0.500   154.00   11.175440    2.313486  (   0.00, 154.00,-237.00)
 |    11 Polystyrene            6   11.077   1.0320     42.5383      70.1339    148.250   302.25   14.660536    4.427300  (   0.00, 302.25,-237.00)
 |    12 Air                    7   14.784   0.0012  30528.8407   71998.1725     23.771   326.02   14.661315    4.427630  (   0.00, 326.02,-237.00)
 |    13 Aluminum              13   26.982   2.6990      8.8963      39.8672      0.100   326.12   14.672556    4.430138  (   0.00, 326.12,-237.00)
 |    14 Air                    7   14.784   0.0012  30528.8407   71998.1725      0.350   326.47   14.672567    4.430143  (   0.00, 326.47,-237.00)
 |    15 PyrexGlass            10   20.495   2.2300     12.6748      43.5474      0.200   326.67   14.688346    4.434736  (   0.00, 326.67,-237.00)
 |    16 RPCGasDefault          8   16.809   0.0037   9559.7011   23915.1216      0.200   326.87   14.688367    4.434744  (   0.00, 326.87,-237.00)
 |    17 PyrexGlass            10   20.495   2.2300     12.6748      43.5474      0.200   327.07   14.704147    4.439337  (   0.00, 327.07,-237.00)
 |    18 Air                    7   14.784   0.0012  30528.8407   71998.1725      0.350   327.42   14.704158    4.439342  (   0.00, 327.42,-237.00)
 |    19 Aluminum              13   26.982   2.6990      8.8963      39.8672      0.100   327.52   14.715399    4.441850  (   0.00, 327.52,-237.00)
 |    20 Aluminum              13   26.982   2.6990      8.8963      39.8672      0.100   327.62   14.726639    4.444359  (   0.00, 327.62,-237.00)
 |    21 Air                    7   14.784   0.0012  30528.8407   71998.1725      0.350   327.97   14.726651    4.444363  (   0.00, 327.97,-237.00)
 |    22 PyrexGlass            10   20.495   2.2300     12.6748      43.5474      0.200   328.17   14.742430    4.448956  (   0.00, 328.17,-237.00)
 |    23 RPCGasDefault          8   16.809   0.0037   9559.7011   23915.1216      0.200   328.37   14.742451    4.448964  (   0.00, 328.37,-237.00)
 |    24 PyrexGlass            10   20.495   2.2300     12.6748      43.5474      0.200   328.57   14.758231    4.453557  (   0.00, 328.57,-237.00)
 |    25 Air                    7   14.784   0.0012  30528.8407   71998.1725      0.350   328.92   14.758242    4.453562  (   0.00, 328.92,-237.00)
 |    26 Aluminum              13   26.982   2.6990      8.8963      39.8672      0.100   329.02   14.769483    4.456070  (   0.00, 329.02,-237.00)
 |    27 Air                    7   14.784   0.0012  30528.8407   71998.1725      1.000   330.02   14.769515    4.456084  (   0.00, 330.02,-237.00)
 |    28 Iron                  26   55.845   7.8740      1.7575      17.1639      5.000   335.02   17.614477    4.747393  (   0.00, 335.02,-237.00)
 |    29 Aluminum              13   26.982   2.6990      8.8963      39.8672      0.100   335.12   17.625717    4.749902  (   0.00, 335.12,-237.00)
 |    30 Air                    7   14.784   0.0012  30528.8407   71998.1725      0.350   335.47   17.625729    4.749907  (   0.00, 335.47,-237.00)
 |    31 PyrexGlass            10   20.495   2.2300     12.6748      43.5474      0.200   335.67   17.641508    4.754499  (   0.00, 335.67,-237.00)
 |    32 RPCGasDefault          8   16.809   0.0037   9559.7011   23915.1216      0.200   335.87   17.641529    4.754508  (   0.00, 335.87,-237.00)
 |    33 PyrexGlass            10   20.495   2.2300     12.6748      43.5474      0.200   336.07   17.657308    4.759100  (   0.00, 336.07,-237.00)
 |    34 Air                    7   14.784   0.0012  30528.8407   71998.1725      0.350   336.42   17.657320    4.759105  (   0.00, 336.42,-237.00)
 |    35 Aluminum              13   26.982   2.6990      8.8963      39.8672      0.100   336.52   17.668561    4.761614  (   0.00, 336.52,-237.00)
 |    36 Aluminum              13   26.982   2.6990      8.8963      39.8672      0.100   336.62   17.679801    4.764122  (   0.00, 336.62,-237.00)
 |    37 Air                    7   14.784   0.0012  30528.8407   71998.1725      0.350   336.97   17.679813    4.764127  (   0.00, 336.97,-237.00)
 |    38 PyrexGlass            10   20.495   2.2300     12.6748      43.5474      0.200   337.17   17.695592    4.768719  (   0.00, 337.17,-237.00)
 |    39 RPCGasDefault          8   16.809   0.0037   9559.7011   23915.1216      0.200   337.37   17.695613    4.768728  (   0.00, 337.37,-237.00)
 |    40 PyrexGlass            10   20.495   2.2300     12.6748      43.5474      0.200   337.57   17.711392    4.773320  (   0.00, 337.57,-237.00)
 |    41 Air                    7   14.784   0.0012  30528.8407   71998.1725      0.350   337.92   17.711404    4.773325  (   0.00, 337.92,-237.00)
 |    42 Aluminum              13   26.982   2.6990      8.8963      39.8672      0.100   338.02   17.722644    4.775834  (   0.00, 338.02,-237.00)
 |    43 Air                    7   14.784   0.0012  30528.8407   71998.1725      1.000   339.02   17.722677    4.775848  (   0.00, 339.02,-237.00)
 |    44 Iron                  26   55.845   7.8740      1.7575      17.1639     20.000   359.02   29.102522    5.941084  (   0.00, 359.02,-237.00)
 |    45 Aluminum              13   26.982   2.6990      8.8963      39.8672      0.100   359.12   29.113763    5.943592  (   0.00, 359.12,-237.00)
 |    46 Air                    7   14.784   0.0012  30528.8407   71998.1725      0.350   359.47   29.113774    5.943597  (   0.00, 359.47,-237.00)
 |    47 PyrexGlass            10   20.495   2.2300     12.6748      43.5474      0.200   359.67   29.129554    5.948190  (   0.00, 359.67,-237.00)
 |    48 RPCGasDefault          8   16.809   0.0037   9559.7011   23915.1216      0.200   359.87   29.129575    5.948198  (   0.00, 359.87,-237.00)
 |    49 PyrexGlass            10   20.495   2.2300     12.6748      43.5474      0.200   360.07   29.145354    5.952791  (   0.00, 360.07,-237.00)
 |    50 Air                    7   14.784   0.0012  30528.8407   71998.1725      0.350   360.42   29.145366    5.952796  (   0.00, 360.42,-237.00)
 |    51 Aluminum              13   26.982   2.6990      8.8963      39.8672      0.100   360.52   29.156606    5.955304  (   0.00, 360.52,-237.00)
 |    52 Aluminum              13   26.982   2.6990      8.8963      39.8672      0.100   360.62   29.167847    5.957813  (   0.00, 360.62,-237.00)
 |    53 Air                    7   14.784   0.0012  30528.8407   71998.1725      0.350   360.97   29.167858    5.957817  (   0.00, 360.97,-237.00)
 |    54 PyrexGlass            10   20.495   2.2300     12.6748      43.5474      0.200   361.17   29.183638    5.962410  (   0.00, 361.17,-237.00)
 |    55 RPCGasDefault          8   16.809   0.0037   9559.7011   23915.1216      0.200   361.37   29.183659    5.962418  (   0.00, 361.37,-237.00)
 |    56 PyrexGlass            10   20.495   2.2300     12.6748      43.5474      0.200   361.57   29.199438    5.967011  (   0.00, 361.57,-237.00)
 |    57 Air                    7   14.784   0.0012  30528.8407   71998.1725      0.350   361.92   29.199449    5.967016  (   0.00, 361.92,-237.00)
 |    58 Aluminum              13   26.982   2.6990      8.8963      39.8672      0.100   362.02   29.210690    5.969524  (   0.00, 362.02,-237.00)
 |    59 Air                    7   14.784   0.0012  30528.8407   71998.1725      1.000   363.02   29.210723    5.969538  (   0.00, 363.02,-237.00)
 |    60 Iron                  26   55.845   7.8740      1.7575      17.1639     10.000   373.02   34.900645    6.552156  (   0.00, 373.02,-237.00)
 |    61 Aluminum              13   26.982   2.6990      8.8963      39.8672      0.100   373.12   34.911886    6.554665  (   0.00, 373.12,-237.00)
 |    62 Air                    7   14.784   0.0012  30528.8407   71998.1725      0.350   373.47   34.911897    6.554670  (   0.00, 373.47,-237.00)
 |    63 PyrexGlass            10   20.495   2.2300     12.6748      43.5474      0.200   373.67   34.927677    6.559262  (   0.00, 373.67,-237.00)
 |    64 RPCGasDefault          8   16.809   0.0037   9559.7011   23915.1216      0.200   373.87   34.927698    6.559271  (   0.00, 373.87,-237.00)
 |    65 PyrexGlass            10   20.495   2.2300     12.6748      43.5474      0.200   374.07   34.943477    6.563863  (   0.00, 374.07,-237.00)
 |    66 Air                    7   14.784   0.0012  30528.8407   71998.1725      0.350   374.42   34.943489    6.563868  (   0.00, 374.42,-237.00)
 |    67 Aluminum              13   26.982   2.6990      8.8963      39.8672      0.100   374.52   34.954729    6.566377  (   0.00, 374.52,-237.00)
 |    68 Aluminum              13   26.982   2.6990      8.8963      39.8672      0.100   374.62   34.965970    6.568885  (   0.00, 374.62,-237.00)
 |    69 Air                    7   14.784   0.0012  30528.8407   71998.1725      0.350   374.97   34.965981    6.568890  (   0.00, 374.97,-237.00)
 |    70 PyrexGlass            10   20.495   2.2300     12.6748      43.5474      0.200   375.17   34.981761    6.573483  (   0.00, 375.17,-237.00)
 |    71 RPCGasDefault          8   16.809   0.0037   9559.7011   23915.1216      0.200   375.37   34.981782    6.573491  (   0.00, 375.37,-237.00)
 |    72 PyrexGlass            10   20.495   2.2300     12.6748      43.5474      0.200   375.57   34.997561    6.578084  (   0.00, 375.57,-237.00)
 |    73 Air                    7   14.784   0.0012  30528.8407   71998.1725      0.350   375.92   34.997572    6.578088  (   0.00, 375.92,-237.00)
 |    74 Aluminum              13   26.982   2.6990      8.8963      39.8672      0.100   376.02   35.008813    6.580597  (   0.00, 376.02,-237.00)
 |    75 Air                    7   14.784   0.0012  30528.8407   71998.1725      1.000   377.02   35.008846    6.580611  (   0.00, 377.02,-237.00)
 |    76 Iron                  26   55.845   7.8740      1.7575      17.1639     10.000   387.02   40.698768    7.163229  (   0.00, 387.02,-237.00)
 |    77 Aluminum              13   26.982   2.6990      8.8963      39.8672      0.100   387.12   40.710009    7.165737  (   0.00, 387.12,-237.00)
 |    78 Air                    7   14.784   0.0012  30528.8407   71998.1725      0.350   387.47   40.710020    7.165742  (   0.00, 387.47,-237.00)
 |    79 PyrexGlass            10   20.495   2.2300     12.6748      43.5474      0.200   387.67   40.725800    7.170335  (   0.00, 387.67,-237.00)
 |    80 RPCGasDefault          8   16.809   0.0037   9559.7011   23915.1216      0.200   387.87   40.725821    7.170343  (   0.00, 387.87,-237.00)
 |    81 PyrexGlass            10   20.495   2.2300     12.6748      43.5474      0.200   388.07   40.741600    7.174936  (   0.00, 388.07,-237.00)
 |    82 Air                    7   14.784   0.0012  30528.8407   71998.1725      0.350   388.42   40.741612    7.174941  (   0.00, 388.42,-237.00)
 |    83 Aluminum              13   26.982   2.6990      8.8963      39.8672      0.100   388.52   40.752852    7.177449  (   0.00, 388.52,-237.00)
 |    84 Aluminum              13   26.982   2.6990      8.8963      39.8672      0.100   388.62   40.764093    7.179957  (   0.00, 388.62,-237.00)
 |    85 Air                    7   14.784   0.0012  30528.8407   71998.1725      0.350   388.97   40.764104    7.179962  (   0.00, 388.97,-237.00)
 |    86 PyrexGlass            10   20.495   2.2300     12.6748      43.5474      0.200   389.17   40.779884    7.184555  (   0.00, 389.17,-237.00)
 |    87 RPCGasDefault          8   16.809   0.0037   9559.7011   23915.1216      0.200   389.37   40.779905    7.184563  (   0.00, 389.37,-237.00)
 |    88 PyrexGlass            10   20.495   2.2300     12.6748      43.5474      0.200   389.57   40.795684    7.189156  (   0.00, 389.57,-237.00)
 |    89 Air                    7   14.784   0.0012  30528.8407   71998.1725      0.350   389.92   40.795695    7.189161  (   0.00, 389.92,-237.00)
 |    90 Aluminum              13   26.982   2.6990      8.8963      39.8672      0.100   390.02   40.806936    7.191669  (   0.00, 390.02,-237.00)
 |    91 Air                    7   14.784   0.0012  30528.8407   71998.1725      1.000   391.02   40.806969    7.191683  (   0.00, 391.02,-237.00)
 |    92 Iron                  26   55.845   7.8740      1.7575      17.1639     10.000   401.02   46.496891    7.774301  (   0.00, 401.02,-237.00)
 |    93 Aluminum              13   26.982   2.6990      8.8963      39.8672      0.100   401.12   46.508132    7.776810  (   0.00, 401.12,-237.00)
 |    94 Air                    7   14.784   0.0012  30528.8407   71998.1725      0.350   401.47   46.508144    7.776815  (   0.00, 401.47,-237.00)
 |    95 PyrexGlass            10   20.495   2.2300     12.6748      43.5474      0.200   401.67   46.523923    7.781407  (   0.00, 401.67,-237.00)
 |    96 RPCGasDefault          8   16.809   0.0037   9559.7011   23915.1216      0.200   401.87   46.523944    7.781416  (   0.00, 401.87,-237.00)
 |    97 PyrexGlass            10   20.495   2.2300     12.6748      43.5474      0.200   402.07   46.539723    7.786008  (   0.00, 402.07,-237.00)
 |    98 Air                    7   14.784   0.0012  30528.8407   71998.1725      0.350   402.42   46.539735    7.786013  (   0.00, 402.42,-237.00)
 |    99 Aluminum              13   26.982   2.6990      8.8963      39.8672      0.100   402.52   46.550975    7.788521  (   0.00, 402.52,-237.00)
 |   100 Aluminum              13   26.982   2.6990      8.8963      39.8672      0.100   402.62   46.562216    7.791030  (   0.00, 402.62,-237.00)
 |   101 Air                    7   14.784   0.0012  30528.8407   71998.1725      0.350   402.97   46.562227    7.791035  (   0.00, 402.97,-237.00)
 |   102 PyrexGlass            10   20.495   2.2300     12.6748      43.5474      0.200   403.17   46.578007    7.795627  (   0.00, 403.17,-237.00)
 |   103 RPCGasDefault          8   16.809   0.0037   9559.7011   23915.1216      0.200   403.37   46.578028    7.795636  (   0.00, 403.37,-237.00)
 |   104 PyrexGlass            10   20.495   2.2300     12.6748      43.5474      0.200   403.57   46.593807    7.800228  (   0.00, 403.57,-237.00)
 |   105 Air                    7   14.784   0.0012  30528.8407   71998.1725      0.350   403.92   46.593819    7.800233  (   0.00, 403.92,-237.00)
 |   106 Aluminum              13   26.982   2.6990      8.8963      39.8672      0.100   404.02   46.605059    7.802742  (   0.00, 404.02,-237.00)
 |   107 Air                    7   14.784   0.0012  30528.8407   71998.1725      1.000   405.02   46.605092    7.802756  (   0.00, 405.02,-237.00)
 |   108 Iron                  26   55.845   7.8740      1.7575      17.1639     10.000   415.02   52.295014    8.385374  (   0.00, 415.02,-237.00)
 |   109 Aluminum              13   26.982   2.6990      8.8963      39.8672      0.100   415.12   52.306255    8.387882  (   0.00, 415.12,-237.00)
 |   110 Air                    7   14.784   0.0012  30528.8407   71998.1725      0.350   415.47   52.306267    8.387887  (   0.00, 415.47,-237.00)
 |   111 PyrexGlass            10   20.495   2.2300     12.6748      43.5474      0.200   415.67   52.322046    8.392480  (   0.00, 415.67,-237.00)
 |   112 RPCGasDefault          8   16.809   0.0037   9559.7011   23915.1216      0.200   415.87   52.322067    8.392488  (   0.00, 415.87,-237.00)
 |   113 PyrexGlass            10   20.495   2.2300     12.6748      43.5474      0.200   416.07   52.337846    8.397081  (   0.00, 416.07,-237.00)
 |   114 Air                    7   14.784   0.0012  30528.8407   71998.1725      0.350   416.42   52.337858    8.397086  (   0.00, 416.42,-237.00)
 |   115 Aluminum              13   26.982   2.6990      8.8963      39.8672      0.100   416.52   52.349098    8.399594  (   0.00, 416.52,-237.00)
 |   116 Aluminum              13   26.982   2.6990      8.8963      39.8672      0.100   416.62   52.360339    8.402102  (   0.00, 416.62,-237.00)
 |   117 Air                    7   14.784   0.0012  30528.8407   71998.1725      0.350   416.97   52.360350    8.402107  (   0.00, 416.97,-237.00)
 |   118 PyrexGlass            10   20.495   2.2300     12.6748      43.5474      0.200   417.17   52.376130    8.406700  (   0.00, 417.17,-237.00)
 |   119 RPCGasDefault          8   16.809   0.0037   9559.7011   23915.1216      0.200   417.37   52.376151    8.406708  (   0.00, 417.37,-237.00)
 |   120 PyrexGlass            10   20.495   2.2300     12.6748      43.5474      0.200   417.57   52.391930    8.411301  (   0.00, 417.57,-237.00)
 |   121 Air                    7   14.784   0.0012  30528.8407   71998.1725      0.350   417.92   52.391942    8.411306  (   0.00, 417.92,-237.00)
 |   122 Aluminum              13   26.982   2.6990      8.8963      39.8672      0.100   418.02   52.403182    8.413814  (   0.00, 418.02,-237.00)
 |   123 Air                    7   14.784   0.0012  30528.8407   71998.1725      1.000   419.02   52.403215    8.413828  (   0.00, 419.02,-237.00)
 |   124 Iron                  26   55.845   7.8740      1.7575      17.1639     10.000   429.02   58.093138    8.996446  (   0.00, 429.02,-237.00)
 |   125 Aluminum              13   26.982   2.6990      8.8963      39.8672      0.100   429.12   58.104378    8.998955  (   0.00, 429.12,-237.00)
 |   126 Air                    7   14.784   0.0012  30528.8407   71998.1725      0.350   429.47   58.104390    8.998959  (   0.00, 429.47,-237.00)
 |   127 PyrexGlass            10   20.495   2.2300     12.6748      43.5474      0.200   429.67   58.120169    9.003552  (   0.00, 429.67,-237.00)
 |   128 RPCGasDefault          8   16.809   0.0037   9559.7011   23915.1216      0.200   429.87   58.120190    9.003560  (   0.00, 429.87,-237.00)
 |   129 PyrexGlass            10   20.495   2.2300     12.6748      43.5474      0.200   430.07   58.135969    9.008153  (   0.00, 430.07,-237.00)
 |   130 Air                    7   14.784   0.0012  30528.8407   71998.1725      0.350   430.42   58.135981    9.008158  (   0.00, 430.42,-237.00)
 |   131 Aluminum              13   26.982   2.6990      8.8963      39.8672      0.100   430.52   58.147221    9.010666  (   0.00, 430.52,-237.00)
 |   132 Aluminum              13   26.982   2.6990      8.8963      39.8672      0.100   430.62   58.158462    9.013175  (   0.00, 430.62,-237.00)
 |   133 Air                    7   14.784   0.0012  30528.8407   71998.1725      0.350   430.97   58.158473    9.013180  (   0.00, 430.97,-237.00)
 |   134 PyrexGlass            10   20.495   2.2300     12.6748      43.5474      0.200   431.17   58.174253    9.017772  (   0.00, 431.17,-237.00)
 |   135 RPCGasDefault          8   16.809   0.0037   9559.7011   23915.1216      0.200   431.37   58.174274    9.017781  (   0.00, 431.37,-237.00)
 |   136 PyrexGlass            10   20.495   2.2300     12.6748      43.5474      0.200   431.57   58.190053    9.022373  (   0.00, 431.57,-237.00)
 |   137 Air                    7   14.784   0.0012  30528.8407   71998.1725      0.350   431.92   58.190065    9.022378  (   0.00, 431.92,-237.00)
 |   138 Aluminum              13   26.982   2.6990      8.8963      39.8672      0.100   432.02   58.201305    9.024886  (   0.00, 432.02,-237.00)
 |   139 Air                    7   14.784   0.0012  30528.8407   71998.1725      1.000   433.02   58.201338    9.024900  (   0.00, 433.02,-237.00)
 |   140 Iron                  26   55.845   7.8740      1.7575      17.1639     10.000   443.02   63.891261    9.607519  (   0.00, 443.02,-237.00)
 |   141 Aluminum              13   26.982   2.6990      8.8963      39.8672      0.100   443.12   63.902501    9.610027  (   0.00, 443.12,-237.00)
 |   142 Air                    7   14.784   0.0012  30528.8407   71998.1725      0.350   443.47   63.902513    9.610032  (   0.00, 443.47,-237.00)
 |   143 PyrexGlass            10   20.495   2.2300     12.6748      43.5474      0.200   443.67   63.918292    9.614625  (   0.00, 443.67,-237.00)
 |   144 RPCGasDefault          8   16.809   0.0037   9559.7011   23915.1216      0.200   443.87   63.918313    9.614633  (   0.00, 443.87,-237.00)
 |   145 PyrexGlass            10   20.495   2.2300     12.6748      43.5474      0.200   444.07   63.934092    9.619226  (   0.00, 444.07,-237.00)
 |   146 Air                    7   14.784   0.0012  30528.8407   71998.1725      0.350   444.42   63.934104    9.619230  (   0.00, 444.42,-237.00)
 |   147 Aluminum              13   26.982   2.6990      8.8963      39.8672      0.100   444.52   63.945344    9.621739  (   0.00, 444.52,-237.00)
 |   148 Aluminum              13   26.982   2.6990      8.8963      39.8672      0.100   444.62   63.956585    9.624247  (   0.00, 444.62,-237.00)
 |   149 Air                    7   14.784   0.0012  30528.8407   71998.1725      0.350   444.97   63.956596    9.624252  (   0.00, 444.97,-237.00)
 |   150 PyrexGlass            10   20.495   2.2300     12.6748      43.5474      0.200   445.17   63.972376    9.628845  (   0.00, 445.17,-237.00)
 |   151 RPCGasDefault          8   16.809   0.0037   9559.7011   23915.1216      0.200   445.37   63.972397    9.628853  (   0.00, 445.37,-237.00)
 |   152 PyrexGlass            10   20.495   2.2300     12.6748      43.5474      0.200   445.57   63.988176    9.633446  (   0.00, 445.57,-237.00)
 |   153 Air                    7   14.784   0.0012  30528.8407   71998.1725      0.350   445.92   63.988188    9.633451  (   0.00, 445.92,-237.00)
 |   154 Aluminum              13   26.982   2.6990      8.8963      39.8672      0.100   446.02   63.999428    9.635959  (   0.00, 446.02,-237.00)
 |   155 Air                    7   14.784   0.0012  30528.8407   71998.1725      1.000   447.02   63.999461    9.635973  (   0.00, 447.02,-237.00)
 |   156 Iron                  26   55.845   7.8740      1.7575      17.1639     20.000   467.02   75.379306   10.801209  (   0.00, 467.02,-237.00)
 |   157 Air                    7   14.784   0.0012  30528.8407   71998.1725    432.976   900.00   75.393489   10.807223  (   0.00, 900.00,-237.00)
 +--------------------------------------------------------------------------------------------------------------------------------------------------
 |     0 Average Material      15   32.395   1.3918     11.9374      83.2776    900.000   900.00   75.393489   10.807223  (   0.00, 900.00,-237.00)
 +--------------------------------------------------------------------------------------------------------------------------------------------------
