 materialScan compact_Lhe_dip_sol_ell_mat-LAr-EMC.xml 0. 0. -378. 0. 900. -350. > materialScan_compact_Lhe_dip_sol_ell_mat-LAr-EMC_0_0_-378_0_900_-350_90deg_up.txt
TGeoManager: Changing system of units to ROOT units (cm, s, GeV).
DD4hep           WARN  ++ STD conditions NOT defined by client. NTP defaults taken.
VertexBarrelSupports_layer0 2.5 2.5 50.625
VertexBarrelSupports_layer1 4.5 4.5 51.7
 +--------------------------------------------------------------------------------------------------------------------------------------------------
 + Material scan between: x_0 = (   0.00,   0.00,-378.00) [cm] and x_1 = (   0.00, 900.00,-350.00) [cm] : 
 +--------------------------------------------------------------------------------------------------------------------------------------------------
 |     \   Material           Atomic                 Radiation   Interaction               Path   Integrated  Integrated    Material
 | Num. \  Name          Number/Z   Mass/A  Density    Length       Length    Thickness   Length      X0        Lambda      Endpoint  
 | Layer \                        [g/mole]  [g/cm3]     [cm]        [cm]          [cm]      [cm]     [cm]        [cm]     (     cm,     cm,     cm)
 +--------------------------------------------------------------------------------------------------------------------------------------------------
 |     1 Air                    7   14.784   0.0012  30528.8407   71998.1725     15.007    15.01    0.000492    0.000208  (   0.00,  15.00,-377.53)
 |     2 Copper                29   63.546   8.9600      1.4356      15.6778      5.253    20.26    3.659327    0.335239  (   0.00,  20.25,-377.37)
 |     3 Silicon               14   28.085   2.3300      9.3661      45.7531      1.029    21.29    3.769199    0.357731  (   0.00,  21.28,-377.34)
 |     4 Copper                29   63.546   8.9600      1.4356      15.6778      0.161    21.45    3.881204    0.367987  (   0.00,  21.44,-377.33)
 |     5 Kapton                 6   12.701   1.4300     28.3749      55.9194      0.965    22.41    3.915204    0.385239  (   0.00,  22.40,-377.30)
 |     6 Air                    7   14.784   0.0012  30528.8407   71998.1725      1.061    23.48    3.915239    0.385254  (   0.00,  23.46,-377.27)
 |     7 Copper                29   63.546   8.9600      1.4356      15.6778     24.119    47.59   20.716014    1.923659  (   0.00,  47.57,-376.52)
 |     8 Silicon               14   28.085   2.3300      9.3661      45.7531      1.029    48.62   20.825886    1.946151  (   0.00,  48.60,-376.49)
 |     9 Copper                29   63.546   8.9600      1.4356      15.6778      0.161    48.78   20.937891    1.956407  (   0.00,  48.76,-376.48)
 |    10 Kapton                 6   12.701   1.4300     28.3749      55.9194      0.965    49.75   20.971891    1.973659  (   0.00,  49.72,-376.45)
 |    11 Air                    7   14.784   0.0012  30528.8407   71998.1725      1.061    50.81   20.971926    1.973674  (   0.00,  50.79,-376.42)
 |    12 Copper                29   63.546   8.9600      1.4356      15.6778     24.119    74.93   37.772701    3.512079  (   0.00,  74.89,-375.67)
 |    13 Silicon               14   28.085   2.3300      9.3661      45.7531      1.029    75.96   37.882573    3.534571  (   0.00,  75.92,-375.64)
 |    14 Copper                29   63.546   8.9600      1.4356      15.6778      0.161    76.12   37.994578    3.544827  (   0.00,  76.08,-375.63)
 |    15 Kapton                 6   12.701   1.4300     28.3749      55.9194      0.965    77.08   38.028578    3.562079  (   0.00,  77.05,-375.60)
 |    16 Air                    7   14.784   0.0012  30528.8407   71998.1725      1.061    78.14   38.028613    3.562094  (   0.00,  78.11,-375.57)
 |    17 Copper                29   63.546   8.9600      1.4356      15.6778     24.119   102.26   54.829388    5.100499  (   0.00, 102.21,-374.82)
 |    18 Silicon               14   28.085   2.3300      9.3661      45.7531      1.029   103.29   54.939260    5.122991  (   0.00, 103.24,-374.79)
 |    19 Copper                29   63.546   8.9600      1.4356      15.6778      0.161   103.45   55.051265    5.133247  (   0.00, 103.40,-374.78)
 |    20 Kapton                 6   12.701   1.4300     28.3749      55.9194      0.965   104.42   55.085265    5.150499  (   0.00, 104.37,-374.75)
 |    21 Air                    7   14.784   0.0012  30528.8407   71998.1725      1.061   105.48   55.085300    5.150514  (   0.00, 105.43,-374.72)
 |    22 Copper                29   63.546   8.9600      1.4356      15.6778      3.242   108.72   57.343583    5.357299  (   0.00, 108.67,-374.62)
 |    23 Air                    7   14.784   0.0012  30528.8407   71998.1725    500.000   608.72   57.359961    5.364244  (   0.00, 608.43,-359.07)
 |    24 Air                    7   14.784   0.0012  30528.8407   71998.1725    291.714   900.44   57.369516    5.368296  (   0.00, 900.00,-350.00)
 +--------------------------------------------------------------------------------------------------------------------------------------------------
 |     0 Average Material      28   60.512   0.8288     15.6954     167.7321    900.435   900.44   57.369516    5.368296  (   0.00, 900.00,-350.00)
 +--------------------------------------------------------------------------------------------------------------------------------------------------
