materialScan compact_Fhe_dip_sol_ell_mat-LAr-EMC.xml 0. 0. -520. 0. 900. -560. >| materialScan_compact_Fhe_dip_sol_ell_mat-LAr-EMC_0_0_-520_0_900_-560.txt
TGeoManager: Changing system of units to ROOT units (cm, s, GeV).
DD4hep           WARN  ++ STD conditions NOT defined by client. NTP defaults taken.
VertexBarrelSupports_layer0 4.6 4.6 51.75
TGeoTube::SetTubeDimensions: In shape TGeoTube wrong rmin=37.869 rmax=15.591
 +--------------------------------------------------------------------------------------------------------------------------------------------------
 + Material scan between: x_0 = (   0.00,   0.00,-520.00) [cm] and x_1 = (   0.00, 900.00,-560.00) [cm] : 
 +--------------------------------------------------------------------------------------------------------------------------------------------------
 |     \   Material           Atomic                 Radiation   Interaction               Path   Integrated  Integrated    Material
 | Num. \  Name          Number/Z   Mass/A  Density    Length       Length    Thickness   Length      X0        Lambda      Endpoint  
 | Layer \                        [g/mole]  [g/cm3]     [cm]        [cm]          [cm]      [cm]     [cm]        [cm]     (     cm,     cm,     cm)
 +--------------------------------------------------------------------------------------------------------------------------------------------------
 |     1 Air                    7   14.784   0.0012  30528.8407   71998.1725     21.112    21.11    0.000692    0.000293  (   0.00,  21.09,-520.94)
 |     2 Copper                29   63.546   8.9600      1.4356      15.6778      7.041    28.15    4.905300    0.449396  (   0.00,  28.13,-521.25)
 |     3 Air                    7   14.784   0.0012  30528.8407   71998.1725      0.743    28.90    4.905325    0.449406  (   0.00,  28.87,-521.28)
 |     4 Kapton                 6   12.701   1.4300     28.3749      55.9194      0.676    29.57    4.929137    0.461489  (   0.00,  29.54,-521.31)
 |     5 Copper                29   63.546   8.9600      1.4356      15.6778      0.113    29.68    5.007580    0.468672  (   0.00,  29.66,-521.32)
 |     6 Silicon               14   28.085   2.3300      9.3661      45.7531      0.721    30.40    5.084529    0.484424  (   0.00,  30.38,-521.35)
 |     7 Copper                29   63.546   8.9600      1.4356      15.6778     22.522    52.93   20.773141    1.920991  (   0.00,  52.88,-522.35)
 |     8 Air                    7   14.784   0.0012  30528.8407   71998.1725      0.743    53.67   20.773165    1.921001  (   0.00,  53.62,-522.38)
 |     9 Kapton                 6   12.701   1.4300     28.3749      55.9194      0.676    54.35   20.796977    1.933084  (   0.00,  54.29,-522.41)
 |    10 Copper                29   63.546   8.9600      1.4356      15.6778      0.113    54.46   20.875421    1.940267  (   0.00,  54.41,-522.42)
 |    11 Silicon               14   28.085   2.3300      9.3661      45.7531      0.721    55.18   20.952370    1.956019  (   0.00,  55.13,-522.45)
 |    12 Copper                29   63.546   8.9600      1.4356      15.6778     22.522    77.70   36.640982    3.392586  (   0.00,  77.63,-523.45)
 |    13 Air                    7   14.784   0.0012  30528.8407   71998.1725      0.743    78.44   36.641006    3.392597  (   0.00,  78.37,-523.48)
 |    14 Kapton                 6   12.701   1.4300     28.3749      55.9194      0.676    79.12   36.664818    3.404679  (   0.00,  79.04,-523.51)
 |    15 Copper                29   63.546   8.9600      1.4356      15.6778      0.113    79.23   36.743261    3.411862  (   0.00,  79.16,-523.52)
 |    16 Silicon               14   28.085   2.3300      9.3661      45.7531      0.721    79.95   36.820210    3.427614  (   0.00,  79.88,-523.55)
 |    17 Copper                29   63.546   8.9600      1.4356      15.6778     22.522   102.48   52.508822    4.864181  (   0.00, 102.38,-524.55)
 |    18 Air                    7   14.784   0.0012  30528.8407   71998.1725      0.743   103.22   52.508847    4.864192  (   0.00, 103.12,-524.58)
 |    19 Kapton                 6   12.701   1.4300     28.3749      55.9194      0.676   103.89   52.532659    4.876275  (   0.00, 103.79,-524.61)
 |    20 Copper                29   63.546   8.9600      1.4356      15.6778      0.113   104.01   52.611102    4.883457  (   0.00, 103.91,-524.62)
 |    21 Silicon               14   28.085   2.3300      9.3661      45.7531      0.721   104.73   52.688051    4.899210  (   0.00, 104.63,-524.65)
 |    22 Copper                29   63.546   8.9600      1.4356      15.6778     22.522   127.25   68.376663    6.335777  (   0.00, 127.13,-525.65)
 |    23 Air                    7   14.784   0.0012  30528.8407   71998.1725      0.743   127.99   68.376687    6.335787  (   0.00, 127.87,-525.68)
 |    24 Kapton                 6   12.701   1.4300     28.3749      55.9194      0.676   128.67   68.400500    6.347870  (   0.00, 128.54,-525.71)
 |    25 Copper                29   63.546   8.9600      1.4356      15.6778      0.113   128.78   68.478943    6.355053  (   0.00, 128.66,-525.72)
 |    26 Silicon               14   28.085   2.3300      9.3661      45.7531      0.721   129.50   68.555892    6.370805  (   0.00, 129.38,-525.75)
 |    27 Copper                29   63.546   8.9600      1.4356      15.6778      3.110   132.61   70.722045    6.569154  (   0.00, 132.48,-525.89)
 |    28 Air                    7   14.784   0.0012  30528.8407   71998.1725     34.207   166.82   70.723165    6.569629  (   0.00, 166.66,-527.41)
 |    29 Aluminum              13   26.982   2.6990      8.8963      39.8672      1.501   168.32   70.891941    6.607291  (   0.00, 168.16,-527.47)
 |    30 Aluminum              13   26.982   2.6990      8.8963      39.8672      3.003   171.32   71.229492    6.682615  (   0.00, 171.16,-527.61)
 |    31 Vacuum                 7   14.784   0.0000 3.66346e+11  8.63978e+11      3.003   174.33   71.229492    6.682615  (   0.00, 174.16,-527.74)
 |    32 Aluminum              13   26.982   2.6990      8.8963      39.8672      4.004   178.33   71.679560    6.783047  (   0.00, 178.16,-527.92)
 |    33 Air                    7   14.784   0.0012  30528.8407   71998.1725      0.500   178.83   71.679576    6.783054  (   0.00, 178.66,-527.94)
 |    34 Steel235              26   55.757   7.8500      1.7653      17.1928     46.391   225.22   97.959493    9.481315  (   0.00, 225.00,-530.00)
 |    35 Air                    7   14.784   0.0012  30528.8407   71998.1725      3.378   228.60   97.959604    9.481362  (   0.00, 228.38,-530.15)
 |    36 Polystyrene            6   11.077   1.0320     42.5383      70.1339     11.261   239.86   98.224333    9.641928  (   0.00, 239.63,-530.65)
 |    37 Steel235              26   55.757   7.8500      1.7653      17.1928     49.549   289.41  126.293326   12.523879  (   0.00, 289.13,-532.85)
 |    38 Air                    7   14.784   0.0012  30528.8407   71998.1725      3.378   292.79  126.293437   12.523926  (   0.00, 292.50,-533.00)
 |    39 Polystyrene            6   11.077   1.0320     42.5383      70.1339     11.261   304.05  126.558166   12.684492  (   0.00, 303.75,-533.50)
 |    40 Steel235              26   55.757   7.8500      1.7653      17.1928     49.549   353.60  154.627160   15.566444  (   0.00, 353.25,-535.70)
 |    41 Air                    7   14.784   0.0012  30528.8407   71998.1725      3.378   356.98  154.627270   15.566491  (   0.00, 356.63,-535.85)
 |    42 Polystyrene            6   11.077   1.0320     42.5383      70.1339     11.261   368.24  154.891999   15.727057  (   0.00, 367.88,-536.35)
 |    43 Steel235              26   55.757   7.8500      1.7653      17.1928     49.549   417.79  182.960993   18.609009  (   0.00, 417.38,-538.55)
 |    44 Air                    7   14.784   0.0012  30528.8407   71998.1725      3.378   421.17  182.961104   18.609055  (   0.00, 420.75,-538.70)
 |    45 Polystyrene            6   11.077   1.0320     42.5383      70.1339     11.261   432.43  183.225832   18.769621  (   0.00, 432.00,-539.20)
 |    46 Steel235              26   55.757   7.8500      1.7653      17.1928     44.199   476.63  208.263975   21.340384  (   0.00, 476.16,-541.16)
 |    47 Air                    7   14.784   0.0012  30528.8407   71998.1725     36.293   512.92  208.265164   21.340888  (   0.00, 512.41,-542.77)
 |    48 Aluminum              13   26.982   2.6990      8.8963      39.8672      0.100   513.02  208.276415   21.343399  (   0.00, 512.51,-542.78)
 |    49 Air                    7   14.784   0.0012  30528.8407   71998.1725      0.350   513.37  208.276427   21.343404  (   0.00, 512.86,-542.79)
 |    50 PyrexGlass            10   20.495   2.2300     12.6748      43.5474      0.200   513.57  208.292222   21.348001  (   0.00, 513.06,-542.80)
 |    51 RPCGasDefault          8   16.809   0.0037   9559.7011   23915.1216      0.200   513.77  208.292243   21.348009  (   0.00, 513.26,-542.81)
 |    52 PyrexGlass            10   20.495   2.2300     12.6748      43.5474      0.200   513.97  208.308038   21.352606  (   0.00, 513.46,-542.82)
 |    53 Air                    7   14.784   0.0012  30528.8407   71998.1725      0.350   514.32  208.308049   21.352611  (   0.00, 513.81,-542.84)
 |    54 Aluminum              13   26.982   2.6990      8.8963      39.8672      0.100   514.42  208.319301   21.355122  (   0.00, 513.91,-542.84)
 |    55 Aluminum              13   26.982   2.6990      8.8963      39.8672      0.100   514.52  208.330552   21.357633  (   0.00, 514.01,-542.84)
 |    56 Air                    7   14.784   0.0012  30528.8407   71998.1725      0.350   514.87  208.330564   21.357638  (   0.00, 514.36,-542.86)
 |    57 PyrexGlass            10   20.495   2.2300     12.6748      43.5474      0.200   515.07  208.346359   21.362235  (   0.00, 514.56,-542.87)
 |    58 RPCGasDefault          8   16.809   0.0037   9559.7011   23915.1216      0.200   515.27  208.346380   21.362243  (   0.00, 514.76,-542.88)
 |    59 PyrexGlass            10   20.495   2.2300     12.6748      43.5474      0.200   515.47  208.362175   21.366841  (   0.00, 514.96,-542.89)
 |    60 Air                    7   14.784   0.0012  30528.8407   71998.1725      0.350   515.82  208.362186   21.366845  (   0.00, 515.31,-542.90)
 |    61 Aluminum              13   26.982   2.6990      8.8963      39.8672      0.100   515.92  208.373438   21.369356  (   0.00, 515.41,-542.91)
 |    62 Air                    7   14.784   0.0012  30528.8407   71998.1725      1.001   516.92  208.373471   21.369370  (   0.00, 516.41,-542.95)
 |    63 Iron                  26   55.845   7.8740      1.7575      17.1639      5.005   521.93  211.221241   21.660967  (   0.00, 521.41,-543.17)
 |    64 Aluminum              13   26.982   2.6990      8.8963      39.8672      0.100   522.03  211.232492   21.663478  (   0.00, 521.51,-543.18)
 |    65 Air                    7   14.784   0.0012  30528.8407   71998.1725      0.350   522.38  211.232504   21.663483  (   0.00, 521.86,-543.19)
 |    66 PyrexGlass            10   20.495   2.2300     12.6748      43.5474      0.200   522.58  211.248299   21.668080  (   0.00, 522.06,-543.20)
 |    67 RPCGasDefault          8   16.809   0.0037   9559.7011   23915.1216      0.200   522.78  211.248320   21.668088  (   0.00, 522.26,-543.21)
 |    68 PyrexGlass            10   20.495   2.2300     12.6748      43.5474      0.200   522.98  211.264115   21.672685  (   0.00, 522.46,-543.22)
 |    69 Air                    7   14.784   0.0012  30528.8407   71998.1725      0.350   523.33  211.264126   21.672690  (   0.00, 522.81,-543.24)
 |    70 Aluminum              13   26.982   2.6990      8.8963      39.8672      0.100   523.43  211.275378   21.675201  (   0.00, 522.91,-543.24)
 |    71 Aluminum              13   26.982   2.6990      8.8963      39.8672      0.100   523.53  211.286629   21.677712  (   0.00, 523.01,-543.24)
 |    72 Air                    7   14.784   0.0012  30528.8407   71998.1725      0.350   523.88  211.286641   21.677717  (   0.00, 523.36,-543.26)
 |    73 PyrexGlass            10   20.495   2.2300     12.6748      43.5474      0.200   524.08  211.302436   21.682314  (   0.00, 523.56,-543.27)
 |    74 RPCGasDefault          8   16.809   0.0037   9559.7011   23915.1216      0.200   524.28  211.302457   21.682322  (   0.00, 523.76,-543.28)
 |    75 PyrexGlass            10   20.495   2.2300     12.6748      43.5474      0.200   524.48  211.318252   21.686920  (   0.00, 523.96,-543.29)
 |    76 Air                    7   14.784   0.0012  30528.8407   71998.1725      0.350   524.83  211.318263   21.686924  (   0.00, 524.31,-543.30)
 |    77 Aluminum              13   26.982   2.6990      8.8963      39.8672      0.100   524.93  211.329515   21.689435  (   0.00, 524.41,-543.31)
 |    78 Air                    7   14.784   0.0012  30528.8407   71998.1725      1.001   525.93  211.329548   21.689449  (   0.00, 525.41,-543.35)
 |    79 Iron                  26   55.845   7.8740      1.7575      17.1639     20.020   545.95  222.720627   22.855836  (   0.00, 545.41,-544.24)
 |    80 Aluminum              13   26.982   2.6990      8.8963      39.8672      0.100   546.05  222.731878   22.858347  (   0.00, 545.51,-544.24)
 |    81 Air                    7   14.784   0.0012  30528.8407   71998.1725      0.350   546.40  222.731890   22.858352  (   0.00, 545.86,-544.26)
 |    82 PyrexGlass            10   20.495   2.2300     12.6748      43.5474      0.200   546.60  222.747685   22.862949  (   0.00, 546.06,-544.27)
 |    83 RPCGasDefault          8   16.809   0.0037   9559.7011   23915.1216      0.200   546.80  222.747706   22.862957  (   0.00, 546.26,-544.28)
 |    84 PyrexGlass            10   20.495   2.2300     12.6748      43.5474      0.200   547.00  222.763501   22.867554  (   0.00, 546.46,-544.29)
 |    85 Air                    7   14.784   0.0012  30528.8407   71998.1725      0.350   547.35  222.763512   22.867559  (   0.00, 546.81,-544.30)
 |    86 Aluminum              13   26.982   2.6990      8.8963      39.8672      0.100   547.45  222.774764   22.870070  (   0.00, 546.91,-544.31)
 |    87 Aluminum              13   26.982   2.6990      8.8963      39.8672      0.100   547.55  222.786016   22.872581  (   0.00, 547.01,-544.31)
 |    88 Air                    7   14.784   0.0012  30528.8407   71998.1725      0.350   547.90  222.786027   22.872586  (   0.00, 547.36,-544.33)
 |    89 PyrexGlass            10   20.495   2.2300     12.6748      43.5474      0.200   548.10  222.801822   22.877183  (   0.00, 547.56,-544.34)
 |    90 RPCGasDefault          8   16.809   0.0037   9559.7011   23915.1216      0.200   548.30  222.801843   22.877191  (   0.00, 547.76,-544.34)
 |    91 PyrexGlass            10   20.495   2.2300     12.6748      43.5474      0.200   548.50  222.817638   22.881789  (   0.00, 547.96,-544.35)
 |    92 Air                    7   14.784   0.0012  30528.8407   71998.1725      0.350   548.85  222.817650   22.881794  (   0.00, 548.31,-544.37)
 |    93 Aluminum              13   26.982   2.6990      8.8963      39.8672      0.100   548.95  222.828901   22.884304  (   0.00, 548.41,-544.37)
 |    94 Air                    7   14.784   0.0012  30528.8407   71998.1725      1.001   549.95  222.828934   22.884318  (   0.00, 549.41,-544.42)
 |    95 Iron                  26   55.845   7.8740      1.7575      17.1639     10.010   559.96  228.524474   23.467512  (   0.00, 559.41,-544.86)
 |    96 Aluminum              13   26.982   2.6990      8.8963      39.8672      0.100   560.06  228.535725   23.470022  (   0.00, 559.51,-544.87)
 |    97 Air                    7   14.784   0.0012  30528.8407   71998.1725      0.350   560.41  228.535737   23.470027  (   0.00, 559.86,-544.88)
 |    98 PyrexGlass            10   20.495   2.2300     12.6748      43.5474      0.200   560.61  228.551532   23.474625  (   0.00, 560.06,-544.89)
 |    99 RPCGasDefault          8   16.809   0.0037   9559.7011   23915.1216      0.200   560.82  228.551553   23.474633  (   0.00, 560.26,-544.90)
 |   100 PyrexGlass            10   20.495   2.2300     12.6748      43.5474      0.200   561.02  228.567348   23.479230  (   0.00, 560.46,-544.91)
 |   101 Air                    7   14.784   0.0012  30528.8407   71998.1725      0.350   561.37  228.567359   23.479235  (   0.00, 560.81,-544.92)
 |   102 Aluminum              13   26.982   2.6990      8.8963      39.8672      0.100   561.47  228.578611   23.481746  (   0.00, 560.91,-544.93)
 |   103 Aluminum              13   26.982   2.6990      8.8963      39.8672      0.100   561.57  228.589862   23.484257  (   0.00, 561.01,-544.93)
 |   104 Air                    7   14.784   0.0012  30528.8407   71998.1725      0.350   561.92  228.589874   23.484261  (   0.00, 561.36,-544.95)
 |   105 PyrexGlass            10   20.495   2.2300     12.6748      43.5474      0.200   562.12  228.605669   23.488859  (   0.00, 561.56,-544.96)
 |   106 RPCGasDefault          8   16.809   0.0037   9559.7011   23915.1216      0.200   562.32  228.605690   23.488867  (   0.00, 561.76,-544.97)
 |   107 PyrexGlass            10   20.495   2.2300     12.6748      43.5474      0.200   562.52  228.621485   23.493464  (   0.00, 561.96,-544.98)
 |   108 Air                    7   14.784   0.0012  30528.8407   71998.1725      0.350   562.87  228.621496   23.493469  (   0.00, 562.31,-544.99)
 |   109 Aluminum              13   26.982   2.6990      8.8963      39.8672      0.100   562.97  228.632748   23.495980  (   0.00, 562.41,-545.00)
 |   110 Air                    7   14.784   0.0012  30528.8407   71998.1725      1.001   563.97  228.632781   23.495994  (   0.00, 563.41,-545.04)
 |   111 Iron                  26   55.845   7.8740      1.7575      17.1639     10.010   573.98  234.328320   24.079187  (   0.00, 573.41,-545.48)
 |   112 Aluminum              13   26.982   2.6990      8.8963      39.8672      0.100   574.08  234.339572   24.081698  (   0.00, 573.51,-545.49)
 |   113 Air                    7   14.784   0.0012  30528.8407   71998.1725      0.350   574.43  234.339583   24.081703  (   0.00, 573.86,-545.50)
 |   114 PyrexGlass            10   20.495   2.2300     12.6748      43.5474      0.200   574.63  234.355378   24.086300  (   0.00, 574.06,-545.51)
 |   115 RPCGasDefault          8   16.809   0.0037   9559.7011   23915.1216      0.200   574.83  234.355399   24.086309  (   0.00, 574.26,-545.52)
 |   116 PyrexGlass            10   20.495   2.2300     12.6748      43.5474      0.200   575.03  234.371194   24.090906  (   0.00, 574.46,-545.53)
 |   117 Air                    7   14.784   0.0012  30528.8407   71998.1725      0.350   575.38  234.371206   24.090911  (   0.00, 574.81,-545.55)
 |   118 Aluminum              13   26.982   2.6990      8.8963      39.8672      0.100   575.48  234.382458   24.093421  (   0.00, 574.91,-545.55)
 |   119 Aluminum              13   26.982   2.6990      8.8963      39.8672      0.100   575.58  234.393709   24.095932  (   0.00, 575.01,-545.56)
 |   120 Air                    7   14.784   0.0012  30528.8407   71998.1725      0.350   575.93  234.393721   24.095937  (   0.00, 575.36,-545.57)
 |   121 PyrexGlass            10   20.495   2.2300     12.6748      43.5474      0.200   576.13  234.409516   24.100534  (   0.00, 575.56,-545.58)
 |   122 RPCGasDefault          8   16.809   0.0037   9559.7011   23915.1216      0.200   576.33  234.409537   24.100543  (   0.00, 575.76,-545.59)
 |   123 PyrexGlass            10   20.495   2.2300     12.6748      43.5474      0.200   576.53  234.425332   24.105140  (   0.00, 575.96,-545.60)
 |   124 Air                    7   14.784   0.0012  30528.8407   71998.1725      0.350   576.88  234.425343   24.105145  (   0.00, 576.31,-545.61)
 |   125 Aluminum              13   26.982   2.6990      8.8963      39.8672      0.100   576.98  234.436595   24.107656  (   0.00, 576.41,-545.62)
 |   126 Air                    7   14.784   0.0012  30528.8407   71998.1725      1.001   577.98  234.436628   24.107670  (   0.00, 577.41,-545.66)
 |   127 Iron                  26   55.845   7.8740      1.7575      17.1639     10.010   587.99  240.132167   24.690863  (   0.00, 587.41,-546.11)
 |   128 Aluminum              13   26.982   2.6990      8.8963      39.8672      0.100   588.09  240.143419   24.693374  (   0.00, 587.51,-546.11)
 |   129 Air                    7   14.784   0.0012  30528.8407   71998.1725      0.350   588.44  240.143430   24.693379  (   0.00, 587.86,-546.13)
 |   130 PyrexGlass            10   20.495   2.2300     12.6748      43.5474      0.200   588.64  240.159225   24.697976  (   0.00, 588.06,-546.14)
 |   131 RPCGasDefault          8   16.809   0.0037   9559.7011   23915.1216      0.200   588.84  240.159246   24.697984  (   0.00, 588.26,-546.14)
 |   132 PyrexGlass            10   20.495   2.2300     12.6748      43.5474      0.200   589.04  240.175041   24.702581  (   0.00, 588.46,-546.15)
 |   133 Air                    7   14.784   0.0012  30528.8407   71998.1725      0.350   589.39  240.175053   24.702586  (   0.00, 588.81,-546.17)
 |   134 Aluminum              13   26.982   2.6990      8.8963      39.8672      0.100   589.49  240.186304   24.705097  (   0.00, 588.91,-546.17)
 |   135 Aluminum              13   26.982   2.6990      8.8963      39.8672      0.100   589.59  240.197556   24.707608  (   0.00, 589.01,-546.18)
 |   136 Air                    7   14.784   0.0012  30528.8407   71998.1725      0.350   589.94  240.197567   24.707613  (   0.00, 589.36,-546.19)
 |   137 PyrexGlass            10   20.495   2.2300     12.6748      43.5474      0.200   590.14  240.213362   24.712210  (   0.00, 589.56,-546.20)
 |   138 RPCGasDefault          8   16.809   0.0037   9559.7011   23915.1216      0.200   590.34  240.213383   24.712218  (   0.00, 589.76,-546.21)
 |   139 PyrexGlass            10   20.495   2.2300     12.6748      43.5474      0.200   590.54  240.229178   24.716816  (   0.00, 589.96,-546.22)
 |   140 Air                    7   14.784   0.0012  30528.8407   71998.1725      0.350   590.89  240.229190   24.716820  (   0.00, 590.31,-546.24)
 |   141 Aluminum              13   26.982   2.6990      8.8963      39.8672      0.100   590.99  240.240442   24.719331  (   0.00, 590.41,-546.24)
 |   142 Air                    7   14.784   0.0012  30528.8407   71998.1725      1.001   592.00  240.240474   24.719345  (   0.00, 591.41,-546.28)
 |   143 Iron                  26   55.845   7.8740      1.7575      17.1639     10.010   602.01  245.936014   25.302539  (   0.00, 601.41,-546.73)
 |   144 Aluminum              13   26.982   2.6990      8.8963      39.8672      0.100   602.11  245.947266   25.305049  (   0.00, 601.51,-546.73)
 |   145 Air                    7   14.784   0.0012  30528.8407   71998.1725      0.350   602.46  245.947277   25.305054  (   0.00, 601.86,-546.75)
 |   146 PyrexGlass            10   20.495   2.2300     12.6748      43.5474      0.200   602.66  245.963072   25.309651  (   0.00, 602.06,-546.76)
 |   147 RPCGasDefault          8   16.809   0.0037   9559.7011   23915.1216      0.200   602.86  245.963093   25.309660  (   0.00, 602.26,-546.77)
 |   148 PyrexGlass            10   20.495   2.2300     12.6748      43.5474      0.200   603.06  245.978888   25.314257  (   0.00, 602.46,-546.78)
 |   149 Air                    7   14.784   0.0012  30528.8407   71998.1725      0.350   603.41  245.978899   25.314262  (   0.00, 602.81,-546.79)
 |   150 Aluminum              13   26.982   2.6990      8.8963      39.8672      0.100   603.51  245.990151   25.316773  (   0.00, 602.91,-546.80)
 |   151 Aluminum              13   26.982   2.6990      8.8963      39.8672      0.100   603.61  246.001403   25.319284  (   0.00, 603.01,-546.80)
 |   152 Air                    7   14.784   0.0012  30528.8407   71998.1725      0.350   603.96  246.001414   25.319288  (   0.00, 603.36,-546.82)
 |   153 PyrexGlass            10   20.495   2.2300     12.6748      43.5474      0.200   604.16  246.017209   25.323886  (   0.00, 603.56,-546.82)
 |   154 RPCGasDefault          8   16.809   0.0037   9559.7011   23915.1216      0.200   604.36  246.017230   25.323894  (   0.00, 603.76,-546.83)
 |   155 PyrexGlass            10   20.495   2.2300     12.6748      43.5474      0.200   604.56  246.033025   25.328491  (   0.00, 603.96,-546.84)
 |   156 Air                    7   14.784   0.0012  30528.8407   71998.1725      0.350   604.91  246.033037   25.328496  (   0.00, 604.31,-546.86)
 |   157 Aluminum              13   26.982   2.6990      8.8963      39.8672      0.100   605.01  246.044288   25.331007  (   0.00, 604.41,-546.86)
 |   158 Air                    7   14.784   0.0012  30528.8407   71998.1725      1.001   606.01  246.044321   25.331021  (   0.00, 605.41,-546.91)
 |   159 Iron                  26   55.845   7.8740      1.7575      17.1639     10.010   616.02  251.739861   25.914214  (   0.00, 615.41,-547.35)
 |   160 Aluminum              13   26.982   2.6990      8.8963      39.8672      0.100   616.12  251.751112   25.916725  (   0.00, 615.51,-547.36)
 |   161 Air                    7   14.784   0.0012  30528.8407   71998.1725      0.350   616.47  251.751124   25.916730  (   0.00, 615.86,-547.37)
 |   162 PyrexGlass            10   20.495   2.2300     12.6748      43.5474      0.200   616.67  251.766919   25.921327  (   0.00, 616.06,-547.38)
 |   163 RPCGasDefault          8   16.809   0.0037   9559.7011   23915.1216      0.200   616.87  251.766940   25.921336  (   0.00, 616.26,-547.39)
 |   164 PyrexGlass            10   20.495   2.2300     12.6748      43.5474      0.200   617.07  251.782735   25.925933  (   0.00, 616.46,-547.40)
 |   165 Air                    7   14.784   0.0012  30528.8407   71998.1725      0.350   617.42  251.782746   25.925938  (   0.00, 616.81,-547.41)
 |   166 Aluminum              13   26.982   2.6990      8.8963      39.8672      0.100   617.52  251.793998   25.928448  (   0.00, 616.91,-547.42)
 |   167 Aluminum              13   26.982   2.6990      8.8963      39.8672      0.100   617.62  251.805250   25.930959  (   0.00, 617.01,-547.42)
 |   168 Air                    7   14.784   0.0012  30528.8407   71998.1725      0.350   617.97  251.805261   25.930964  (   0.00, 617.36,-547.44)
 |   169 PyrexGlass            10   20.495   2.2300     12.6748      43.5474      0.200   618.17  251.821056   25.935561  (   0.00, 617.56,-547.45)
 |   170 RPCGasDefault          8   16.809   0.0037   9559.7011   23915.1216      0.200   618.37  251.821077   25.935570  (   0.00, 617.76,-547.46)
 |   171 PyrexGlass            10   20.495   2.2300     12.6748      43.5474      0.200   618.57  251.836872   25.940167  (   0.00, 617.96,-547.46)
 |   172 Air                    7   14.784   0.0012  30528.8407   71998.1725      0.350   618.92  251.836883   25.940172  (   0.00, 618.31,-547.48)
 |   173 Aluminum              13   26.982   2.6990      8.8963      39.8672      0.100   619.02  251.848135   25.942683  (   0.00, 618.41,-547.48)
 |   174 Air                    7   14.784   0.0012  30528.8407   71998.1725      1.001   620.02  251.848168   25.942696  (   0.00, 619.41,-547.53)
 |   175 Iron                  26   55.845   7.8740      1.7575      17.1639     10.010   630.03  257.543707   26.525890  (   0.00, 629.41,-547.97)
 |   176 Aluminum              13   26.982   2.6990      8.8963      39.8672      0.100   630.13  257.554959   26.528401  (   0.00, 629.51,-547.98)
 |   177 Air                    7   14.784   0.0012  30528.8407   71998.1725      0.350   630.48  257.554971   26.528406  (   0.00, 629.86,-547.99)
 |   178 PyrexGlass            10   20.495   2.2300     12.6748      43.5474      0.200   630.68  257.570766   26.533003  (   0.00, 630.06,-548.00)
 |   179 RPCGasDefault          8   16.809   0.0037   9559.7011   23915.1216      0.200   630.88  257.570786   26.533011  (   0.00, 630.26,-548.01)
 |   180 PyrexGlass            10   20.495   2.2300     12.6748      43.5474      0.200   631.08  257.586581   26.537608  (   0.00, 630.46,-548.02)
 |   181 Air                    7   14.784   0.0012  30528.8407   71998.1725      0.350   631.43  257.586593   26.537613  (   0.00, 630.81,-548.04)
 |   182 Aluminum              13   26.982   2.6990      8.8963      39.8672      0.100   631.53  257.597845   26.540124  (   0.00, 630.91,-548.04)
 |   183 Aluminum              13   26.982   2.6990      8.8963      39.8672      0.100   631.63  257.609096   26.542635  (   0.00, 631.01,-548.04)
 |   184 Air                    7   14.784   0.0012  30528.8407   71998.1725      0.350   631.99  257.609108   26.542640  (   0.00, 631.36,-548.06)
 |   185 PyrexGlass            10   20.495   2.2300     12.6748      43.5474      0.200   632.19  257.624903   26.547237  (   0.00, 631.56,-548.07)
 |   186 RPCGasDefault          8   16.809   0.0037   9559.7011   23915.1216      0.200   632.39  257.624924   26.547245  (   0.00, 631.76,-548.08)
 |   187 PyrexGlass            10   20.495   2.2300     12.6748      43.5474      0.200   632.59  257.640719   26.551843  (   0.00, 631.96,-548.09)
 |   188 Air                    7   14.784   0.0012  30528.8407   71998.1725      0.350   632.94  257.640730   26.551847  (   0.00, 632.31,-548.10)
 |   189 Aluminum              13   26.982   2.6990      8.8963      39.8672      0.100   633.04  257.651982   26.554358  (   0.00, 632.41,-548.11)
 |   190 Air                    7   14.784   0.0012  30528.8407   71998.1725      1.001   634.04  257.652015   26.554372  (   0.00, 633.41,-548.15)
 |   191 Iron                  26   55.845   7.8740      1.7575      17.1639     10.010   644.05  263.347554   27.137566  (   0.00, 643.41,-548.60)
 |   192 Aluminum              13   26.982   2.6990      8.8963      39.8672      0.100   644.15  263.358806   27.140076  (   0.00, 643.51,-548.60)
 |   193 Air                    7   14.784   0.0012  30528.8407   71998.1725      0.350   644.50  263.358817   27.140081  (   0.00, 643.86,-548.62)
 |   194 PyrexGlass            10   20.495   2.2300     12.6748      43.5474      0.200   644.70  263.374612   27.144678  (   0.00, 644.06,-548.62)
 |   195 RPCGasDefault          8   16.809   0.0037   9559.7011   23915.1216      0.200   644.90  263.374633   27.144687  (   0.00, 644.26,-548.63)
 |   196 PyrexGlass            10   20.495   2.2300     12.6748      43.5474      0.200   645.10  263.390428   27.149284  (   0.00, 644.46,-548.64)
 |   197 Air                    7   14.784   0.0012  30528.8407   71998.1725      0.350   645.45  263.390440   27.149289  (   0.00, 644.81,-548.66)
 |   198 Aluminum              13   26.982   2.6990      8.8963      39.8672      0.100   645.55  263.401691   27.151800  (   0.00, 644.91,-548.66)
 |   199 Aluminum              13   26.982   2.6990      8.8963      39.8672      0.100   645.65  263.412943   27.154311  (   0.00, 645.01,-548.67)
 |   200 Air                    7   14.784   0.0012  30528.8407   71998.1725      0.350   646.00  263.412955   27.154315  (   0.00, 645.36,-548.68)
 |   201 PyrexGlass            10   20.495   2.2300     12.6748      43.5474      0.200   646.20  263.428750   27.158913  (   0.00, 645.56,-548.69)
 |   202 RPCGasDefault          8   16.809   0.0037   9559.7011   23915.1216      0.200   646.40  263.428770   27.158921  (   0.00, 645.76,-548.70)
 |   203 PyrexGlass            10   20.495   2.2300     12.6748      43.5474      0.200   646.60  263.444565   27.163518  (   0.00, 645.96,-548.71)
 |   204 Air                    7   14.784   0.0012  30528.8407   71998.1725      0.350   646.95  263.444577   27.163523  (   0.00, 646.31,-548.72)
 |   205 Aluminum              13   26.982   2.6990      8.8963      39.8672      0.100   647.05  263.455829   27.166034  (   0.00, 646.41,-548.73)
 |   206 Air                    7   14.784   0.0012  30528.8407   71998.1725      1.001   648.05  263.455861   27.166048  (   0.00, 647.41,-548.77)
 |   207 Iron                  26   55.845   7.8740      1.7575      17.1639     10.010   658.06  269.151401   27.749241  (   0.00, 657.41,-549.22)
 |   208 Aluminum              13   26.982   2.6990      8.8963      39.8672      0.100   658.16  269.162653   27.751752  (   0.00, 657.51,-549.22)
 |   209 Air                    7   14.784   0.0012  30528.8407   71998.1725      0.350   658.51  269.162664   27.751757  (   0.00, 657.86,-549.24)
 |   210 PyrexGlass            10   20.495   2.2300     12.6748      43.5474      0.200   658.71  269.178459   27.756354  (   0.00, 658.06,-549.25)
 |   211 RPCGasDefault          8   16.809   0.0037   9559.7011   23915.1216      0.200   658.91  269.178480   27.756362  (   0.00, 658.26,-549.26)
 |   212 PyrexGlass            10   20.495   2.2300     12.6748      43.5474      0.200   659.11  269.194275   27.760960  (   0.00, 658.46,-549.26)
 |   213 Air                    7   14.784   0.0012  30528.8407   71998.1725      0.350   659.46  269.194286   27.760965  (   0.00, 658.81,-549.28)
 |   214 Aluminum              13   26.982   2.6990      8.8963      39.8672      0.100   659.56  269.205538   27.763475  (   0.00, 658.91,-549.28)
 |   215 Aluminum              13   26.982   2.6990      8.8963      39.8672      0.100   659.66  269.216790   27.765986  (   0.00, 659.01,-549.29)
 |   216 Air                    7   14.784   0.0012  30528.8407   71998.1725      0.350   660.01  269.216801   27.765991  (   0.00, 659.36,-549.30)
 |   217 PyrexGlass            10   20.495   2.2300     12.6748      43.5474      0.200   660.21  269.232596   27.770588  (   0.00, 659.56,-549.31)
 |   218 RPCGasDefault          8   16.809   0.0037   9559.7011   23915.1216      0.200   660.41  269.232617   27.770597  (   0.00, 659.76,-549.32)
 |   219 PyrexGlass            10   20.495   2.2300     12.6748      43.5474      0.200   660.61  269.248412   27.775194  (   0.00, 659.96,-549.33)
 |   220 Air                    7   14.784   0.0012  30528.8407   71998.1725      0.350   660.96  269.248424   27.775199  (   0.00, 660.31,-549.35)
 |   221 Aluminum              13   26.982   2.6990      8.8963      39.8672      0.100   661.06  269.259675   27.777710  (   0.00, 660.41,-549.35)
 |   222 Air                    7   14.784   0.0012  30528.8407   71998.1725      1.001   662.06  269.259708   27.777723  (   0.00, 661.41,-549.40)
 |   223 Iron                  26   55.845   7.8740      1.7575      17.1639     20.020   682.08  280.650787   28.944110  (   0.00, 681.41,-550.28)
 |   224 Air                    7   14.784   0.0012  30528.8407   71998.1725    218.804   900.89  280.657954   28.947149  (   0.00, 900.00,-560.00)
 +--------------------------------------------------------------------------------------------------------------------------------------------------
 |     0 Average Material      25   53.390   4.3080      3.2099      31.1218    900.888   900.89  280.657954   28.947149  (   0.00, 900.00,-560.00)
 +--------------------------------------------------------------------------------------------------------------------------------------------------
