 materialScan compact_Fhe_dip_sol_ell_mat-LAr-EMC.xml 0. 0. -650. 0. 900. -650. >| materialScan_compact_Fhe_dip_sol_ell_mat-LAr-EMC_0_0_-650_0_900_-650.txt
TGeoManager: Changing system of units to ROOT units (cm, s, GeV).
DD4hep           WARN  ++ STD conditions NOT defined by client. NTP defaults taken.
VertexBarrelSupports_layer0 4.6 4.6 51.75
TGeoTube::SetTubeDimensions: In shape TGeoTube wrong rmin=37.869 rmax=15.591
 +--------------------------------------------------------------------------------------------------------------------------------------------------
 + Material scan between: x_0 = (   0.00,   0.00,-650.00) [cm] and x_1 = (   0.00, 900.00,-650.00) [cm] : 
 +--------------------------------------------------------------------------------------------------------------------------------------------------
 |     \   Material           Atomic                 Radiation   Interaction               Path   Integrated  Integrated    Material
 | Num. \  Name          Number/Z   Mass/A  Density    Length       Length    Thickness   Length      X0        Lambda      Endpoint  
 | Layer \                        [g/mole]  [g/cm3]     [cm]        [cm]          [cm]      [cm]     [cm]        [cm]     (     cm,     cm,     cm)
 +--------------------------------------------------------------------------------------------------------------------------------------------------
 |     1 Air                    7   14.784   0.0012  30528.8407   71998.1725     21.091    21.09    0.000691    0.000293  (   0.00,  21.09,-650.00)
 |     2 Copper                29   63.546   8.9600      1.4356      15.6778    111.391   132.48   77.593610    7.105282  (   0.00, 132.48,-650.00)
 |     3 Air                    7   14.784   0.0012  30528.8407   71998.1725     34.173   166.66   77.594730    7.105757  (   0.00, 166.66,-650.00)
 |     4 Aluminum              13   26.982   2.6990      8.8963      39.8672      1.500   168.16   77.763339    7.143382  (   0.00, 168.16,-650.00)
 |     5 Aluminum              13   26.982   2.6990      8.8963      39.8672      3.000   171.16   78.100557    7.218632  (   0.00, 171.16,-650.00)
 |     6 Vacuum                 7   14.784   0.0000 3.66346e+11  8.63978e+11      3.000   174.16   78.100557    7.218632  (   0.00, 174.16,-650.00)
 |     7 Aluminum              13   26.982   2.6990      8.8963      39.8672      4.000   178.16   78.550181    7.318965  (   0.00, 178.16,-650.00)
 |     8 Air                    7   14.784   0.0012  30528.8407   71998.1725      0.500   178.66   78.550197    7.318972  (   0.00, 178.66,-650.00)
 |     9 Steel235              26   55.757   7.8500      1.7653      17.1928    297.500   476.16  247.081317   24.622712  (   0.00, 476.16,-650.00)
 |    10 Air                    7   14.784   0.0012  30528.8407   71998.1725     36.257   512.41  247.082505   24.623215  (   0.00, 512.41,-650.00)
 |    11 Aluminum              13   26.982   2.6990      8.8963      39.8672      0.100   512.51  247.093746   24.625724  (   0.00, 512.51,-650.00)
 |    12 Air                    7   14.784   0.0012  30528.8407   71998.1725      0.350   512.86  247.093757   24.625728  (   0.00, 512.86,-650.00)
 |    13 PyrexGlass            10   20.495   2.2300     12.6748      43.5474      0.200   513.06  247.109536   24.630321  (   0.00, 513.06,-650.00)
 |    14 RPCGasDefault          8   16.809   0.0037   9559.7011   23915.1216      0.200   513.26  247.109557   24.630330  (   0.00, 513.26,-650.00)
 |    15 PyrexGlass            10   20.495   2.2300     12.6748      43.5474      0.200   513.46  247.125337   24.634922  (   0.00, 513.46,-650.00)
 |    16 Air                    7   14.784   0.0012  30528.8407   71998.1725      0.350   513.81  247.125348   24.634927  (   0.00, 513.81,-650.00)
 |    17 Aluminum              13   26.982   2.6990      8.8963      39.8672      0.100   513.91  247.136589   24.637435  (   0.00, 513.91,-650.00)
 |    18 Aluminum              13   26.982   2.6990      8.8963      39.8672      0.100   514.01  247.147829   24.639944  (   0.00, 514.01,-650.00)
 |    19 Air                    7   14.784   0.0012  30528.8407   71998.1725      0.350   514.36  247.147841   24.639949  (   0.00, 514.36,-650.00)
 |    20 PyrexGlass            10   20.495   2.2300     12.6748      43.5474      0.200   514.56  247.163620   24.644541  (   0.00, 514.56,-650.00)
 |    21 RPCGasDefault          8   16.809   0.0037   9559.7011   23915.1216      0.200   514.76  247.163641   24.644550  (   0.00, 514.76,-650.00)
 |    22 PyrexGlass            10   20.495   2.2300     12.6748      43.5474      0.200   514.96  247.179421   24.649142  (   0.00, 514.96,-650.00)
 |    23 Air                    7   14.784   0.0012  30528.8407   71998.1725      0.350   515.31  247.179432   24.649147  (   0.00, 515.31,-650.00)
 |    24 Aluminum              13   26.982   2.6990      8.8963      39.8672      0.100   515.41  247.190673   24.651656  (   0.00, 515.41,-650.00)
 |    25 Air                    7   14.784   0.0012  30528.8407   71998.1725      1.000   516.41  247.190705   24.651669  (   0.00, 516.41,-650.00)
 |    26 Iron                  26   55.845   7.8740      1.7575      17.1639      5.000   521.41  250.035667   24.942979  (   0.00, 521.41,-650.00)
 |    27 Aluminum              13   26.982   2.6990      8.8963      39.8672      0.100   521.51  250.046907   24.945487  (   0.00, 521.51,-650.00)
 |    28 Air                    7   14.784   0.0012  30528.8407   71998.1725      0.350   521.86  250.046919   24.945492  (   0.00, 521.86,-650.00)
 |    29 PyrexGlass            10   20.495   2.2300     12.6748      43.5474      0.200   522.06  250.062698   24.950084  (   0.00, 522.06,-650.00)
 |    30 RPCGasDefault          8   16.809   0.0037   9559.7011   23915.1216      0.200   522.26  250.062719   24.950093  (   0.00, 522.26,-650.00)
 |    31 PyrexGlass            10   20.495   2.2300     12.6748      43.5474      0.200   522.46  250.078498   24.954686  (   0.00, 522.46,-650.00)
 |    32 Air                    7   14.784   0.0012  30528.8407   71998.1725      0.350   522.81  250.078510   24.954690  (   0.00, 522.81,-650.00)
 |    33 Aluminum              13   26.982   2.6990      8.8963      39.8672      0.100   522.91  250.089751   24.957199  (   0.00, 522.91,-650.00)
 |    34 Aluminum              13   26.982   2.6990      8.8963      39.8672      0.100   523.01  250.100991   24.959707  (   0.00, 523.01,-650.00)
 |    35 Air                    7   14.784   0.0012  30528.8407   71998.1725      0.350   523.36  250.101003   24.959712  (   0.00, 523.36,-650.00)
 |    36 PyrexGlass            10   20.495   2.2300     12.6748      43.5474      0.200   523.56  250.116782   24.964305  (   0.00, 523.56,-650.00)
 |    37 RPCGasDefault          8   16.809   0.0037   9559.7011   23915.1216      0.200   523.76  250.116803   24.964313  (   0.00, 523.76,-650.00)
 |    38 PyrexGlass            10   20.495   2.2300     12.6748      43.5474      0.200   523.96  250.132582   24.968906  (   0.00, 523.96,-650.00)
 |    39 Air                    7   14.784   0.0012  30528.8407   71998.1725      0.350   524.31  250.132594   24.968911  (   0.00, 524.31,-650.00)
 |    40 Aluminum              13   26.982   2.6990      8.8963      39.8672      0.100   524.41  250.143834   24.971419  (   0.00, 524.41,-650.00)
 |    41 Air                    7   14.784   0.0012  30528.8407   71998.1725      1.000   525.41  250.143867   24.971433  (   0.00, 525.41,-650.00)
 |    42 Iron                  26   55.845   7.8740      1.7575      17.1639     20.000   545.41  261.523712   26.136669  (   0.00, 545.41,-650.00)
 |    43 Aluminum              13   26.982   2.6990      8.8963      39.8672      0.100   545.51  261.534953   26.139178  (   0.00, 545.51,-650.00)
 |    44 Air                    7   14.784   0.0012  30528.8407   71998.1725      0.350   545.86  261.534964   26.139182  (   0.00, 545.86,-650.00)
 |    45 PyrexGlass            10   20.495   2.2300     12.6748      43.5474      0.200   546.06  261.550744   26.143775  (   0.00, 546.06,-650.00)
 |    46 RPCGasDefault          8   16.809   0.0037   9559.7011   23915.1216      0.200   546.26  261.550765   26.143784  (   0.00, 546.26,-650.00)
 |    47 PyrexGlass            10   20.495   2.2300     12.6748      43.5474      0.200   546.46  261.566544   26.148376  (   0.00, 546.46,-650.00)
 |    48 Air                    7   14.784   0.0012  30528.8407   71998.1725      0.350   546.81  261.566556   26.148381  (   0.00, 546.81,-650.00)
 |    49 Aluminum              13   26.982   2.6990      8.8963      39.8672      0.100   546.91  261.577796   26.150889  (   0.00, 546.91,-650.00)
 |    50 Aluminum              13   26.982   2.6990      8.8963      39.8672      0.100   547.01  261.589037   26.153398  (   0.00, 547.01,-650.00)
 |    51 Air                    7   14.784   0.0012  30528.8407   71998.1725      0.350   547.36  261.589048   26.153403  (   0.00, 547.36,-650.00)
 |    52 PyrexGlass            10   20.495   2.2300     12.6748      43.5474      0.200   547.56  261.604828   26.157995  (   0.00, 547.56,-650.00)
 |    53 RPCGasDefault          8   16.809   0.0037   9559.7011   23915.1216      0.200   547.76  261.604849   26.158004  (   0.00, 547.76,-650.00)
 |    54 PyrexGlass            10   20.495   2.2300     12.6748      43.5474      0.200   547.96  261.620628   26.162596  (   0.00, 547.96,-650.00)
 |    55 Air                    7   14.784   0.0012  30528.8407   71998.1725      0.350   548.31  261.620639   26.162601  (   0.00, 548.31,-650.00)
 |    56 Aluminum              13   26.982   2.6990      8.8963      39.8672      0.100   548.41  261.631880   26.165110  (   0.00, 548.41,-650.00)
 |    57 Air                    7   14.784   0.0012  30528.8407   71998.1725      1.000   549.41  261.631913   26.165123  (   0.00, 549.41,-650.00)
 |    58 Iron                  26   55.845   7.8740      1.7575      17.1639     10.000   559.41  267.321835   26.747742  (   0.00, 559.41,-650.00)
 |    59 Aluminum              13   26.982   2.6990      8.8963      39.8672      0.100   559.51  267.333076   26.750250  (   0.00, 559.51,-650.00)
 |    60 Air                    7   14.784   0.0012  30528.8407   71998.1725      0.350   559.86  267.333087   26.750255  (   0.00, 559.86,-650.00)
 |    61 PyrexGlass            10   20.495   2.2300     12.6748      43.5474      0.200   560.06  267.348867   26.754848  (   0.00, 560.06,-650.00)
 |    62 RPCGasDefault          8   16.809   0.0037   9559.7011   23915.1216      0.200   560.26  267.348888   26.754856  (   0.00, 560.26,-650.00)
 |    63 PyrexGlass            10   20.495   2.2300     12.6748      43.5474      0.200   560.46  267.364667   26.759449  (   0.00, 560.46,-650.00)
 |    64 Air                    7   14.784   0.0012  30528.8407   71998.1725      0.350   560.81  267.364679   26.759454  (   0.00, 560.81,-650.00)
 |    65 Aluminum              13   26.982   2.6990      8.8963      39.8672      0.100   560.91  267.375919   26.761962  (   0.00, 560.91,-650.00)
 |    66 Aluminum              13   26.982   2.6990      8.8963      39.8672      0.100   561.01  267.387160   26.764470  (   0.00, 561.01,-650.00)
 |    67 Air                    7   14.784   0.0012  30528.8407   71998.1725      0.350   561.36  267.387171   26.764475  (   0.00, 561.36,-650.00)
 |    68 PyrexGlass            10   20.495   2.2300     12.6748      43.5474      0.200   561.56  267.402951   26.769068  (   0.00, 561.56,-650.00)
 |    69 RPCGasDefault          8   16.809   0.0037   9559.7011   23915.1216      0.200   561.76  267.402972   26.769076  (   0.00, 561.76,-650.00)
 |    70 PyrexGlass            10   20.495   2.2300     12.6748      43.5474      0.200   561.96  267.418751   26.773669  (   0.00, 561.96,-650.00)
 |    71 Air                    7   14.784   0.0012  30528.8407   71998.1725      0.350   562.31  267.418762   26.773674  (   0.00, 562.31,-650.00)
 |    72 Aluminum              13   26.982   2.6990      8.8963      39.8672      0.100   562.41  267.430003   26.776182  (   0.00, 562.41,-650.00)
 |    73 Air                    7   14.784   0.0012  30528.8407   71998.1725      1.000   563.41  267.430036   26.776196  (   0.00, 563.41,-650.00)
 |    74 Iron                  26   55.845   7.8740      1.7575      17.1639     10.000   573.41  273.119958   27.358814  (   0.00, 573.41,-650.00)
 |    75 Aluminum              13   26.982   2.6990      8.8963      39.8672      0.100   573.51  273.131199   27.361322  (   0.00, 573.51,-650.00)
 |    76 Air                    7   14.784   0.0012  30528.8407   71998.1725      0.350   573.86  273.131210   27.361327  (   0.00, 573.86,-650.00)
 |    77 PyrexGlass            10   20.495   2.2300     12.6748      43.5474      0.200   574.06  273.146990   27.365920  (   0.00, 574.06,-650.00)
 |    78 RPCGasDefault          8   16.809   0.0037   9559.7011   23915.1216      0.200   574.26  273.147011   27.365928  (   0.00, 574.26,-650.00)
 |    79 PyrexGlass            10   20.495   2.2300     12.6748      43.5474      0.200   574.46  273.162790   27.370521  (   0.00, 574.46,-650.00)
 |    80 Air                    7   14.784   0.0012  30528.8407   71998.1725      0.350   574.81  273.162802   27.370526  (   0.00, 574.81,-650.00)
 |    81 Aluminum              13   26.982   2.6990      8.8963      39.8672      0.100   574.91  273.174042   27.373034  (   0.00, 574.91,-650.00)
 |    82 Aluminum              13   26.982   2.6990      8.8963      39.8672      0.100   575.01  273.185283   27.375543  (   0.00, 575.01,-650.00)
 |    83 Air                    7   14.784   0.0012  30528.8407   71998.1725      0.350   575.36  273.185294   27.375547  (   0.00, 575.36,-650.00)
 |    84 PyrexGlass            10   20.495   2.2300     12.6748      43.5474      0.200   575.56  273.201074   27.380140  (   0.00, 575.56,-650.00)
 |    85 RPCGasDefault          8   16.809   0.0037   9559.7011   23915.1216      0.200   575.76  273.201095   27.380149  (   0.00, 575.76,-650.00)
 |    86 PyrexGlass            10   20.495   2.2300     12.6748      43.5474      0.200   575.96  273.216874   27.384741  (   0.00, 575.96,-650.00)
 |    87 Air                    7   14.784   0.0012  30528.8407   71998.1725      0.350   576.31  273.216886   27.384746  (   0.00, 576.31,-650.00)
 |    88 Aluminum              13   26.982   2.6990      8.8963      39.8672      0.100   576.41  273.228126   27.387254  (   0.00, 576.41,-650.00)
 |    89 Air                    7   14.784   0.0012  30528.8407   71998.1725      1.000   577.41  273.228159   27.387268  (   0.00, 577.41,-650.00)
 |    90 Iron                  26   55.845   7.8740      1.7575      17.1639     10.000   587.41  278.918081   27.969887  (   0.00, 587.41,-650.00)
 |    91 Aluminum              13   26.982   2.6990      8.8963      39.8672      0.100   587.51  278.929322   27.972395  (   0.00, 587.51,-650.00)
 |    92 Air                    7   14.784   0.0012  30528.8407   71998.1725      0.350   587.86  278.929334   27.972400  (   0.00, 587.86,-650.00)
 |    93 PyrexGlass            10   20.495   2.2300     12.6748      43.5474      0.200   588.06  278.945113   27.976992  (   0.00, 588.06,-650.00)
 |    94 RPCGasDefault          8   16.809   0.0037   9559.7011   23915.1216      0.200   588.26  278.945134   27.977001  (   0.00, 588.26,-650.00)
 |    95 PyrexGlass            10   20.495   2.2300     12.6748      43.5474      0.200   588.46  278.960913   27.981593  (   0.00, 588.46,-650.00)
 |    96 Air                    7   14.784   0.0012  30528.8407   71998.1725      0.350   588.81  278.960925   27.981598  (   0.00, 588.81,-650.00)
 |    97 Aluminum              13   26.982   2.6990      8.8963      39.8672      0.100   588.91  278.972165   27.984107  (   0.00, 588.91,-650.00)
 |    98 Aluminum              13   26.982   2.6990      8.8963      39.8672      0.100   589.01  278.983406   27.986615  (   0.00, 589.01,-650.00)
 |    99 Air                    7   14.784   0.0012  30528.8407   71998.1725      0.350   589.36  278.983417   27.986620  (   0.00, 589.36,-650.00)
 |   100 PyrexGlass            10   20.495   2.2300     12.6748      43.5474      0.200   589.56  278.999197   27.991213  (   0.00, 589.56,-650.00)
 |   101 RPCGasDefault          8   16.809   0.0037   9559.7011   23915.1216      0.200   589.76  278.999218   27.991221  (   0.00, 589.76,-650.00)
 |   102 PyrexGlass            10   20.495   2.2300     12.6748      43.5474      0.200   589.96  279.014997   27.995814  (   0.00, 589.96,-650.00)
 |   103 Air                    7   14.784   0.0012  30528.8407   71998.1725      0.350   590.31  279.015009   27.995819  (   0.00, 590.31,-650.00)
 |   104 Aluminum              13   26.982   2.6990      8.8963      39.8672      0.100   590.41  279.026249   27.998327  (   0.00, 590.41,-650.00)
 |   105 Air                    7   14.784   0.0012  30528.8407   71998.1725      1.000   591.41  279.026282   27.998341  (   0.00, 591.41,-650.00)
 |   106 Iron                  26   55.845   7.8740      1.7575      17.1639     10.000   601.41  284.716205   28.580959  (   0.00, 601.41,-650.00)
 |   107 Aluminum              13   26.982   2.6990      8.8963      39.8672      0.100   601.51  284.727445   28.583467  (   0.00, 601.51,-650.00)
 |   108 Air                    7   14.784   0.0012  30528.8407   71998.1725      0.350   601.86  284.727457   28.583472  (   0.00, 601.86,-650.00)
 |   109 PyrexGlass            10   20.495   2.2300     12.6748      43.5474      0.200   602.06  284.743236   28.588065  (   0.00, 602.06,-650.00)
 |   110 RPCGasDefault          8   16.809   0.0037   9559.7011   23915.1216      0.200   602.26  284.743257   28.588073  (   0.00, 602.26,-650.00)
 |   111 PyrexGlass            10   20.495   2.2300     12.6748      43.5474      0.200   602.46  284.759036   28.592666  (   0.00, 602.46,-650.00)
 |   112 Air                    7   14.784   0.0012  30528.8407   71998.1725      0.350   602.81  284.759048   28.592671  (   0.00, 602.81,-650.00)
 |   113 Aluminum              13   26.982   2.6990      8.8963      39.8672      0.100   602.91  284.770288   28.595179  (   0.00, 602.91,-650.00)
 |   114 Aluminum              13   26.982   2.6990      8.8963      39.8672      0.100   603.01  284.781529   28.597687  (   0.00, 603.01,-650.00)
 |   115 Air                    7   14.784   0.0012  30528.8407   71998.1725      0.350   603.36  284.781540   28.597692  (   0.00, 603.36,-650.00)
 |   116 PyrexGlass            10   20.495   2.2300     12.6748      43.5474      0.200   603.56  284.797320   28.602285  (   0.00, 603.56,-650.00)
 |   117 RPCGasDefault          8   16.809   0.0037   9559.7011   23915.1216      0.200   603.76  284.797341   28.602293  (   0.00, 603.76,-650.00)
 |   118 PyrexGlass            10   20.495   2.2300     12.6748      43.5474      0.200   603.96  284.813120   28.606886  (   0.00, 603.96,-650.00)
 |   119 Air                    7   14.784   0.0012  30528.8407   71998.1725      0.350   604.31  284.813132   28.606891  (   0.00, 604.31,-650.00)
 |   120 Aluminum              13   26.982   2.6990      8.8963      39.8672      0.100   604.41  284.824372   28.609399  (   0.00, 604.41,-650.00)
 |   121 Air                    7   14.784   0.0012  30528.8407   71998.1725      1.000   605.41  284.824405   28.609413  (   0.00, 605.41,-650.00)
 |   122 Iron                  26   55.845   7.8740      1.7575      17.1639     10.000   615.41  290.514328   29.192031  (   0.00, 615.41,-650.00)
 |   123 Aluminum              13   26.982   2.6990      8.8963      39.8672      0.100   615.51  290.525568   29.194540  (   0.00, 615.51,-650.00)
 |   124 Air                    7   14.784   0.0012  30528.8407   71998.1725      0.350   615.86  290.525580   29.194545  (   0.00, 615.86,-650.00)
 |   125 PyrexGlass            10   20.495   2.2300     12.6748      43.5474      0.200   616.06  290.541359   29.199137  (   0.00, 616.06,-650.00)
 |   126 RPCGasDefault          8   16.809   0.0037   9559.7011   23915.1216      0.200   616.26  290.541380   29.199146  (   0.00, 616.26,-650.00)
 |   127 PyrexGlass            10   20.495   2.2300     12.6748      43.5474      0.200   616.46  290.557159   29.203738  (   0.00, 616.46,-650.00)
 |   128 Air                    7   14.784   0.0012  30528.8407   71998.1725      0.350   616.81  290.557171   29.203743  (   0.00, 616.81,-650.00)
 |   129 Aluminum              13   26.982   2.6990      8.8963      39.8672      0.100   616.91  290.568411   29.206252  (   0.00, 616.91,-650.00)
 |   130 Aluminum              13   26.982   2.6990      8.8963      39.8672      0.100   617.01  290.579652   29.208760  (   0.00, 617.01,-650.00)
 |   131 Air                    7   14.784   0.0012  30528.8407   71998.1725      0.350   617.36  290.579663   29.208765  (   0.00, 617.36,-650.00)
 |   132 PyrexGlass            10   20.495   2.2300     12.6748      43.5474      0.200   617.56  290.595443   29.213357  (   0.00, 617.56,-650.00)
 |   133 RPCGasDefault          8   16.809   0.0037   9559.7011   23915.1216      0.200   617.76  290.595464   29.213366  (   0.00, 617.76,-650.00)
 |   134 PyrexGlass            10   20.495   2.2300     12.6748      43.5474      0.200   617.96  290.611243   29.217958  (   0.00, 617.96,-650.00)
 |   135 Air                    7   14.784   0.0012  30528.8407   71998.1725      0.350   618.31  290.611255   29.217963  (   0.00, 618.31,-650.00)
 |   136 Aluminum              13   26.982   2.6990      8.8963      39.8672      0.100   618.41  290.622495   29.220472  (   0.00, 618.41,-650.00)
 |   137 Air                    7   14.784   0.0012  30528.8407   71998.1725      1.000   619.41  290.622528   29.220486  (   0.00, 619.41,-650.00)
 |   138 Iron                  26   55.845   7.8740      1.7575      17.1639     10.000   629.41  296.312451   29.803104  (   0.00, 629.41,-650.00)
 |   139 Aluminum              13   26.982   2.6990      8.8963      39.8672      0.100   629.51  296.323691   29.805612  (   0.00, 629.51,-650.00)
 |   140 Air                    7   14.784   0.0012  30528.8407   71998.1725      0.350   629.86  296.323703   29.805617  (   0.00, 629.86,-650.00)
 |   141 PyrexGlass            10   20.495   2.2300     12.6748      43.5474      0.200   630.06  296.339482   29.810210  (   0.00, 630.06,-650.00)
 |   142 RPCGasDefault          8   16.809   0.0037   9559.7011   23915.1216      0.200   630.26  296.339503   29.810218  (   0.00, 630.26,-650.00)
 |   143 PyrexGlass            10   20.495   2.2300     12.6748      43.5474      0.200   630.46  296.355282   29.814811  (   0.00, 630.46,-650.00)
 |   144 Air                    7   14.784   0.0012  30528.8407   71998.1725      0.350   630.81  296.355294   29.814816  (   0.00, 630.81,-650.00)
 |   145 Aluminum              13   26.982   2.6990      8.8963      39.8672      0.100   630.91  296.366534   29.817324  (   0.00, 630.91,-650.00)
 |   146 Aluminum              13   26.982   2.6990      8.8963      39.8672      0.100   631.01  296.377775   29.819832  (   0.00, 631.01,-650.00)
 |   147 Air                    7   14.784   0.0012  30528.8407   71998.1725      0.350   631.36  296.377787   29.819837  (   0.00, 631.36,-650.00)
 |   148 PyrexGlass            10   20.495   2.2300     12.6748      43.5474      0.200   631.56  296.393566   29.824430  (   0.00, 631.56,-650.00)
 |   149 RPCGasDefault          8   16.809   0.0037   9559.7011   23915.1216      0.200   631.76  296.393587   29.824438  (   0.00, 631.76,-650.00)
 |   150 PyrexGlass            10   20.495   2.2300     12.6748      43.5474      0.200   631.96  296.409366   29.829031  (   0.00, 631.96,-650.00)
 |   151 Air                    7   14.784   0.0012  30528.8407   71998.1725      0.350   632.31  296.409378   29.829036  (   0.00, 632.31,-650.00)
 |   152 Aluminum              13   26.982   2.6990      8.8963      39.8672      0.100   632.41  296.420618   29.831544  (   0.00, 632.41,-650.00)
 |   153 Air                    7   14.784   0.0012  30528.8407   71998.1725      1.000   633.41  296.420651   29.831558  (   0.00, 633.41,-650.00)
 |   154 Iron                  26   55.845   7.8740      1.7575      17.1639     10.000   643.41  302.110574   30.414176  (   0.00, 643.41,-650.00)
 |   155 Aluminum              13   26.982   2.6990      8.8963      39.8672      0.100   643.51  302.121814   30.416685  (   0.00, 643.51,-650.00)
 |   156 Air                    7   14.784   0.0012  30528.8407   71998.1725      0.350   643.86  302.121826   30.416689  (   0.00, 643.86,-650.00)
 |   157 PyrexGlass            10   20.495   2.2300     12.6748      43.5474      0.200   644.06  302.137605   30.421282  (   0.00, 644.06,-650.00)
 |   158 RPCGasDefault          8   16.809   0.0037   9559.7011   23915.1216      0.200   644.26  302.137626   30.421291  (   0.00, 644.26,-650.00)
 |   159 PyrexGlass            10   20.495   2.2300     12.6748      43.5474      0.200   644.46  302.153405   30.425883  (   0.00, 644.46,-650.00)
 |   160 Air                    7   14.784   0.0012  30528.8407   71998.1725      0.350   644.81  302.153417   30.425888  (   0.00, 644.81,-650.00)
 |   161 Aluminum              13   26.982   2.6990      8.8963      39.8672      0.100   644.91  302.164657   30.428396  (   0.00, 644.91,-650.00)
 |   162 Aluminum              13   26.982   2.6990      8.8963      39.8672      0.100   645.01  302.175898   30.430905  (   0.00, 645.01,-650.00)
 |   163 Air                    7   14.784   0.0012  30528.8407   71998.1725      0.350   645.36  302.175910   30.430910  (   0.00, 645.36,-650.00)
 |   164 PyrexGlass            10   20.495   2.2300     12.6748      43.5474      0.200   645.56  302.191689   30.435502  (   0.00, 645.56,-650.00)
 |   165 RPCGasDefault          8   16.809   0.0037   9559.7011   23915.1216      0.200   645.76  302.191710   30.435511  (   0.00, 645.76,-650.00)
 |   166 PyrexGlass            10   20.495   2.2300     12.6748      43.5474      0.200   645.96  302.207489   30.440103  (   0.00, 645.96,-650.00)
 |   167 Air                    7   14.784   0.0012  30528.8407   71998.1725      0.350   646.31  302.207501   30.440108  (   0.00, 646.31,-650.00)
 |   168 Aluminum              13   26.982   2.6990      8.8963      39.8672      0.100   646.41  302.218741   30.442617  (   0.00, 646.41,-650.00)
 |   169 Air                    7   14.784   0.0012  30528.8407   71998.1725      1.000   647.41  302.218774   30.442630  (   0.00, 647.41,-650.00)
 |   170 Iron                  26   55.845   7.8740      1.7575      17.1639     10.000   657.41  307.908697   31.025249  (   0.00, 657.41,-650.00)
 |   171 Aluminum              13   26.982   2.6990      8.8963      39.8672      0.100   657.51  307.919937   31.027757  (   0.00, 657.51,-650.00)
 |   172 Air                    7   14.784   0.0012  30528.8407   71998.1725      0.350   657.86  307.919949   31.027762  (   0.00, 657.86,-650.00)
 |   173 PyrexGlass            10   20.495   2.2300     12.6748      43.5474      0.200   658.06  307.935728   31.032355  (   0.00, 658.06,-650.00)
 |   174 RPCGasDefault          8   16.809   0.0037   9559.7011   23915.1216      0.200   658.26  307.935749   31.032363  (   0.00, 658.26,-650.00)
 |   175 PyrexGlass            10   20.495   2.2300     12.6748      43.5474      0.200   658.46  307.951528   31.036956  (   0.00, 658.46,-650.00)
 |   176 Air                    7   14.784   0.0012  30528.8407   71998.1725      0.350   658.81  307.951540   31.036960  (   0.00, 658.81,-650.00)
 |   177 Aluminum              13   26.982   2.6990      8.8963      39.8672      0.100   658.91  307.962781   31.039469  (   0.00, 658.91,-650.00)
 |   178 Aluminum              13   26.982   2.6990      8.8963      39.8672      0.100   659.01  307.974021   31.041977  (   0.00, 659.01,-650.00)
 |   179 Air                    7   14.784   0.0012  30528.8407   71998.1725      0.350   659.36  307.974033   31.041982  (   0.00, 659.36,-650.00)
 |   180 PyrexGlass            10   20.495   2.2300     12.6748      43.5474      0.200   659.56  307.989812   31.046575  (   0.00, 659.56,-650.00)
 |   181 RPCGasDefault          8   16.809   0.0037   9559.7011   23915.1216      0.200   659.76  307.989833   31.046583  (   0.00, 659.76,-650.00)
 |   182 PyrexGlass            10   20.495   2.2300     12.6748      43.5474      0.200   659.96  308.005612   31.051176  (   0.00, 659.96,-650.00)
 |   183 Air                    7   14.784   0.0012  30528.8407   71998.1725      0.350   660.31  308.005624   31.051181  (   0.00, 660.31,-650.00)
 |   184 Aluminum              13   26.982   2.6990      8.8963      39.8672      0.100   660.41  308.016864   31.053689  (   0.00, 660.41,-650.00)
 |   185 Air                    7   14.784   0.0012  30528.8407   71998.1725      1.000   661.41  308.016897   31.053703  (   0.00, 661.41,-650.00)
 |   186 Iron                  26   55.845   7.8740      1.7575      17.1639     20.000   681.41  319.396742   32.218939  (   0.00, 681.41,-650.00)
 |   187 Air                    7   14.784   0.0012  30528.8407   71998.1725    218.588   900.00  319.403902   32.221975  (   0.00, 900.00,-650.00)
 +--------------------------------------------------------------------------------------------------------------------------------------------------
 |     0 Average Material      26   56.426   4.8584      2.8177      27.9312    900.000   900.00  319.403902   32.221975  (   0.00, 900.00,-650.00)
 +--------------------------------------------------------------------------------------------------------------------------------------------------
