materialScan compact_Fhe_dip_sol_ell_mat-LAr-EMC.xml 0. 190. 0. 0. 190. 1250. >| materialScan_compact_Fhe_dip_sol_ell_mat-LAr-EMC_0_190_0-0_190_0_1250.txt
TGeoManager: Changing system of units to ROOT units (cm, s, GeV).
DD4hep           WARN  ++ STD conditions NOT defined by client. NTP defaults taken.
VertexBarrelSupports_layer0 4.6 4.6 51.75
TGeoTube::SetTubeDimensions: In shape TGeoTube wrong rmin=37.869 rmax=15.591
 +--------------------------------------------------------------------------------------------------------------------------------------------------
 + Material scan between: x_0 = (   0.00, 190.00,   0.00) [cm] and x_1 = (   0.00, 190.00,1250.00) [cm] : 
 +--------------------------------------------------------------------------------------------------------------------------------------------------
 |     \   Material           Atomic                 Radiation   Interaction               Path   Integrated  Integrated    Material
 | Num. \  Name          Number/Z   Mass/A  Density    Length       Length    Thickness   Length      X0        Lambda      Endpoint  
 | Layer \                        [g/mole]  [g/cm3]     [cm]        [cm]          [cm]      [cm]     [cm]        [cm]     (     cm,     cm,     cm)
 +--------------------------------------------------------------------------------------------------------------------------------------------------
 |     1 Steel235              26   55.757   7.8500      1.7653      17.1928    500.000   500.00  283.245580   29.081916  (   0.00, 190.00, 500.00)
 |     2 Steel235              26   55.757   7.8500      1.7653      17.1928     21.000   521.00  295.141894   30.303356  (   0.00, 190.00, 521.00)
 |     3 Air                    7   14.784   0.0012  30528.8407   71998.1725      4.000   525.00  295.142025   30.303412  (   0.00, 190.00, 525.00)
 |     4 Steel235              26   55.757   7.8500      1.7653      17.1928      2.000   527.00  296.275007   30.419739  (   0.00, 190.00, 527.00)
 |     5 Polystyrene            6   11.077   1.0320     42.5383      70.1339      0.500   527.50  296.286762   30.426869  (   0.00, 190.00, 527.50)
 |     6 Air                    7   14.784   0.0012  30528.8407   71998.1725      0.150   527.65  296.286766   30.426871  (   0.00, 190.00, 527.65)
 |     7 Steel235              26   55.757   7.8500      1.7653      17.1928      2.000   529.65  297.419749   30.543198  (   0.00, 190.00, 529.65)
 |     8 Polystyrene            6   11.077   1.0320     42.5383      70.1339      0.500   530.15  297.431503   30.550328  (   0.00, 190.00, 530.15)
 |     9 Air                    7   14.784   0.0012  30528.8407   71998.1725      0.150   530.30  297.431508   30.550330  (   0.00, 190.00, 530.30)
 |    10 Steel235              26   55.757   7.8500      1.7653      17.1928      2.000   532.30  298.564490   30.666657  (   0.00, 190.00, 532.30)
 |    11 Polystyrene            6   11.077   1.0320     42.5383      70.1339      0.500   532.80  298.576244   30.673787  (   0.00, 190.00, 532.80)
 |    12 Air                    7   14.784   0.0012  30528.8407   71998.1725      0.150   532.95  298.576249   30.673789  (   0.00, 190.00, 532.95)
 |    13 Steel235              26   55.757   7.8500      1.7653      17.1928      2.000   534.95  299.709231   30.790116  (   0.00, 190.00, 534.95)
 |    14 Polystyrene            6   11.077   1.0320     42.5383      70.1339      0.500   535.45  299.720986   30.797245  (   0.00, 190.00, 535.45)
 |    15 Air                    7   14.784   0.0012  30528.8407   71998.1725      0.150   535.60  299.720990   30.797248  (   0.00, 190.00, 535.60)
 |    16 Steel235              26   55.757   7.8500      1.7653      17.1928      2.000   537.60  300.853973   30.913575  (   0.00, 190.00, 537.60)
 |    17 Polystyrene            6   11.077   1.0320     42.5383      70.1339      0.500   538.10  300.865727   30.920704  (   0.00, 190.00, 538.10)
 |    18 Air                    7   14.784   0.0012  30528.8407   71998.1725      0.150   538.25  300.865732   30.920707  (   0.00, 190.00, 538.25)
 |    19 Steel235              26   55.757   7.8500      1.7653      17.1928      2.000   540.25  301.998714   31.037034  (   0.00, 190.00, 540.25)
 |    20 Polystyrene            6   11.077   1.0320     42.5383      70.1339      0.500   540.75  302.010468   31.044163  (   0.00, 190.00, 540.75)
 |    21 Air                    7   14.784   0.0012  30528.8407   71998.1725      0.150   540.90  302.010473   31.044166  (   0.00, 190.00, 540.90)
 |    22 Steel235              26   55.757   7.8500      1.7653      17.1928      2.000   542.90  303.143456   31.160493  (   0.00, 190.00, 542.90)
 |    23 Polystyrene            6   11.077   1.0320     42.5383      70.1339      0.500   543.40  303.155210   31.167622  (   0.00, 190.00, 543.40)
 |    24 Air                    7   14.784   0.0012  30528.8407   71998.1725      0.150   543.55  303.155215   31.167624  (   0.00, 190.00, 543.55)
 |    25 Steel235              26   55.757   7.8500      1.7653      17.1928      2.000   545.55  304.288197   31.283952  (   0.00, 190.00, 545.55)
 |    26 Polystyrene            6   11.077   1.0320     42.5383      70.1339      0.500   546.05  304.299951   31.291081  (   0.00, 190.00, 546.05)
 |    27 Air                    7   14.784   0.0012  30528.8407   71998.1725      0.150   546.20  304.299956   31.291083  (   0.00, 190.00, 546.20)
 |    28 Steel235              26   55.757   7.8500      1.7653      17.1928      2.000   548.20  305.432938   31.407411  (   0.00, 190.00, 548.20)
 |    29 Polystyrene            6   11.077   1.0320     42.5383      70.1339      0.500   548.70  305.444692   31.414540  (   0.00, 190.00, 548.70)
 |    30 Air                    7   14.784   0.0012  30528.8407   71998.1725      0.150   548.85  305.444697   31.414542  (   0.00, 190.00, 548.85)
 |    31 Steel235              26   55.757   7.8500      1.7653      17.1928      2.000   550.85  306.577680   31.530870  (   0.00, 190.00, 550.85)
 |    32 Polystyrene            6   11.077   1.0320     42.5383      70.1339      0.500   551.35  306.589434   31.537999  (   0.00, 190.00, 551.35)
 |    33 Air                    7   14.784   0.0012  30528.8407   71998.1725      0.150   551.50  306.589439   31.538001  (   0.00, 190.00, 551.50)
 |    34 Steel235              26   55.757   7.8500      1.7653      17.1928      2.000   553.50  307.722421   31.654329  (   0.00, 190.00, 553.50)
 |    35 Polystyrene            6   11.077   1.0320     42.5383      70.1339      0.500   554.00  307.734175   31.661458  (   0.00, 190.00, 554.00)
 |    36 Air                    7   14.784   0.0012  30528.8407   71998.1725      0.150   554.15  307.734180   31.661460  (   0.00, 190.00, 554.15)
 |    37 Steel235              26   55.757   7.8500      1.7653      17.1928      2.000   556.15  308.867162   31.777788  (   0.00, 190.00, 556.15)
 |    38 Polystyrene            6   11.077   1.0320     42.5383      70.1339      0.500   556.65  308.878916   31.784917  (   0.00, 190.00, 556.65)
 |    39 Air                    7   14.784   0.0012  30528.8407   71998.1725      0.150   556.80  308.878921   31.784919  (   0.00, 190.00, 556.80)
 |    40 Steel235              26   55.757   7.8500      1.7653      17.1928      2.000   558.80  310.011904   31.901247  (   0.00, 190.00, 558.80)
 |    41 Polystyrene            6   11.077   1.0320     42.5383      70.1339      0.500   559.30  310.023658   31.908376  (   0.00, 190.00, 559.30)
 |    42 Air                    7   14.784   0.0012  30528.8407   71998.1725      0.150   559.45  310.023663   31.908378  (   0.00, 190.00, 559.45)
 |    43 Steel235              26   55.757   7.8500      1.7653      17.1928      2.000   561.45  311.156645   32.024706  (   0.00, 190.00, 561.45)
 |    44 Polystyrene            6   11.077   1.0320     42.5383      70.1339      0.500   561.95  311.168399   32.031835  (   0.00, 190.00, 561.95)
 |    45 Air                    7   14.784   0.0012  30528.8407   71998.1725      0.150   562.10  311.168404   32.031837  (   0.00, 190.00, 562.10)
 |    46 Steel235              26   55.757   7.8500      1.7653      17.1928      2.000   564.10  312.301386   32.148165  (   0.00, 190.00, 564.10)
 |    47 Polystyrene            6   11.077   1.0320     42.5383      70.1339      0.500   564.60  312.313140   32.155294  (   0.00, 190.00, 564.60)
 |    48 Air                    7   14.784   0.0012  30528.8407   71998.1725      0.150   564.75  312.313145   32.155296  (   0.00, 190.00, 564.75)
 |    49 Steel235              26   55.757   7.8500      1.7653      17.1928      2.000   566.75  313.446128   32.271624  (   0.00, 190.00, 566.75)
 |    50 Polystyrene            6   11.077   1.0320     42.5383      70.1339      0.500   567.25  313.457882   32.278753  (   0.00, 190.00, 567.25)
 |    51 Air                    7   14.784   0.0012  30528.8407   71998.1725      0.150   567.40  313.457887   32.278755  (   0.00, 190.00, 567.40)
 |    52 Steel235              26   55.757   7.8500      1.7653      17.1928      2.000   569.40  314.590869   32.395083  (   0.00, 190.00, 569.40)
 |    53 Polystyrene            6   11.077   1.0320     42.5383      70.1339      0.500   569.90  314.602623   32.402212  (   0.00, 190.00, 569.90)
 |    54 Air                    7   14.784   0.0012  30528.8407   71998.1725      0.150   570.05  314.602628   32.402214  (   0.00, 190.00, 570.05)
 |    55 Steel235              26   55.757   7.8500      1.7653      17.1928      2.000   572.05  315.735610   32.518542  (   0.00, 190.00, 572.05)
 |    56 Polystyrene            6   11.077   1.0320     42.5383      70.1339      0.500   572.55  315.747364   32.525671  (   0.00, 190.00, 572.55)
 |    57 Air                    7   14.784   0.0012  30528.8407   71998.1725      0.150   572.70  315.747369   32.525673  (   0.00, 190.00, 572.70)
 |    58 Steel235              26   55.757   7.8500      1.7653      17.1928      2.000   574.70  316.880352   32.642001  (   0.00, 190.00, 574.70)
 |    59 Polystyrene            6   11.077   1.0320     42.5383      70.1339      0.500   575.20  316.892106   32.649130  (   0.00, 190.00, 575.20)
 |    60 Air                    7   14.784   0.0012  30528.8407   71998.1725      0.150   575.35  316.892111   32.649132  (   0.00, 190.00, 575.35)
 |    61 Steel235              26   55.757   7.8500      1.7653      17.1928      2.000   577.35  318.025093   32.765460  (   0.00, 190.00, 577.35)
 |    62 Polystyrene            6   11.077   1.0320     42.5383      70.1339      0.500   577.85  318.036847   32.772589  (   0.00, 190.00, 577.85)
 |    63 Air                    7   14.784   0.0012  30528.8407   71998.1725      0.150   578.00  318.036852   32.772591  (   0.00, 190.00, 578.00)
 |    64 Steel235              26   55.757   7.8500      1.7653      17.1928      2.000   580.00  319.169834   32.888919  (   0.00, 190.00, 580.00)
 |    65 Polystyrene            6   11.077   1.0320     42.5383      70.1339      0.500   580.50  319.181589   32.896048  (   0.00, 190.00, 580.50)
 |    66 Air                    7   14.784   0.0012  30528.8407   71998.1725      0.150   580.65  319.181593   32.896050  (   0.00, 190.00, 580.65)
 |    67 Steel235              26   55.757   7.8500      1.7653      17.1928      2.000   582.65  320.314576   33.012378  (   0.00, 190.00, 582.65)
 |    68 Polystyrene            6   11.077   1.0320     42.5383      70.1339      0.500   583.15  320.326330   33.019507  (   0.00, 190.00, 583.15)
 |    69 Air                    7   14.784   0.0012  30528.8407   71998.1725      0.150   583.30  320.326335   33.019509  (   0.00, 190.00, 583.30)
 |    70 Steel235              26   55.757   7.8500      1.7653      17.1928      2.000   585.30  321.459317   33.135837  (   0.00, 190.00, 585.30)
 |    71 Polystyrene            6   11.077   1.0320     42.5383      70.1339      0.500   585.80  321.471071   33.142966  (   0.00, 190.00, 585.80)
 |    72 Air                    7   14.784   0.0012  30528.8407   71998.1725      0.150   585.95  321.471076   33.142968  (   0.00, 190.00, 585.95)
 |    73 Steel235              26   55.757   7.8500      1.7653      17.1928      2.000   587.95  322.604058   33.259296  (   0.00, 190.00, 587.95)
 |    74 Polystyrene            6   11.077   1.0320     42.5383      70.1339      0.500   588.45  322.615813   33.266425  (   0.00, 190.00, 588.45)
 |    75 Air                    7   14.784   0.0012  30528.8407   71998.1725      0.150   588.60  322.615818   33.266427  (   0.00, 190.00, 588.60)
 |    76 Steel235              26   55.757   7.8500      1.7653      17.1928      2.000   590.60  323.748800   33.382755  (   0.00, 190.00, 590.60)
 |    77 Polystyrene            6   11.077   1.0320     42.5383      70.1339      0.500   591.10  323.760554   33.389884  (   0.00, 190.00, 591.10)
 |    78 Air                    7   14.784   0.0012  30528.8407   71998.1725      0.150   591.25  323.760559   33.389886  (   0.00, 190.00, 591.25)
 |    79 Steel235              26   55.757   7.8500      1.7653      17.1928      2.000   593.25  324.893541   33.506214  (   0.00, 190.00, 593.25)
 |    80 Polystyrene            6   11.077   1.0320     42.5383      70.1339      0.500   593.75  324.905295   33.513343  (   0.00, 190.00, 593.75)
 |    81 Air                    7   14.784   0.0012  30528.8407   71998.1725      0.150   593.90  324.905300   33.513345  (   0.00, 190.00, 593.90)
 |    82 Steel235              26   55.757   7.8500      1.7653      17.1928      2.000   595.90  326.038283   33.629673  (   0.00, 190.00, 595.90)
 |    83 Polystyrene            6   11.077   1.0320     42.5383      70.1339      0.500   596.40  326.050037   33.636802  (   0.00, 190.00, 596.40)
 |    84 Air                    7   14.784   0.0012  30528.8407   71998.1725      0.150   596.55  326.050042   33.636804  (   0.00, 190.00, 596.55)
 |    85 Steel235              26   55.757   7.8500      1.7653      17.1928      2.000   598.55  327.183024   33.753131  (   0.00, 190.00, 598.55)
 |    86 Polystyrene            6   11.077   1.0320     42.5383      70.1339      0.500   599.05  327.194778   33.760261  (   0.00, 190.00, 599.05)
 |    87 Air                    7   14.784   0.0012  30528.8407   71998.1725      0.150   599.20  327.194783   33.760263  (   0.00, 190.00, 599.20)
 |    88 Steel235              26   55.757   7.8500      1.7653      17.1928      2.000   601.20  328.327765   33.876590  (   0.00, 190.00, 601.20)
 |    89 Polystyrene            6   11.077   1.0320     42.5383      70.1339      0.500   601.70  328.339519   33.883720  (   0.00, 190.00, 601.70)
 |    90 Air                    7   14.784   0.0012  30528.8407   71998.1725      0.150   601.85  328.339524   33.883722  (   0.00, 190.00, 601.85)
 |    91 Steel235              26   55.757   7.8500      1.7653      17.1928      2.000   603.85  329.472507   34.000049  (   0.00, 190.00, 603.85)
 |    92 Polystyrene            6   11.077   1.0320     42.5383      70.1339      0.500   604.35  329.484261   34.007179  (   0.00, 190.00, 604.35)
 |    93 Air                    7   14.784   0.0012  30528.8407   71998.1725      0.150   604.50  329.484266   34.007181  (   0.00, 190.00, 604.50)
 |    94 Steel235              26   55.757   7.8500      1.7653      17.1928      2.000   606.50  330.617248   34.123508  (   0.00, 190.00, 606.50)
 |    95 Polystyrene            6   11.077   1.0320     42.5383      70.1339      0.500   607.00  330.629002   34.130638  (   0.00, 190.00, 607.00)
 |    96 Air                    7   14.784   0.0012  30528.8407   71998.1725      0.150   607.15  330.629007   34.130640  (   0.00, 190.00, 607.15)
 |    97 Steel235              26   55.757   7.8500      1.7653      17.1928      2.000   609.15  331.761989   34.246967  (   0.00, 190.00, 609.15)
 |    98 Polystyrene            6   11.077   1.0320     42.5383      70.1339      0.500   609.65  331.773743   34.254097  (   0.00, 190.00, 609.65)
 |    99 Air                    7   14.784   0.0012  30528.8407   71998.1725      0.150   609.80  331.773748   34.254099  (   0.00, 190.00, 609.80)
 |   100 Steel235              26   55.757   7.8500      1.7653      17.1928      2.000   611.80  332.906731   34.370426  (   0.00, 190.00, 611.80)
 |   101 Polystyrene            6   11.077   1.0320     42.5383      70.1339      0.500   612.30  332.918485   34.377556  (   0.00, 190.00, 612.30)
 |   102 Air                    7   14.784   0.0012  30528.8407   71998.1725      0.150   612.45  332.918490   34.377558  (   0.00, 190.00, 612.45)
 |   103 Steel235              26   55.757   7.8500      1.7653      17.1928      2.000   614.45  334.051472   34.493885  (   0.00, 190.00, 614.45)
 |   104 Polystyrene            6   11.077   1.0320     42.5383      70.1339      0.500   614.95  334.063226   34.501015  (   0.00, 190.00, 614.95)
 |   105 Air                    7   14.784   0.0012  30528.8407   71998.1725      0.150   615.10  334.063231   34.501017  (   0.00, 190.00, 615.10)
 |   106 Steel235              26   55.757   7.8500      1.7653      17.1928      2.000   617.10  335.196213   34.617344  (   0.00, 190.00, 617.10)
 |   107 Polystyrene            6   11.077   1.0320     42.5383      70.1339      0.500   617.60  335.207967   34.624473  (   0.00, 190.00, 617.60)
 |   108 Air                    7   14.784   0.0012  30528.8407   71998.1725      0.150   617.75  335.207972   34.624476  (   0.00, 190.00, 617.75)
 |   109 Steel235              26   55.757   7.8500      1.7653      17.1928      2.200   619.95  336.454253   34.752436  (   0.00, 190.00, 619.95)
 |   110 Polystyrene            6   11.077   1.0320     42.5383      70.1339      0.500   620.45  336.466007   34.759565  (   0.00, 190.00, 620.45)
 |   111 Air                    7   14.784   0.0012  30528.8407   71998.1725      0.150   620.60  336.466012   34.759567  (   0.00, 190.00, 620.60)
 |   112 Steel235              26   55.757   7.8500      1.7653      17.1928      2.200   622.80  337.712292   34.887528  (   0.00, 190.00, 622.80)
 |   113 Polystyrene            6   11.077   1.0320     42.5383      70.1339      0.500   623.30  337.724047   34.894657  (   0.00, 190.00, 623.30)
 |   114 Air                    7   14.784   0.0012  30528.8407   71998.1725      0.150   623.45  337.724052   34.894659  (   0.00, 190.00, 623.45)
 |   115 Steel235              26   55.757   7.8500      1.7653      17.1928      2.200   625.65  338.970332   35.022619  (   0.00, 190.00, 625.65)
 |   116 Polystyrene            6   11.077   1.0320     42.5383      70.1339      0.500   626.15  338.982086   35.029749  (   0.00, 190.00, 626.15)
 |   117 Air                    7   14.784   0.0012  30528.8407   71998.1725      0.150   626.30  338.982091   35.029751  (   0.00, 190.00, 626.30)
 |   118 Steel235              26   55.757   7.8500      1.7653      17.1928      2.200   628.50  340.228372   35.157711  (   0.00, 190.00, 628.50)
 |   119 Polystyrene            6   11.077   1.0320     42.5383      70.1339      0.500   629.00  340.240126   35.164840  (   0.00, 190.00, 629.00)
 |   120 Air                    7   14.784   0.0012  30528.8407   71998.1725      0.150   629.15  340.240131   35.164842  (   0.00, 190.00, 629.15)
 |   121 Steel235              26   55.757   7.8500      1.7653      17.1928      2.200   631.35  341.486411   35.292803  (   0.00, 190.00, 631.35)
 |   122 Polystyrene            6   11.077   1.0320     42.5383      70.1339      0.500   631.85  341.498165   35.299932  (   0.00, 190.00, 631.85)
 |   123 Air                    7   14.784   0.0012  30528.8407   71998.1725      0.150   632.00  341.498170   35.299934  (   0.00, 190.00, 632.00)
 |   124 Steel235              26   55.757   7.8500      1.7653      17.1928      2.200   634.20  342.744451   35.427895  (   0.00, 190.00, 634.20)
 |   125 Polystyrene            6   11.077   1.0320     42.5383      70.1339      0.500   634.70  342.756205   35.435024  (   0.00, 190.00, 634.70)
 |   126 Air                    7   14.784   0.0012  30528.8407   71998.1725      0.150   634.85  342.756210   35.435026  (   0.00, 190.00, 634.85)
 |   127 Steel235              26   55.757   7.8500      1.7653      17.1928      2.200   637.05  344.002490   35.562986  (   0.00, 190.00, 637.05)
 |   128 Polystyrene            6   11.077   1.0320     42.5383      70.1339      0.500   637.55  344.014245   35.570116  (   0.00, 190.00, 637.55)
 |   129 Air                    7   14.784   0.0012  30528.8407   71998.1725      0.150   637.70  344.014249   35.570118  (   0.00, 190.00, 637.70)
 |   130 Steel235              26   55.757   7.8500      1.7653      17.1928      2.200   639.90  345.260530   35.698078  (   0.00, 190.00, 639.90)
 |   131 Polystyrene            6   11.077   1.0320     42.5383      70.1339      0.500   640.40  345.272284   35.705207  (   0.00, 190.00, 640.40)
 |   132 Air                    7   14.784   0.0012  30528.8407   71998.1725      0.150   640.55  345.272289   35.705209  (   0.00, 190.00, 640.55)
 |   133 Steel235              26   55.757   7.8500      1.7653      17.1928      2.200   642.75  346.518570   35.833170  (   0.00, 190.00, 642.75)
 |   134 Polystyrene            6   11.077   1.0320     42.5383      70.1339      0.500   643.25  346.530324   35.840299  (   0.00, 190.00, 643.25)
 |   135 Air                    7   14.784   0.0012  30528.8407   71998.1725      0.150   643.40  346.530329   35.840301  (   0.00, 190.00, 643.40)
 |   136 Steel235              26   55.757   7.8500      1.7653      17.1928      2.200   645.60  347.776609   35.968262  (   0.00, 190.00, 645.60)
 |   137 Polystyrene            6   11.077   1.0320     42.5383      70.1339      0.500   646.10  347.788363   35.975391  (   0.00, 190.00, 646.10)
 |   138 Air                    7   14.784   0.0012  30528.8407   71998.1725      0.150   646.25  347.788368   35.975393  (   0.00, 190.00, 646.25)
 |   139 Steel235              26   55.757   7.8500      1.7653      17.1928      2.200   648.45  349.034649   36.103353  (   0.00, 190.00, 648.45)
 |   140 Polystyrene            6   11.077   1.0320     42.5383      70.1339      0.500   648.95  349.046403   36.110483  (   0.00, 190.00, 648.95)
 |   141 Air                    7   14.784   0.0012  30528.8407   71998.1725      0.150   649.10  349.046408   36.110485  (   0.00, 190.00, 649.10)
 |   142 Steel235              26   55.757   7.8500      1.7653      17.1928      2.200   651.30  350.292688   36.238445  (   0.00, 190.00, 651.30)
 |   143 Polystyrene            6   11.077   1.0320     42.5383      70.1339      0.500   651.80  350.304442   36.245574  (   0.00, 190.00, 651.80)
 |   144 Air                    7   14.784   0.0012  30528.8407   71998.1725      0.150   651.95  350.304447   36.245576  (   0.00, 190.00, 651.95)
 |   145 Steel235              26   55.757   7.8500      1.7653      17.1928      2.200   654.15  351.550728   36.373537  (   0.00, 190.00, 654.15)
 |   146 Polystyrene            6   11.077   1.0320     42.5383      70.1339      0.500   654.65  351.562482   36.380666  (   0.00, 190.00, 654.65)
 |   147 Air                    7   14.784   0.0012  30528.8407   71998.1725      0.150   654.80  351.562487   36.380668  (   0.00, 190.00, 654.80)
 |   148 Steel235              26   55.757   7.8500      1.7653      17.1928      2.200   657.00  352.808767   36.508629  (   0.00, 190.00, 657.00)
 |   149 Polystyrene            6   11.077   1.0320     42.5383      70.1339      0.500   657.50  352.820522   36.515758  (   0.00, 190.00, 657.50)
 |   150 Air                    7   14.784   0.0012  30528.8407   71998.1725      0.150   657.65  352.820527   36.515760  (   0.00, 190.00, 657.65)
 |   151 Steel235              26   55.757   7.8500      1.7653      17.1928      2.200   659.85  354.066807   36.643720  (   0.00, 190.00, 659.85)
 |   152 Polystyrene            6   11.077   1.0320     42.5383      70.1339      0.500   660.35  354.078561   36.650849  (   0.00, 190.00, 660.35)
 |   153 Air                    7   14.784   0.0012  30528.8407   71998.1725      0.150   660.50  354.078566   36.650852  (   0.00, 190.00, 660.50)
 |   154 Steel235              26   55.757   7.8500      1.7653      17.1928      2.200   662.70  355.324847   36.778812  (   0.00, 190.00, 662.70)
 |   155 Polystyrene            6   11.077   1.0320     42.5383      70.1339      0.500   663.20  355.336601   36.785941  (   0.00, 190.00, 663.20)
 |   156 Air                    7   14.784   0.0012  30528.8407   71998.1725      0.150   663.35  355.336606   36.785943  (   0.00, 190.00, 663.35)
 |   157 Steel235              26   55.757   7.8500      1.7653      17.1928      2.200   665.55  356.582886   36.913904  (   0.00, 190.00, 665.55)
 |   158 Polystyrene            6   11.077   1.0320     42.5383      70.1339      0.500   666.05  356.594640   36.921033  (   0.00, 190.00, 666.05)
 |   159 Air                    7   14.784   0.0012  30528.8407   71998.1725      0.150   666.20  356.594645   36.921035  (   0.00, 190.00, 666.20)
 |   160 Steel235              26   55.757   7.8500      1.7653      17.1928      2.200   668.40  357.840926   37.048995  (   0.00, 190.00, 668.40)
 |   161 Polystyrene            6   11.077   1.0320     42.5383      70.1339      0.500   668.90  357.852680   37.056125  (   0.00, 190.00, 668.90)
 |   162 Air                    7   14.784   0.0012  30528.8407   71998.1725      0.150   669.05  357.852685   37.056127  (   0.00, 190.00, 669.05)
 |   163 Steel235              26   55.757   7.8500      1.7653      17.1928      2.200   671.25  359.098965   37.184087  (   0.00, 190.00, 671.25)
 |   164 Polystyrene            6   11.077   1.0320     42.5383      70.1339      0.500   671.75  359.110720   37.191216  (   0.00, 190.00, 671.75)
 |   165 Air                    7   14.784   0.0012  30528.8407   71998.1725      0.150   671.90  359.110724   37.191218  (   0.00, 190.00, 671.90)
 |   166 Steel235              26   55.757   7.8500      1.7653      17.1928      2.200   674.10  360.357005   37.319179  (   0.00, 190.00, 674.10)
 |   167 Polystyrene            6   11.077   1.0320     42.5383      70.1339      0.500   674.60  360.368759   37.326308  (   0.00, 190.00, 674.60)
 |   168 Air                    7   14.784   0.0012  30528.8407   71998.1725      0.150   674.75  360.368764   37.326310  (   0.00, 190.00, 674.75)
 |   169 Steel235              26   55.757   7.8500      1.7653      17.1928      2.200   676.95  361.615045   37.454271  (   0.00, 190.00, 676.95)
 |   170 Polystyrene            6   11.077   1.0320     42.5383      70.1339      0.500   677.45  361.626799   37.461400  (   0.00, 190.00, 677.45)
 |   171 Air                    7   14.784   0.0012  30528.8407   71998.1725      0.150   677.60  361.626804   37.461402  (   0.00, 190.00, 677.60)
 |   172 Steel235              26   55.757   7.8500      1.7653      17.1928      2.200   679.80  362.873084   37.589362  (   0.00, 190.00, 679.80)
 |   173 Polystyrene            6   11.077   1.0320     42.5383      70.1339      0.500   680.30  362.884838   37.596492  (   0.00, 190.00, 680.30)
 |   174 Air                    7   14.784   0.0012  30528.8407   71998.1725      0.150   680.45  362.884843   37.596494  (   0.00, 190.00, 680.45)
 |   175 Steel235              26   55.757   7.8500      1.7653      17.1928      2.200   682.65  364.131124   37.724454  (   0.00, 190.00, 682.65)
 |   176 Polystyrene            6   11.077   1.0320     42.5383      70.1339      0.500   683.15  364.142878   37.731583  (   0.00, 190.00, 683.15)
 |   177 Air                    7   14.784   0.0012  30528.8407   71998.1725      0.150   683.30  364.142883   37.731585  (   0.00, 190.00, 683.30)
 |   178 Steel235              26   55.757   7.8500      1.7653      17.1928      2.200   685.50  365.389163   37.859546  (   0.00, 190.00, 685.50)
 |   179 Polystyrene            6   11.077   1.0320     42.5383      70.1339      0.500   686.00  365.400917   37.866675  (   0.00, 190.00, 686.00)
 |   180 Air                    7   14.784   0.0012  30528.8407   71998.1725      0.150   686.15  365.400922   37.866677  (   0.00, 190.00, 686.15)
 |   181 Steel235              26   55.757   7.8500      1.7653      17.1928      2.200   688.35  366.647203   37.994638  (   0.00, 190.00, 688.35)
 |   182 Polystyrene            6   11.077   1.0320     42.5383      70.1339      0.500   688.85  366.658957   38.001767  (   0.00, 190.00, 688.85)
 |   183 Air                    7   14.784   0.0012  30528.8407   71998.1725      0.150   689.00  366.658962   38.001769  (   0.00, 190.00, 689.00)
 |   184 Steel235              26   55.757   7.8500      1.7653      17.1928      2.200   691.20  367.905242   38.129729  (   0.00, 190.00, 691.20)
 |   185 Polystyrene            6   11.077   1.0320     42.5383      70.1339      0.500   691.70  367.916997   38.136859  (   0.00, 190.00, 691.70)
 |   186 Air                    7   14.784   0.0012  30528.8407   71998.1725      0.150   691.85  367.917002   38.136861  (   0.00, 190.00, 691.85)
 |   187 Steel235              26   55.757   7.8500      1.7653      17.1928      2.200   694.05  369.163282   38.264821  (   0.00, 190.00, 694.05)
 |   188 Polystyrene            6   11.077   1.0320     42.5383      70.1339      0.500   694.55  369.175036   38.271950  (   0.00, 190.00, 694.55)
 |   189 Air                    7   14.784   0.0012  30528.8407   71998.1725      0.150   694.70  369.175041   38.271952  (   0.00, 190.00, 694.70)
 |   190 Steel235              26   55.757   7.8500      1.7653      17.1928      2.200   696.90  370.421322   38.399913  (   0.00, 190.00, 696.90)
 |   191 Polystyrene            6   11.077   1.0320     42.5383      70.1339      0.500   697.40  370.433076   38.407042  (   0.00, 190.00, 697.40)
 |   192 Air                    7   14.784   0.0012  30528.8407   71998.1725      0.150   697.55  370.433081   38.407044  (   0.00, 190.00, 697.55)
 |   193 Steel235              26   55.757   7.8500      1.7653      17.1928      2.200   699.75  371.679361   38.535005  (   0.00, 190.00, 699.75)
 |   194 Polystyrene            6   11.077   1.0320     42.5383      70.1339      0.500   700.25  371.691115   38.542134  (   0.00, 190.00, 700.25)
 |   195 Air                    7   14.784   0.0012  30528.8407   71998.1725      0.150   700.40  371.691120   38.542136  (   0.00, 190.00, 700.40)
 |   196 Steel235              26   55.757   7.8500      1.7653      17.1928      2.200   702.60  372.937401   38.670096  (   0.00, 190.00, 702.60)
 |   197 Polystyrene            6   11.077   1.0320     42.5383      70.1339      0.500   703.10  372.949155   38.677225  (   0.00, 190.00, 703.10)
 |   198 Air                    7   14.784   0.0012  30528.8407   71998.1725      0.150   703.25  372.949160   38.677228  (   0.00, 190.00, 703.25)
 |   199 Steel235              26   55.757   7.8500      1.7653      17.1928      2.200   705.45  374.195440   38.805188  (   0.00, 190.00, 705.45)
 |   200 Polystyrene            6   11.077   1.0320     42.5383      70.1339      0.500   705.95  374.207195   38.812317  (   0.00, 190.00, 705.95)
 |   201 Air                    7   14.784   0.0012  30528.8407   71998.1725      0.150   706.10  374.207199   38.812319  (   0.00, 190.00, 706.10)
 |   202 Steel235              26   55.757   7.8500      1.7653      17.1928      2.200   708.30  375.453480   38.940280  (   0.00, 190.00, 708.30)
 |   203 Polystyrene            6   11.077   1.0320     42.5383      70.1339      0.500   708.80  375.465234   38.947409  (   0.00, 190.00, 708.80)
 |   204 Air                    7   14.784   0.0012  30528.8407   71998.1725      0.150   708.95  375.465239   38.947411  (   0.00, 190.00, 708.95)
 |   205 Steel235              26   55.757   7.8500      1.7653      17.1928      2.200   711.15  376.711520   39.075371  (   0.00, 190.00, 711.15)
 |   206 Polystyrene            6   11.077   1.0320     42.5383      70.1339      0.500   711.65  376.723274   39.082501  (   0.00, 190.00, 711.65)
 |   207 Air                    7   14.784   0.0012  30528.8407   71998.1725      0.150   711.80  376.723279   39.082503  (   0.00, 190.00, 711.80)
 |   208 Steel235              26   55.757   7.8500      1.7653      17.1928      2.200   714.00  377.969559   39.210463  (   0.00, 190.00, 714.00)
 |   209 Polystyrene            6   11.077   1.0320     42.5383      70.1339      0.500   714.50  377.981313   39.217592  (   0.00, 190.00, 714.50)
 |   210 Air                    7   14.784   0.0012  30528.8407   71998.1725      0.150   714.65  377.981318   39.217595  (   0.00, 190.00, 714.65)
 |   211 Steel235              26   55.757   7.8500      1.7653      17.1928      2.200   716.85  379.227599   39.345555  (   0.00, 190.00, 716.85)
 |   212 Polystyrene            6   11.077   1.0320     42.5383      70.1339      0.500   717.35  379.239353   39.352684  (   0.00, 190.00, 717.35)
 |   213 Air                    7   14.784   0.0012  30528.8407   71998.1725      0.150   717.50  379.239358   39.352686  (   0.00, 190.00, 717.50)
 |   214 Steel235              26   55.757   7.8500      1.7653      17.1928      2.200   719.70  380.485638   39.480647  (   0.00, 190.00, 719.70)
 |   215 Polystyrene            6   11.077   1.0320     42.5383      70.1339      0.500   720.20  380.497392   39.487776  (   0.00, 190.00, 720.20)
 |   216 Air                    7   14.784   0.0012  30528.8407   71998.1725      0.150   720.35  380.497397   39.487778  (   0.00, 190.00, 720.35)
 |   217 Steel235              26   55.757   7.8500      1.7653      17.1928      2.200   722.55  381.743678   39.615738  (   0.00, 190.00, 722.55)
 |   218 Polystyrene            6   11.077   1.0320     42.5383      70.1339      0.500   723.05  381.755432   39.622868  (   0.00, 190.00, 723.05)
 |   219 Air                    7   14.784   0.0012  30528.8407   71998.1725      0.150   723.20  381.755437   39.622870  (   0.00, 190.00, 723.20)
 |   220 Steel235              26   55.757   7.8500      1.7653      17.1928      2.200   725.40  383.001717   39.750830  (   0.00, 190.00, 725.40)
 |   221 Polystyrene            6   11.077   1.0320     42.5383      70.1339      0.500   725.90  383.013472   39.757959  (   0.00, 190.00, 725.90)
 |   222 Air                    7   14.784   0.0012  30528.8407   71998.1725      0.150   726.05  383.013477   39.757961  (   0.00, 190.00, 726.05)
 |   223 Steel235              26   55.757   7.8500      1.7653      17.1928      2.200   728.25  384.259757   39.885922  (   0.00, 190.00, 728.25)
 |   224 Polystyrene            6   11.077   1.0320     42.5383      70.1339      0.500   728.75  384.271511   39.893051  (   0.00, 190.00, 728.75)
 |   225 Air                    7   14.784   0.0012  30528.8407   71998.1725      0.150   728.90  384.271516   39.893053  (   0.00, 190.00, 728.90)
 |   226 Steel235              26   55.757   7.8500      1.7653      17.1928      2.200   731.10  385.517797   40.021014  (   0.00, 190.00, 731.10)
 |   227 Polystyrene            6   11.077   1.0320     42.5383      70.1339      0.500   731.60  385.529551   40.028143  (   0.00, 190.00, 731.60)
 |   228 Air                    7   14.784   0.0012  30528.8407   71998.1725      0.150   731.75  385.529556   40.028145  (   0.00, 190.00, 731.75)
 |   229 Steel235              26   55.757   7.8500      1.7653      17.1928      2.500   734.25  386.945784   40.173554  (   0.00, 190.00, 734.25)
 |   230 Polystyrene            6   11.077   1.0320     42.5383      70.1339      0.500   734.75  386.957538   40.180684  (   0.00, 190.00, 734.75)
 |   231 Air                    7   14.784   0.0012  30528.8407   71998.1725      0.150   734.90  386.957543   40.180686  (   0.00, 190.00, 734.90)
 |   232 Steel235              26   55.757   7.8500      1.7653      17.1928      2.500   737.40  388.373771   40.326095  (   0.00, 190.00, 737.40)
 |   233 Polystyrene            6   11.077   1.0320     42.5383      70.1339      0.500   737.90  388.385525   40.333225  (   0.00, 190.00, 737.90)
 |   234 Air                    7   14.784   0.0012  30528.8407   71998.1725      0.150   738.05  388.385530   40.333227  (   0.00, 190.00, 738.05)
 |   235 Steel235              26   55.757   7.8500      1.7653      17.1928      2.500   740.55  389.801757   40.478636  (   0.00, 190.00, 740.55)
 |   236 Polystyrene            6   11.077   1.0320     42.5383      70.1339      0.500   741.05  389.813512   40.485765  (   0.00, 190.00, 741.05)
 |   237 Air                    7   14.784   0.0012  30528.8407   71998.1725      0.150   741.20  389.813516   40.485768  (   0.00, 190.00, 741.20)
 |   238 Steel235              26   55.757   7.8500      1.7653      17.1928      2.500   743.70  391.229744   40.631177  (   0.00, 190.00, 743.70)
 |   239 Polystyrene            6   11.077   1.0320     42.5383      70.1339      0.500   744.20  391.241498   40.638306  (   0.00, 190.00, 744.20)
 |   240 Air                    7   14.784   0.0012  30528.8407   71998.1725      0.150   744.35  391.241503   40.638308  (   0.00, 190.00, 744.35)
 |   241 Steel235              26   55.757   7.8500      1.7653      17.1928      2.500   746.85  392.657731   40.783718  (   0.00, 190.00, 746.85)
 |   242 Polystyrene            6   11.077   1.0320     42.5383      70.1339      0.500   747.35  392.669485   40.790847  (   0.00, 190.00, 747.35)
 |   243 Air                    7   14.784   0.0012  30528.8407   71998.1725      0.150   747.50  392.669490   40.790849  (   0.00, 190.00, 747.50)
 |   244 Steel235              26   55.757   7.8500      1.7653      17.1928      2.500   750.00  394.085718   40.936259  (   0.00, 190.00, 750.00)
 |   245 Polystyrene            6   11.077   1.0320     42.5383      70.1339      0.500   750.50  394.097472   40.943388  (   0.00, 190.00, 750.50)
 |   246 Air                    7   14.784   0.0012  30528.8407   71998.1725      0.150   750.65  394.097477   40.943390  (   0.00, 190.00, 750.65)
 |   247 Steel235              26   55.757   7.8500      1.7653      17.1928      2.500   753.15  395.513705   41.088800  (   0.00, 190.00, 753.15)
 |   248 Polystyrene            6   11.077   1.0320     42.5383      70.1339      0.500   753.65  395.525459   41.095929  (   0.00, 190.00, 753.65)
 |   249 Air                    7   14.784   0.0012  30528.8407   71998.1725      0.150   753.80  395.525464   41.095931  (   0.00, 190.00, 753.80)
 |   250 Steel235              26   55.757   7.8500      1.7653      17.1928      2.500   756.30  396.941692   41.241341  (   0.00, 190.00, 756.30)
 |   251 Polystyrene            6   11.077   1.0320     42.5383      70.1339      0.500   756.80  396.953446   41.248470  (   0.00, 190.00, 756.80)
 |   252 Air                    7   14.784   0.0012  30528.8407   71998.1725      0.150   756.95  396.953451   41.248472  (   0.00, 190.00, 756.95)
 |   253 Steel235              26   55.757   7.8500      1.7653      17.1928      2.500   759.45  398.369679   41.393882  (   0.00, 190.00, 759.45)
 |   254 Polystyrene            6   11.077   1.0320     42.5383      70.1339      0.500   759.95  398.381433   41.401011  (   0.00, 190.00, 759.95)
 |   255 Air                    7   14.784   0.0012  30528.8407   71998.1725      0.150   760.10  398.381438   41.401013  (   0.00, 190.00, 760.10)
 |   256 Steel235              26   55.757   7.8500      1.7653      17.1928      2.500   762.60  399.797666   41.546422  (   0.00, 190.00, 762.60)
 |   257 Polystyrene            6   11.077   1.0320     42.5383      70.1339      0.500   763.10  399.809420   41.553552  (   0.00, 190.00, 763.10)
 |   258 Air                    7   14.784   0.0012  30528.8407   71998.1725      0.150   763.25  399.809425   41.553554  (   0.00, 190.00, 763.25)
 |   259 Steel235              26   55.757   7.8500      1.7653      17.1928      2.500   765.75  401.225653   41.698963  (   0.00, 190.00, 765.75)
 |   260 Polystyrene            6   11.077   1.0320     42.5383      70.1339      0.500   766.25  401.237407   41.706093  (   0.00, 190.00, 766.25)
 |   261 Air                    7   14.784   0.0012  30528.8407   71998.1725      0.150   766.40  401.237412   41.706095  (   0.00, 190.00, 766.40)
 |   262 Steel235              26   55.757   7.8500      1.7653      17.1928      2.500   768.90  402.653640   41.851504  (   0.00, 190.00, 768.90)
 |   263 Polystyrene            6   11.077   1.0320     42.5383      70.1339      0.500   769.40  402.665394   41.858633  (   0.00, 190.00, 769.40)
 |   264 Air                    7   14.784   0.0012  30528.8407   71998.1725      0.150   769.55  402.665399   41.858636  (   0.00, 190.00, 769.55)
 |   265 Steel235              26   55.757   7.8500      1.7653      17.1928      2.500   772.05  404.081627   42.004045  (   0.00, 190.00, 772.05)
 |   266 Polystyrene            6   11.077   1.0320     42.5383      70.1339      0.500   772.55  404.093381   42.011174  (   0.00, 190.00, 772.55)
 |   267 Air                    7   14.784   0.0012  30528.8407   71998.1725      0.150   772.70  404.093386   42.011176  (   0.00, 190.00, 772.70)
 |   268 Steel235              26   55.757   7.8500      1.7653      17.1928      2.500   775.20  405.509614   42.156586  (   0.00, 190.00, 775.20)
 |   269 Polystyrene            6   11.077   1.0320     42.5383      70.1339      0.500   775.70  405.521368   42.163715  (   0.00, 190.00, 775.70)
 |   270 Air                    7   14.784   0.0012  30528.8407   71998.1725      0.150   775.85  405.521373   42.163717  (   0.00, 190.00, 775.85)
 |   271 Steel235              26   55.757   7.8500      1.7653      17.1928      2.500   778.35  406.937601   42.309127  (   0.00, 190.00, 778.35)
 |   272 Polystyrene            6   11.077   1.0320     42.5383      70.1339      0.500   778.85  406.949355   42.316256  (   0.00, 190.00, 778.85)
 |   273 Air                    7   14.784   0.0012  30528.8407   71998.1725      0.150   779.00  406.949360   42.316258  (   0.00, 190.00, 779.00)
 |   274 Steel235              26   55.757   7.8500      1.7653      17.1928      2.500   781.50  408.365588   42.461668  (   0.00, 190.00, 781.50)
 |   275 Polystyrene            6   11.077   1.0320     42.5383      70.1339      0.500   782.00  408.377342   42.468797  (   0.00, 190.00, 782.00)
 |   276 Air                    7   14.784   0.0012  30528.8407   71998.1725      0.150   782.15  408.377347   42.468799  (   0.00, 190.00, 782.15)
 |   277 Steel235              26   55.757   7.8500      1.7653      17.1928      2.500   784.65  409.793574   42.614209  (   0.00, 190.00, 784.65)
 |   278 Polystyrene            6   11.077   1.0320     42.5383      70.1339      0.500   785.15  409.805329   42.621338  (   0.00, 190.00, 785.15)
 |   279 Air                    7   14.784   0.0012  30528.8407   71998.1725      0.150   785.30  409.805334   42.621340  (   0.00, 190.00, 785.30)
 |   280 Steel235              26   55.757   7.8500      1.7653      17.1928      2.500   787.80  411.221561   42.766749  (   0.00, 190.00, 787.80)
 |   281 Polystyrene            6   11.077   1.0320     42.5383      70.1339      0.500   788.30  411.233316   42.773879  (   0.00, 190.00, 788.30)
 |   282 Air                    7   14.784   0.0012  30528.8407   71998.1725      0.150   788.45  411.233320   42.773881  (   0.00, 190.00, 788.45)
 |   283 Steel235              26   55.757   7.8500      1.7653      17.1928      2.500   790.95  412.649548   42.919290  (   0.00, 190.00, 790.95)
 |   284 Polystyrene            6   11.077   1.0320     42.5383      70.1339      0.500   791.45  412.661302   42.926420  (   0.00, 190.00, 791.45)
 |   285 Air                    7   14.784   0.0012  30528.8407   71998.1725      0.150   791.60  412.661307   42.926422  (   0.00, 190.00, 791.60)
 |   286 Steel235              26   55.757   7.8500      1.7653      17.1928      2.500   794.10  414.077535   43.071831  (   0.00, 190.00, 794.10)
 |   287 Polystyrene            6   11.077   1.0320     42.5383      70.1339      0.500   794.60  414.089289   43.078960  (   0.00, 190.00, 794.60)
 |   288 Air                    7   14.784   0.0012  30528.8407   71998.1725      0.150   794.75  414.089294   43.078963  (   0.00, 190.00, 794.75)
 |   289 Steel235              26   55.757   7.8500      1.7653      17.1928      2.500   797.25  415.505522   43.224372  (   0.00, 190.00, 797.25)
 |   290 Polystyrene            6   11.077   1.0320     42.5383      70.1339      0.500   797.75  415.517276   43.231501  (   0.00, 190.00, 797.75)
 |   291 Air                    7   14.784   0.0012  30528.8407   71998.1725      0.150   797.90  415.517281   43.231503  (   0.00, 190.00, 797.90)
 |   292 Steel235              26   55.757   7.8500      1.7653      17.1928      2.500   800.40  416.933509   43.376913  (   0.00, 190.00, 800.40)
 |   293 Polystyrene            6   11.077   1.0320     42.5383      70.1339      0.500   800.90  416.945263   43.384042  (   0.00, 190.00, 800.90)
 |   294 Air                    7   14.784   0.0012  30528.8407   71998.1725      0.150   801.05  416.945268   43.384044  (   0.00, 190.00, 801.05)
 |   295 Steel235              26   55.757   7.8500      1.7653      17.1928      2.500   803.55  418.361496   43.529454  (   0.00, 190.00, 803.55)
 |   296 Polystyrene            6   11.077   1.0320     42.5383      70.1339      0.500   804.05  418.373250   43.536583  (   0.00, 190.00, 804.05)
 |   297 Air                    7   14.784   0.0012  30528.8407   71998.1725      0.150   804.20  418.373255   43.536585  (   0.00, 190.00, 804.20)
 |   298 Steel235              26   55.757   7.8500      1.7653      17.1928      2.500   806.70  419.789483   43.681995  (   0.00, 190.00, 806.70)
 |   299 Polystyrene            6   11.077   1.0320     42.5383      70.1339      0.500   807.20  419.801237   43.689124  (   0.00, 190.00, 807.20)
 |   300 Air                    7   14.784   0.0012  30528.8407   71998.1725      0.150   807.35  419.801242   43.689126  (   0.00, 190.00, 807.35)
 |   301 Steel235              26   55.757   7.8500      1.7653      17.1928      2.500   809.85  421.217470   43.834536  (   0.00, 190.00, 809.85)
 |   302 Polystyrene            6   11.077   1.0320     42.5383      70.1339      0.500   810.35  421.229224   43.841665  (   0.00, 190.00, 810.35)
 |   303 Air                    7   14.784   0.0012  30528.8407   71998.1725      0.150   810.50  421.229229   43.841667  (   0.00, 190.00, 810.50)
 |   304 Steel235              26   55.757   7.8500      1.7653      17.1928      2.500   813.00  422.645457   43.987077  (   0.00, 190.00, 813.00)
 |   305 Polystyrene            6   11.077   1.0320     42.5383      70.1339      0.500   813.50  422.657211   43.994206  (   0.00, 190.00, 813.50)
 |   306 Air                    7   14.784   0.0012  30528.8407   71998.1725      0.150   813.65  422.657216   43.994208  (   0.00, 190.00, 813.65)
 |   307 Steel235              26   55.757   7.8500      1.7653      17.1928      2.500   816.15  424.073444   44.139617  (   0.00, 190.00, 816.15)
 |   308 Polystyrene            6   11.077   1.0320     42.5383      70.1339      0.500   816.65  424.085198   44.146747  (   0.00, 190.00, 816.65)
 |   309 Air                    7   14.784   0.0012  30528.8407   71998.1725      0.150   816.80  424.085203   44.146749  (   0.00, 190.00, 816.80)
 |   310 Steel235              26   55.757   7.8500      1.7653      17.1928      2.500   819.30  425.501431   44.292158  (   0.00, 190.00, 819.30)
 |   311 Polystyrene            6   11.077   1.0320     42.5383      70.1339      0.500   819.80  425.513185   44.299288  (   0.00, 190.00, 819.80)
 |   312 Air                    7   14.784   0.0012  30528.8407   71998.1725      0.150   819.95  425.513190   44.299290  (   0.00, 190.00, 819.95)
 |   313 Steel235              26   55.757   7.8500      1.7653      17.1928      2.500   822.45  426.929418   44.444699  (   0.00, 190.00, 822.45)
 |   314 Polystyrene            6   11.077   1.0320     42.5383      70.1339      0.500   822.95  426.941172   44.451828  (   0.00, 190.00, 822.95)
 |   315 Air                    7   14.784   0.0012  30528.8407   71998.1725      0.150   823.10  426.941177   44.451831  (   0.00, 190.00, 823.10)
 |   316 Steel235              26   55.757   7.8500      1.7653      17.1928      2.500   825.60  428.357405   44.597240  (   0.00, 190.00, 825.60)
 |   317 Polystyrene            6   11.077   1.0320     42.5383      70.1339      0.500   826.10  428.369159   44.604369  (   0.00, 190.00, 826.10)
 |   318 Air                    7   14.784   0.0012  30528.8407   71998.1725      0.150   826.25  428.369164   44.604371  (   0.00, 190.00, 826.25)
 |   319 Steel235              26   55.757   7.8500      1.7653      17.1928      2.500   828.75  429.785391   44.749781  (   0.00, 190.00, 828.75)
 |   320 Polystyrene            6   11.077   1.0320     42.5383      70.1339      0.500   829.25  429.797146   44.756910  (   0.00, 190.00, 829.25)
 |   321 Air                    7   14.784   0.0012  30528.8407   71998.1725      0.150   829.40  429.797151   44.756912  (   0.00, 190.00, 829.40)
 |   322 Steel235              26   55.757   7.8500      1.7653      17.1928      2.500   831.90  431.213378   44.902322  (   0.00, 190.00, 831.90)
 |   323 Polystyrene            6   11.077   1.0320     42.5383      70.1339      0.500   832.40  431.225133   44.909451  (   0.00, 190.00, 832.40)
 |   324 Air                    7   14.784   0.0012  30528.8407   71998.1725      0.150   832.55  431.225137   44.909453  (   0.00, 190.00, 832.55)
 |   325 Steel235              26   55.757   7.8500      1.7653      17.1928      2.500   835.05  432.641365   45.054863  (   0.00, 190.00, 835.05)
 |   326 Polystyrene            6   11.077   1.0320     42.5383      70.1339      0.500   835.55  432.653119   45.061992  (   0.00, 190.00, 835.55)
 |   327 Air                    7   14.784   0.0012  30528.8407   71998.1725      0.150   835.70  432.653124   45.061994  (   0.00, 190.00, 835.70)
 |   328 Steel235              26   55.757   7.8500      1.7653      17.1928      2.500   838.20  434.069352   45.207404  (   0.00, 190.00, 838.20)
 |   329 Polystyrene            6   11.077   1.0320     42.5383      70.1339      0.500   838.70  434.081106   45.214533  (   0.00, 190.00, 838.70)
 |   330 Air                    7   14.784   0.0012  30528.8407   71998.1725      0.150   838.85  434.081111   45.214535  (   0.00, 190.00, 838.85)
 |   331 Steel235              26   55.757   7.8500      1.7653      17.1928      2.500   841.35  435.497339   45.359945  (   0.00, 190.00, 841.35)
 |   332 Polystyrene            6   11.077   1.0320     42.5383      70.1339      0.500   841.85  435.509093   45.367074  (   0.00, 190.00, 841.85)
 |   333 Air                    7   14.784   0.0012  30528.8407   71998.1725      0.150   842.00  435.509098   45.367076  (   0.00, 190.00, 842.00)
 |   334 Steel235              26   55.757   7.8500      1.7653      17.1928      2.500   844.50  436.925326   45.512485  (   0.00, 190.00, 844.50)
 |   335 Polystyrene            6   11.077   1.0320     42.5383      70.1339      0.500   845.00  436.937080   45.519615  (   0.00, 190.00, 845.00)
 |   336 Air                    7   14.784   0.0012  30528.8407   71998.1725      0.150   845.15  436.937085   45.519617  (   0.00, 190.00, 845.15)
 |   337 Steel235              26   55.757   7.8500      1.7653      17.1928      2.500   847.65  438.353313   45.665026  (   0.00, 190.00, 847.65)
 |   338 Polystyrene            6   11.077   1.0320     42.5383      70.1339      0.500   848.15  438.365067   45.672155  (   0.00, 190.00, 848.15)
 |   339 Air                    7   14.784   0.0012  30528.8407   71998.1725      0.150   848.30  438.365072   45.672158  (   0.00, 190.00, 848.30)
 |   340 Steel235              26   55.757   7.8500      1.7653      17.1928      2.500   850.80  439.781300   45.817567  (   0.00, 190.00, 850.80)
 |   341 Polystyrene            6   11.077   1.0320     42.5383      70.1339      0.500   851.30  439.793054   45.824696  (   0.00, 190.00, 851.30)
 |   342 Air                    7   14.784   0.0012  30528.8407   71998.1725      0.150   851.45  439.793059   45.824698  (   0.00, 190.00, 851.45)
 |   343 Steel235              26   55.757   7.8500      1.7653      17.1928      2.500   853.95  441.209287   45.970108  (   0.00, 190.00, 853.95)
 |   344 Polystyrene            6   11.077   1.0320     42.5383      70.1339      0.500   854.45  441.221041   45.977237  (   0.00, 190.00, 854.45)
 |   345 Air                    7   14.784   0.0012  30528.8407   71998.1725      0.150   854.60  441.221046   45.977239  (   0.00, 190.00, 854.60)
 |   346 Steel235              26   55.757   7.8500      1.7653      17.1928      2.500   857.10  442.637274   46.122649  (   0.00, 190.00, 857.10)
 |   347 Polystyrene            6   11.077   1.0320     42.5383      70.1339      0.500   857.60  442.649028   46.129778  (   0.00, 190.00, 857.60)
 |   348 Air                    7   14.784   0.0012  30528.8407   71998.1725      0.150   857.75  442.649033   46.129780  (   0.00, 190.00, 857.75)
 |   349 Steel235              26   55.757   7.8500      1.7653      17.1928      2.500   860.25  444.065261   46.275190  (   0.00, 190.00, 860.25)
 |   350 Polystyrene            6   11.077   1.0320     42.5383      70.1339      0.500   860.75  444.077015   46.282319  (   0.00, 190.00, 860.75)
 |   351 Air                    7   14.784   0.0012  30528.8407   71998.1725      0.150   860.90  444.077020   46.282321  (   0.00, 190.00, 860.90)
 |   352 Steel235              26   55.757   7.8500      1.7653      17.1928      2.500   863.40  445.493248   46.427731  (   0.00, 190.00, 863.40)
 |   353 Polystyrene            6   11.077   1.0320     42.5383      70.1339      0.500   863.90  445.505002   46.434860  (   0.00, 190.00, 863.90)
 |   354 Air                    7   14.784   0.0012  30528.8407   71998.1725      0.150   864.05  445.505007   46.434862  (   0.00, 190.00, 864.05)
 |   355 Steel235              26   55.757   7.8500      1.7653      17.1928      2.500   866.55  446.921235   46.580272  (   0.00, 190.00, 866.55)
 |   356 Polystyrene            6   11.077   1.0320     42.5383      70.1339      0.500   867.05  446.932989   46.587401  (   0.00, 190.00, 867.05)
 |   357 Air                    7   14.784   0.0012  30528.8407   71998.1725      0.150   867.20  446.932994   46.587403  (   0.00, 190.00, 867.20)
 |   358 Steel235              26   55.757   7.8500      1.7653      17.1928      2.500   869.70  448.349222   46.732812  (   0.00, 190.00, 869.70)
 |   359 Polystyrene            6   11.077   1.0320     42.5383      70.1339      0.500   870.20  448.360976   46.739942  (   0.00, 190.00, 870.20)
 |   360 Air                    7   14.784   0.0012  30528.8407   71998.1725      0.150   870.35  448.360981   46.739944  (   0.00, 190.00, 870.35)
 |   361 Air                    7   14.784   0.0012  30528.8407   71998.1725    109.590   979.94  448.364570   46.741466  (   0.00, 190.00, 979.94)
 |   362 Iron                  26   55.845   7.8740      1.7575      17.1639     10.000   989.94  454.054493   47.324084  (   0.00, 190.00, 989.94)
 |   363 Aluminum              13   26.982   2.6990      8.8963      39.8672      0.100   990.04  454.065734   47.326592  (   0.00, 190.00, 990.04)
 |   364 Air                    7   14.784   0.0012  30528.8407   71998.1725      0.350   990.39  454.065745   47.326597  (   0.00, 190.00, 990.39)
 |   365 PyrexGlass            10   20.495   2.2300     12.6748      43.5474      0.200   990.59  454.081524   47.331190  (   0.00, 190.00, 990.59)
 |   366 RPCGasDefault          8   16.809   0.0037   9559.7011   23915.1216      0.200   990.79  454.081545   47.331198  (   0.00, 190.00, 990.79)
 |   367 PyrexGlass            10   20.495   2.2300     12.6748      43.5474      0.200   990.99  454.097325   47.335791  (   0.00, 190.00, 990.99)
 |   368 Air                    7   14.784   0.0012  30528.8407   71998.1725      0.350   991.34  454.097336   47.335796  (   0.00, 190.00, 991.34)
 |   369 Aluminum              13   26.982   2.6990      8.8963      39.8672      0.100   991.44  454.108577   47.338304  (   0.00, 190.00, 991.44)
 |   370 Aluminum              13   26.982   2.6990      8.8963      39.8672      0.100   991.54  454.119817   47.340813  (   0.00, 190.00, 991.54)
 |   371 Air                    7   14.784   0.0012  30528.8407   71998.1725      0.350   991.89  454.119829   47.340817  (   0.00, 190.00, 991.89)
 |   372 PyrexGlass            10   20.495   2.2300     12.6748      43.5474      0.200   992.09  454.135608   47.345410  (   0.00, 190.00, 992.09)
 |   373 RPCGasDefault          8   16.809   0.0037   9559.7011   23915.1216      0.200   992.29  454.135629   47.345419  (   0.00, 190.00, 992.29)
 |   374 PyrexGlass            10   20.495   2.2300     12.6748      43.5474      0.200   992.49  454.151409   47.350011  (   0.00, 190.00, 992.49)
 |   375 Air                    7   14.784   0.0012  30528.8407   71998.1725      0.350   992.84  454.151420   47.350016  (   0.00, 190.00, 992.84)
 |   376 Aluminum              13   26.982   2.6990      8.8963      39.8672      0.100   992.94  454.162661   47.352524  (   0.00, 190.00, 992.94)
 |   377 Air                    7   14.784   0.0012  30528.8407   71998.1725      1.000   993.94  454.162693   47.352538  (   0.00, 190.00, 993.94)
 |   378 Iron                  26   55.845   7.8740      1.7575      17.1639     10.000  1003.94  459.852616   47.935157  (   0.00, 190.00,1003.94)
 |   379 Aluminum              13   26.982   2.6990      8.8963      39.8672      0.100  1004.04  459.863857   47.937665  (   0.00, 190.00,1004.04)
 |   380 Air                    7   14.784   0.0012  30528.8407   71998.1725      0.350  1004.39  459.863868   47.937670  (   0.00, 190.00,1004.39)
 |   381 PyrexGlass            10   20.495   2.2300     12.6748      43.5474      0.200  1004.59  459.879647   47.942262  (   0.00, 190.00,1004.59)
 |   382 RPCGasDefault          8   16.809   0.0037   9559.7011   23915.1216      0.200  1004.79  459.879668   47.942271  (   0.00, 190.00,1004.79)
 |   383 PyrexGlass            10   20.495   2.2300     12.6748      43.5474      0.200  1004.99  459.895448   47.946864  (   0.00, 190.00,1004.99)
 |   384 Air                    7   14.784   0.0012  30528.8407   71998.1725      0.350  1005.34  459.895459   47.946868  (   0.00, 190.00,1005.34)
 |   385 Aluminum              13   26.982   2.6990      8.8963      39.8672      0.100  1005.44  459.906700   47.949377  (   0.00, 190.00,1005.44)
 |   386 Aluminum              13   26.982   2.6990      8.8963      39.8672      0.100  1005.54  459.917940   47.951885  (   0.00, 190.00,1005.54)
 |   387 Air                    7   14.784   0.0012  30528.8407   71998.1725      0.350  1005.89  459.917952   47.951890  (   0.00, 190.00,1005.89)
 |   388 PyrexGlass            10   20.495   2.2300     12.6748      43.5474      0.200  1006.09  459.933731   47.956483  (   0.00, 190.00,1006.09)
 |   389 RPCGasDefault          8   16.809   0.0037   9559.7011   23915.1216      0.200  1006.29  459.933752   47.956491  (   0.00, 190.00,1006.29)
 |   390 PyrexGlass            10   20.495   2.2300     12.6748      43.5474      0.200  1006.49  459.949532   47.961084  (   0.00, 190.00,1006.49)
 |   391 Air                    7   14.784   0.0012  30528.8407   71998.1725      0.350  1006.84  459.949543   47.961089  (   0.00, 190.00,1006.84)
 |   392 Aluminum              13   26.982   2.6990      8.8963      39.8672      0.100  1006.94  459.960784   47.963597  (   0.00, 190.00,1006.94)
 |   393 Air                    7   14.784   0.0012  30528.8407   71998.1725      1.000  1007.94  459.960816   47.963611  (   0.00, 190.00,1007.94)
 |   394 Iron                  26   55.845   7.8740      1.7575      17.1639     10.000  1017.94  465.650739   48.546229  (   0.00, 190.00,1017.94)
 |   395 Aluminum              13   26.982   2.6990      8.8963      39.8672      0.100  1018.04  465.661980   48.548737  (   0.00, 190.00,1018.04)
 |   396 Air                    7   14.784   0.0012  30528.8407   71998.1725      0.350  1018.39  465.661991   48.548742  (   0.00, 190.00,1018.39)
 |   397 PyrexGlass            10   20.495   2.2300     12.6748      43.5474      0.200  1018.59  465.677770   48.553335  (   0.00, 190.00,1018.59)
 |   398 RPCGasDefault          8   16.809   0.0037   9559.7011   23915.1216      0.200  1018.79  465.677791   48.553343  (   0.00, 190.00,1018.79)
 |   399 PyrexGlass            10   20.495   2.2300     12.6748      43.5474      0.200  1018.99  465.693571   48.557936  (   0.00, 190.00,1018.99)
 |   400 Air                    7   14.784   0.0012  30528.8407   71998.1725      0.350  1019.34  465.693582   48.557941  (   0.00, 190.00,1019.34)
 |   401 Aluminum              13   26.982   2.6990      8.8963      39.8672      0.100  1019.44  465.704823   48.560449  (   0.00, 190.00,1019.44)
 |   402 Aluminum              13   26.982   2.6990      8.8963      39.8672      0.100  1019.54  465.716063   48.562957  (   0.00, 190.00,1019.54)
 |   403 Air                    7   14.784   0.0012  30528.8407   71998.1725      0.350  1019.89  465.716075   48.562962  (   0.00, 190.00,1019.89)
 |   404 PyrexGlass            10   20.495   2.2300     12.6748      43.5474      0.200  1020.09  465.731854   48.567555  (   0.00, 190.00,1020.09)
 |   405 RPCGasDefault          8   16.809   0.0037   9559.7011   23915.1216      0.200  1020.29  465.731875   48.567563  (   0.00, 190.00,1020.29)
 |   406 PyrexGlass            10   20.495   2.2300     12.6748      43.5474      0.200  1020.49  465.747655   48.572156  (   0.00, 190.00,1020.49)
 |   407 Air                    7   14.784   0.0012  30528.8407   71998.1725      0.350  1020.84  465.747666   48.572161  (   0.00, 190.00,1020.84)
 |   408 Aluminum              13   26.982   2.6990      8.8963      39.8672      0.100  1020.94  465.758907   48.574669  (   0.00, 190.00,1020.94)
 |   409 Air                    7   14.784   0.0012  30528.8407   71998.1725      1.000  1021.94  465.758939   48.574683  (   0.00, 190.00,1021.94)
 |   410 Iron                  26   55.845   7.8740      1.7575      17.1639     10.000  1031.94  471.448862   49.157301  (   0.00, 190.00,1031.94)
 |   411 Aluminum              13   26.982   2.6990      8.8963      39.8672      0.100  1032.04  471.460103   49.159810  (   0.00, 190.00,1032.04)
 |   412 Air                    7   14.784   0.0012  30528.8407   71998.1725      0.350  1032.39  471.460114   49.159815  (   0.00, 190.00,1032.39)
 |   413 PyrexGlass            10   20.495   2.2300     12.6748      43.5474      0.200  1032.59  471.475894   49.164407  (   0.00, 190.00,1032.59)
 |   414 RPCGasDefault          8   16.809   0.0037   9559.7011   23915.1216      0.200  1032.79  471.475914   49.164416  (   0.00, 190.00,1032.79)
 |   415 PyrexGlass            10   20.495   2.2300     12.6748      43.5474      0.200  1032.99  471.491694   49.169008  (   0.00, 190.00,1032.99)
 |   416 Air                    7   14.784   0.0012  30528.8407   71998.1725      0.350  1033.34  471.491705   49.169013  (   0.00, 190.00,1033.34)
 |   417 Aluminum              13   26.982   2.6990      8.8963      39.8672      0.100  1033.44  471.502946   49.171522  (   0.00, 190.00,1033.44)
 |   418 Aluminum              13   26.982   2.6990      8.8963      39.8672      0.100  1033.54  471.514187   49.174030  (   0.00, 190.00,1033.54)
 |   419 Air                    7   14.784   0.0012  30528.8407   71998.1725      0.350  1033.89  471.514198   49.174035  (   0.00, 190.00,1033.89)
 |   420 PyrexGlass            10   20.495   2.2300     12.6748      43.5474      0.200  1034.09  471.529977   49.178627  (   0.00, 190.00,1034.09)
 |   421 RPCGasDefault          8   16.809   0.0037   9559.7011   23915.1216      0.200  1034.29  471.529998   49.178636  (   0.00, 190.00,1034.29)
 |   422 PyrexGlass            10   20.495   2.2300     12.6748      43.5474      0.200  1034.49  471.545778   49.183229  (   0.00, 190.00,1034.49)
 |   423 Air                    7   14.784   0.0012  30528.8407   71998.1725      0.350  1034.84  471.545789   49.183233  (   0.00, 190.00,1034.84)
 |   424 Aluminum              13   26.982   2.6990      8.8963      39.8672      0.100  1034.94  471.557030   49.185742  (   0.00, 190.00,1034.94)
 |   425 Air                    7   14.784   0.0012  30528.8407   71998.1725      1.000  1035.94  471.557063   49.185756  (   0.00, 190.00,1035.94)
 |   426 Iron                  26   55.845   7.8740      1.7575      17.1639     10.000  1045.94  477.246985   49.768374  (   0.00, 190.00,1045.94)
 |   427 Aluminum              13   26.982   2.6990      8.8963      39.8672      0.100  1046.04  477.258226   49.770882  (   0.00, 190.00,1046.04)
 |   428 Air                    7   14.784   0.0012  30528.8407   71998.1725      0.350  1046.39  477.258237   49.770887  (   0.00, 190.00,1046.39)
 |   429 PyrexGlass            10   20.495   2.2300     12.6748      43.5474      0.200  1046.59  477.274017   49.775480  (   0.00, 190.00,1046.59)
 |   430 RPCGasDefault          8   16.809   0.0037   9559.7011   23915.1216      0.200  1046.79  477.274038   49.775488  (   0.00, 190.00,1046.79)
 |   431 PyrexGlass            10   20.495   2.2300     12.6748      43.5474      0.200  1046.99  477.289817   49.780081  (   0.00, 190.00,1046.99)
 |   432 Air                    7   14.784   0.0012  30528.8407   71998.1725      0.350  1047.34  477.289828   49.780086  (   0.00, 190.00,1047.34)
 |   433 Aluminum              13   26.982   2.6990      8.8963      39.8672      0.100  1047.44  477.301069   49.782594  (   0.00, 190.00,1047.44)
 |   434 Aluminum              13   26.982   2.6990      8.8963      39.8672      0.100  1047.54  477.312310   49.785102  (   0.00, 190.00,1047.54)
 |   435 Air                    7   14.784   0.0012  30528.8407   71998.1725      0.350  1047.89  477.312321   49.785107  (   0.00, 190.00,1047.89)
 |   436 PyrexGlass            10   20.495   2.2300     12.6748      43.5474      0.200  1048.09  477.328100   49.789700  (   0.00, 190.00,1048.09)
 |   437 RPCGasDefault          8   16.809   0.0037   9559.7011   23915.1216      0.200  1048.29  477.328121   49.789708  (   0.00, 190.00,1048.29)
 |   438 PyrexGlass            10   20.495   2.2300     12.6748      43.5474      0.200  1048.49  477.343901   49.794301  (   0.00, 190.00,1048.49)
 |   439 Air                    7   14.784   0.0012  30528.8407   71998.1725      0.350  1048.84  477.343912   49.794306  (   0.00, 190.00,1048.84)
 |   440 Aluminum              13   26.982   2.6990      8.8963      39.8672      0.100  1048.94  477.355153   49.796814  (   0.00, 190.00,1048.94)
 |   441 Air                    7   14.784   0.0012  30528.8407   71998.1725      1.000  1049.94  477.355186   49.796828  (   0.00, 190.00,1049.94)
 |   442 Iron                  26   55.845   7.8740      1.7575      17.1639     10.000  1059.94  483.045108   50.379446  (   0.00, 190.00,1059.94)
 |   443 Aluminum              13   26.982   2.6990      8.8963      39.8672      0.100  1060.04  483.056349   50.381955  (   0.00, 190.00,1060.04)
 |   444 Air                    7   14.784   0.0012  30528.8407   71998.1725      0.350  1060.39  483.056360   50.381959  (   0.00, 190.00,1060.39)
 |   445 PyrexGlass            10   20.495   2.2300     12.6748      43.5474      0.200  1060.59  483.072140   50.386552  (   0.00, 190.00,1060.59)
 |   446 RPCGasDefault          8   16.809   0.0037   9559.7011   23915.1216      0.200  1060.79  483.072161   50.386561  (   0.00, 190.00,1060.79)
 |   447 PyrexGlass            10   20.495   2.2300     12.6748      43.5474      0.200  1060.99  483.087940   50.391153  (   0.00, 190.00,1060.99)
 |   448 Air                    7   14.784   0.0012  30528.8407   71998.1725      0.350  1061.34  483.087951   50.391158  (   0.00, 190.00,1061.34)
 |   449 Aluminum              13   26.982   2.6990      8.8963      39.8672      0.100  1061.44  483.099192   50.393666  (   0.00, 190.00,1061.44)
 |   450 Aluminum              13   26.982   2.6990      8.8963      39.8672      0.100  1061.54  483.110433   50.396175  (   0.00, 190.00,1061.54)
 |   451 Air                    7   14.784   0.0012  30528.8407   71998.1725      0.350  1061.89  483.110444   50.396180  (   0.00, 190.00,1061.89)
 |   452 PyrexGlass            10   20.495   2.2300     12.6748      43.5474      0.200  1062.09  483.126223   50.400772  (   0.00, 190.00,1062.09)
 |   453 RPCGasDefault          8   16.809   0.0037   9559.7011   23915.1216      0.200  1062.29  483.126244   50.400781  (   0.00, 190.00,1062.29)
 |   454 PyrexGlass            10   20.495   2.2300     12.6748      43.5474      0.200  1062.49  483.142024   50.405373  (   0.00, 190.00,1062.49)
 |   455 Air                    7   14.784   0.0012  30528.8407   71998.1725      0.350  1062.84  483.142035   50.405378  (   0.00, 190.00,1062.84)
 |   456 Aluminum              13   26.982   2.6990      8.8963      39.8672      0.100  1062.94  483.153276   50.407887  (   0.00, 190.00,1062.94)
 |   457 Air                    7   14.784   0.0012  30528.8407   71998.1725      1.000  1063.94  483.153309   50.407900  (   0.00, 190.00,1063.94)
 |   458 Iron                  26   55.845   7.8740      1.7575      17.1639     10.000  1073.94  488.843231   50.990519  (   0.00, 190.00,1073.94)
 |   459 Aluminum              13   26.982   2.6990      8.8963      39.8672      0.100  1074.04  488.854472   50.993027  (   0.00, 190.00,1074.04)
 |   460 Air                    7   14.784   0.0012  30528.8407   71998.1725      0.350  1074.39  488.854483   50.993032  (   0.00, 190.00,1074.39)
 |   461 PyrexGlass            10   20.495   2.2300     12.6748      43.5474      0.200  1074.59  488.870263   50.997625  (   0.00, 190.00,1074.59)
 |   462 RPCGasDefault          8   16.809   0.0037   9559.7011   23915.1216      0.200  1074.79  488.870284   50.997633  (   0.00, 190.00,1074.79)
 |   463 PyrexGlass            10   20.495   2.2300     12.6748      43.5474      0.200  1074.99  488.886063   51.002226  (   0.00, 190.00,1074.99)
 |   464 Air                    7   14.784   0.0012  30528.8407   71998.1725      0.350  1075.34  488.886074   51.002231  (   0.00, 190.00,1075.34)
 |   465 Aluminum              13   26.982   2.6990      8.8963      39.8672      0.100  1075.44  488.897315   51.004739  (   0.00, 190.00,1075.44)
 |   466 Aluminum              13   26.982   2.6990      8.8963      39.8672      0.100  1075.54  488.908556   51.007247  (   0.00, 190.00,1075.54)
 |   467 Air                    7   14.784   0.0012  30528.8407   71998.1725      0.350  1075.89  488.908567   51.007252  (   0.00, 190.00,1075.89)
 |   468 PyrexGlass            10   20.495   2.2300     12.6748      43.5474      0.200  1076.09  488.924347   51.011845  (   0.00, 190.00,1076.09)
 |   469 RPCGasDefault          8   16.809   0.0037   9559.7011   23915.1216      0.200  1076.29  488.924367   51.011853  (   0.00, 190.00,1076.29)
 |   470 PyrexGlass            10   20.495   2.2300     12.6748      43.5474      0.200  1076.49  488.940147   51.016446  (   0.00, 190.00,1076.49)
 |   471 Air                    7   14.784   0.0012  30528.8407   71998.1725      0.350  1076.84  488.940158   51.016451  (   0.00, 190.00,1076.84)
 |   472 Aluminum              13   26.982   2.6990      8.8963      39.8672      0.100  1076.94  488.951399   51.018959  (   0.00, 190.00,1076.94)
 |   473 Air                    7   14.784   0.0012  30528.8407   71998.1725      1.000  1077.94  488.951432   51.018973  (   0.00, 190.00,1077.94)
 |   474 Iron                  26   55.845   7.8740      1.7575      17.1639     10.000  1087.94  494.641354   51.601591  (   0.00, 190.00,1087.94)
 |   475 Aluminum              13   26.982   2.6990      8.8963      39.8672      0.100  1088.04  494.652595   51.604099  (   0.00, 190.00,1088.04)
 |   476 Air                    7   14.784   0.0012  30528.8407   71998.1725      0.350  1088.39  494.652606   51.604104  (   0.00, 190.00,1088.39)
 |   477 PyrexGlass            10   20.495   2.2300     12.6748      43.5474      0.200  1088.59  494.668386   51.608697  (   0.00, 190.00,1088.59)
 |   478 RPCGasDefault          8   16.809   0.0037   9559.7011   23915.1216      0.200  1088.79  494.668407   51.608705  (   0.00, 190.00,1088.79)
 |   479 PyrexGlass            10   20.495   2.2300     12.6748      43.5474      0.200  1088.99  494.684186   51.613298  (   0.00, 190.00,1088.99)
 |   480 Air                    7   14.784   0.0012  30528.8407   71998.1725      0.350  1089.34  494.684198   51.613303  (   0.00, 190.00,1089.34)
 |   481 Aluminum              13   26.982   2.6990      8.8963      39.8672      0.100  1089.44  494.695438   51.615811  (   0.00, 190.00,1089.44)
 |   482 Aluminum              13   26.982   2.6990      8.8963      39.8672      0.100  1089.54  494.706679   51.618320  (   0.00, 190.00,1089.54)
 |   483 Air                    7   14.784   0.0012  30528.8407   71998.1725      0.350  1089.89  494.706690   51.618324  (   0.00, 190.00,1089.89)
 |   484 PyrexGlass            10   20.495   2.2300     12.6748      43.5474      0.200  1090.09  494.722470   51.622917  (   0.00, 190.00,1090.09)
 |   485 RPCGasDefault          8   16.809   0.0037   9559.7011   23915.1216      0.200  1090.29  494.722490   51.622926  (   0.00, 190.00,1090.29)
 |   486 PyrexGlass            10   20.495   2.2300     12.6748      43.5474      0.200  1090.49  494.738270   51.627518  (   0.00, 190.00,1090.49)
 |   487 Air                    7   14.784   0.0012  30528.8407   71998.1725      0.350  1090.84  494.738281   51.627523  (   0.00, 190.00,1090.84)
 |   488 Aluminum              13   26.982   2.6990      8.8963      39.8672      0.100  1090.94  494.749522   51.630031  (   0.00, 190.00,1090.94)
 |   489 Air                    7   14.784   0.0012  30528.8407   71998.1725      1.000  1091.94  494.749555   51.630045  (   0.00, 190.00,1091.94)
 |   490 Iron                  26   55.845   7.8740      1.7575      17.1639     10.000  1101.94  500.439477   52.212664  (   0.00, 190.00,1101.94)
 |   491 Aluminum              13   26.982   2.6990      8.8963      39.8672      0.100  1102.04  500.450718   52.215172  (   0.00, 190.00,1102.04)
 |   492 Air                    7   14.784   0.0012  30528.8407   71998.1725      0.350  1102.39  500.450729   52.215177  (   0.00, 190.00,1102.39)
 |   493 PyrexGlass            10   20.495   2.2300     12.6748      43.5474      0.200  1102.59  500.466509   52.219769  (   0.00, 190.00,1102.59)
 |   494 RPCGasDefault          8   16.809   0.0037   9559.7011   23915.1216      0.200  1102.79  500.466530   52.219778  (   0.00, 190.00,1102.79)
 |   495 PyrexGlass            10   20.495   2.2300     12.6748      43.5474      0.200  1102.99  500.482309   52.224371  (   0.00, 190.00,1102.99)
 |   496 Air                    7   14.784   0.0012  30528.8407   71998.1725      0.350  1103.34  500.482321   52.224375  (   0.00, 190.00,1103.34)
 |   497 Aluminum              13   26.982   2.6990      8.8963      39.8672      0.100  1103.44  500.493561   52.226884  (   0.00, 190.00,1103.44)
 |   498 Aluminum              13   26.982   2.6990      8.8963      39.8672      0.100  1103.54  500.504802   52.229392  (   0.00, 190.00,1103.54)
 |   499 Air                    7   14.784   0.0012  30528.8407   71998.1725      0.350  1103.89  500.504813   52.229397  (   0.00, 190.00,1103.89)
 |   500 PyrexGlass            10   20.495   2.2300     12.6748      43.5474      0.200  1104.09  500.520593   52.233990  (   0.00, 190.00,1104.09)
 |   501 RPCGasDefault          8   16.809   0.0037   9559.7011   23915.1216      0.200  1104.29  500.520614   52.233998  (   0.00, 190.00,1104.29)
 |   502 PyrexGlass            10   20.495   2.2300     12.6748      43.5474      0.200  1104.49  500.536393   52.238591  (   0.00, 190.00,1104.49)
 |   503 Air                    7   14.784   0.0012  30528.8407   71998.1725      0.350  1104.84  500.536404   52.238596  (   0.00, 190.00,1104.84)
 |   504 Aluminum              13   26.982   2.6990      8.8963      39.8672      0.100  1104.94  500.547645   52.241104  (   0.00, 190.00,1104.94)
 |   505 Air                    7   14.784   0.0012  30528.8407   71998.1725      1.000  1105.94  500.547678   52.241118  (   0.00, 190.00,1105.94)
 |   506 Iron                  26   55.845   7.8740      1.7575      17.1639     10.000  1115.94  506.237600   52.823736  (   0.00, 190.00,1115.94)
 |   507 Aluminum              13   26.982   2.6990      8.8963      39.8672      0.100  1116.04  506.248841   52.826244  (   0.00, 190.00,1116.04)
 |   508 Air                    7   14.784   0.0012  30528.8407   71998.1725      0.350  1116.39  506.248852   52.826249  (   0.00, 190.00,1116.39)
 |   509 PyrexGlass            10   20.495   2.2300     12.6748      43.5474      0.200  1116.59  506.264632   52.830842  (   0.00, 190.00,1116.59)
 |   510 RPCGasDefault          8   16.809   0.0037   9559.7011   23915.1216      0.200  1116.79  506.264653   52.830850  (   0.00, 190.00,1116.79)
 |   511 PyrexGlass            10   20.495   2.2300     12.6748      43.5474      0.200  1116.99  506.280432   52.835443  (   0.00, 190.00,1116.99)
 |   512 Air                    7   14.784   0.0012  30528.8407   71998.1725      0.350  1117.34  506.280444   52.835448  (   0.00, 190.00,1117.34)
 |   513 Aluminum              13   26.982   2.6990      8.8963      39.8672      0.100  1117.44  506.291684   52.837956  (   0.00, 190.00,1117.44)
 |   514 Aluminum              13   26.982   2.6990      8.8963      39.8672      0.100  1117.54  506.302925   52.840464  (   0.00, 190.00,1117.54)
 |   515 Air                    7   14.784   0.0012  30528.8407   71998.1725      0.350  1117.89  506.302936   52.840469  (   0.00, 190.00,1117.89)
 |   516 PyrexGlass            10   20.495   2.2300     12.6748      43.5474      0.200  1118.09  506.318716   52.845062  (   0.00, 190.00,1118.09)
 |   517 RPCGasDefault          8   16.809   0.0037   9559.7011   23915.1216      0.200  1118.29  506.318737   52.845070  (   0.00, 190.00,1118.29)
 |   518 PyrexGlass            10   20.495   2.2300     12.6748      43.5474      0.200  1118.49  506.334516   52.849663  (   0.00, 190.00,1118.49)
 |   519 Air                    7   14.784   0.0012  30528.8407   71998.1725      0.350  1118.84  506.334527   52.849668  (   0.00, 190.00,1118.84)
 |   520 Aluminum              13   26.982   2.6990      8.8963      39.8672      0.100  1118.94  506.345768   52.852176  (   0.00, 190.00,1118.94)
 |   521 Air                    7   14.784   0.0012  30528.8407   71998.1725      1.000  1119.94  506.345801   52.852190  (   0.00, 190.00,1119.94)
 |   522 Iron                  26   55.845   7.8740      1.7575      17.1639     10.000  1129.94  512.035723   53.434808  (   0.00, 190.00,1129.94)
 |   523 Aluminum              13   26.982   2.6990      8.8963      39.8672      0.100  1130.04  512.046964   53.437317  (   0.00, 190.00,1130.04)
 |   524 Air                    7   14.784   0.0012  30528.8407   71998.1725      0.350  1130.39  512.046975   53.437322  (   0.00, 190.00,1130.39)
 |   525 PyrexGlass            10   20.495   2.2300     12.6748      43.5474      0.200  1130.59  512.062755   53.441914  (   0.00, 190.00,1130.59)
 |   526 RPCGasDefault          8   16.809   0.0037   9559.7011   23915.1216      0.200  1130.79  512.062776   53.441923  (   0.00, 190.00,1130.79)
 |   527 PyrexGlass            10   20.495   2.2300     12.6748      43.5474      0.200  1130.99  512.078555   53.446515  (   0.00, 190.00,1130.99)
 |   528 Air                    7   14.784   0.0012  30528.8407   71998.1725      0.350  1131.34  512.078567   53.446520  (   0.00, 190.00,1131.34)
 |   529 Aluminum              13   26.982   2.6990      8.8963      39.8672      0.100  1131.44  512.089807   53.449029  (   0.00, 190.00,1131.44)
 |   530 Aluminum              13   26.982   2.6990      8.8963      39.8672      0.100  1131.54  512.101048   53.451537  (   0.00, 190.00,1131.54)
 |   531 Air                    7   14.784   0.0012  30528.8407   71998.1725      0.350  1131.89  512.101059   53.451542  (   0.00, 190.00,1131.89)
 |   532 PyrexGlass            10   20.495   2.2300     12.6748      43.5474      0.200  1132.09  512.116839   53.456134  (   0.00, 190.00,1132.09)
 |   533 RPCGasDefault          8   16.809   0.0037   9559.7011   23915.1216      0.200  1132.29  512.116860   53.456143  (   0.00, 190.00,1132.29)
 |   534 PyrexGlass            10   20.495   2.2300     12.6748      43.5474      0.200  1132.49  512.132639   53.460735  (   0.00, 190.00,1132.49)
 |   535 Air                    7   14.784   0.0012  30528.8407   71998.1725      0.350  1132.84  512.132650   53.460740  (   0.00, 190.00,1132.84)
 |   536 Aluminum              13   26.982   2.6990      8.8963      39.8672      0.100  1132.94  512.143891   53.463249  (   0.00, 190.00,1132.94)
 |   537 Air                    7   14.784   0.0012  30528.8407   71998.1725      1.000  1133.94  512.143924   53.463263  (   0.00, 190.00,1133.94)
 |   538 Iron                  26   55.845   7.8740      1.7575      17.1639     10.000  1143.94  517.833846   54.045881  (   0.00, 190.00,1143.94)
 |   539 Aluminum              13   26.982   2.6990      8.8963      39.8672      0.100  1144.04  517.845087   54.048389  (   0.00, 190.00,1144.04)
 |   540 Air                    7   14.784   0.0012  30528.8407   71998.1725      0.350  1144.39  517.845099   54.048394  (   0.00, 190.00,1144.39)
 |   541 PyrexGlass            10   20.495   2.2300     12.6748      43.5474      0.200  1144.59  517.860878   54.052987  (   0.00, 190.00,1144.59)
 |   542 RPCGasDefault          8   16.809   0.0037   9559.7011   23915.1216      0.200  1144.79  517.860899   54.052995  (   0.00, 190.00,1144.79)
 |   543 PyrexGlass            10   20.495   2.2300     12.6748      43.5474      0.200  1144.99  517.876678   54.057588  (   0.00, 190.00,1144.99)
 |   544 Air                    7   14.784   0.0012  30528.8407   71998.1725      0.350  1145.34  517.876690   54.057593  (   0.00, 190.00,1145.34)
 |   545 Aluminum              13   26.982   2.6990      8.8963      39.8672      0.100  1145.44  517.887930   54.060101  (   0.00, 190.00,1145.44)
 |   546 Aluminum              13   26.982   2.6990      8.8963      39.8672      0.100  1145.54  517.899171   54.062609  (   0.00, 190.00,1145.54)
 |   547 Air                    7   14.784   0.0012  30528.8407   71998.1725      0.350  1145.89  517.899182   54.062614  (   0.00, 190.00,1145.89)
 |   548 PyrexGlass            10   20.495   2.2300     12.6748      43.5474      0.200  1146.09  517.914962   54.067207  (   0.00, 190.00,1146.09)
 |   549 RPCGasDefault          8   16.809   0.0037   9559.7011   23915.1216      0.200  1146.29  517.914983   54.067215  (   0.00, 190.00,1146.29)
 |   550 PyrexGlass            10   20.495   2.2300     12.6748      43.5474      0.200  1146.49  517.930762   54.071808  (   0.00, 190.00,1146.49)
 |   551 Air                    7   14.784   0.0012  30528.8407   71998.1725      0.350  1146.84  517.930774   54.071813  (   0.00, 190.00,1146.84)
 |   552 Aluminum              13   26.982   2.6990      8.8963      39.8672      0.100  1146.94  517.942014   54.074321  (   0.00, 190.00,1146.94)
 |   553 Air                    7   14.784   0.0012  30528.8407   71998.1725      1.000  1147.94  517.942047   54.074335  (   0.00, 190.00,1147.94)
 |   554 Air                    7   14.784   0.0012  30528.8407   71998.1725    102.060  1250.00  517.945390   54.075753  (   0.00, 190.00,1250.00)
 +--------------------------------------------------------------------------------------------------------------------------------------------------
 |     0 Average Material      25   53.553   5.7877      2.4134      23.1157   1250.000  1250.00  517.945390   54.075753  (   0.00, 190.00,1250.00)
 +--------------------------------------------------------------------------------------------------------------------------------------------------
