materialScan compact_Lhe_dip_sol_ell_mat-LAr-EMC_sym.xml 0. 158. 320. 0. 165. 770.  > materialScan_compact_Lhe_dip_sol_ell_mat-LAr-EMC_sym_0_158_320-0_165_770.txt
TGeoManager: Changing system of units to ROOT units (cm, s, GeV).
DD4hep           WARN  ++ STD conditions NOT defined by client. NTP defaults taken.
VertexBarrelSupports_layer0 4.6 4.6 51.75
TGeoTube::SetTubeDimensions: In shape TGeoTube wrong rmin=37.869 rmax=15.591
 +--------------------------------------------------------------------------------------------------------------------------------------------------
 + Material scan between: x_0 = (   0.00, 158.00, 320.00) [cm] and x_1 = (   0.00, 165.00, 770.00) [cm] : 
 +--------------------------------------------------------------------------------------------------------------------------------------------------
 |     \   Material           Atomic                 Radiation   Interaction               Path   Integrated  Integrated    Material
 | Num. \  Name          Number/Z   Mass/A  Density    Length       Length    Thickness   Length      X0        Lambda      Endpoint  
 | Layer \                        [g/mole]  [g/cm3]     [cm]        [cm]          [cm]      [cm]     [cm]        [cm]     (     cm,     cm,     cm)
 +--------------------------------------------------------------------------------------------------------------------------------------------------
 |     1 Aluminum              13   26.982   2.6990      8.8963      39.8672     70.441    70.44    7.918046    1.766903  (   0.00, 159.10, 390.43)
 |     2 Air                    7   14.784   0.0012  30528.8407   71998.1725     32.147   102.59    7.919099    1.767349  (   0.00, 159.60, 422.58)
 |     3 Steel235              26   55.757   7.8500      1.7653      17.1928      0.374   102.96    8.131113    1.789117  (   0.00, 159.60, 422.95)
 |     4 Polystyrene            6   11.077   1.0320     42.5383      70.1339      0.500   103.46    8.142869    1.796248  (   0.00, 159.61, 423.45)
 |     5 Air                    7   14.784   0.0012  30528.8407   71998.1725      0.150   103.61    8.142874    1.796250  (   0.00, 159.61, 423.60)
 |     6 Steel235              26   55.757   7.8500      1.7653      17.1928      2.200   105.81    9.389305    1.924225  (   0.00, 159.65, 425.80)
 |     7 Polystyrene            6   11.077   1.0320     42.5383      70.1339      0.500   106.31    9.401061    1.931356  (   0.00, 159.65, 426.30)
 |     8 Air                    7   14.784   0.0012  30528.8407   71998.1725      0.150   106.46    9.401065    1.931358  (   0.00, 159.66, 426.45)
 |     9 Steel235              26   55.757   7.8500      1.7653      17.1928      2.200   108.66   10.647497    2.059334  (   0.00, 159.69, 428.65)
 |    10 Polystyrene            6   11.077   1.0320     42.5383      70.1339      0.500   109.16   10.659252    2.066464  (   0.00, 159.70, 429.15)
 |    11 Air                    7   14.784   0.0012  30528.8407   71998.1725      0.150   109.31   10.659257    2.066466  (   0.00, 159.70, 429.30)
 |    12 Steel235              26   55.757   7.8500      1.7653      17.1928      2.200   111.51   11.905689    2.194442  (   0.00, 159.73, 431.50)
 |    13 Polystyrene            6   11.077   1.0320     42.5383      70.1339      0.500   112.01   11.917444    2.201572  (   0.00, 159.74, 432.00)
 |    14 Air                    7   14.784   0.0012  30528.8407   71998.1725      0.150   112.16   11.917449    2.201574  (   0.00, 159.74, 432.15)
 |    15 Steel235              26   55.757   7.8500      1.7653      17.1928      2.200   114.36   13.163880    2.329550  (   0.00, 159.78, 434.35)
 |    16 Polystyrene            6   11.077   1.0320     42.5383      70.1339      0.500   114.86   13.175636    2.336680  (   0.00, 159.79, 434.85)
 |    17 Air                    7   14.784   0.0012  30528.8407   71998.1725      0.150   115.01   13.175641    2.336682  (   0.00, 159.79, 435.00)
 |    18 Steel235              26   55.757   7.8500      1.7653      17.1928      2.200   117.21   14.422072    2.464658  (   0.00, 159.82, 437.20)
 |    19 Polystyrene            6   11.077   1.0320     42.5383      70.1339      0.500   117.71   14.433828    2.471788  (   0.00, 159.83, 437.70)
 |    20 Air                    7   14.784   0.0012  30528.8407   71998.1725      0.150   117.86   14.433833    2.471790  (   0.00, 159.83, 437.85)
 |    21 Steel235              26   55.757   7.8500      1.7653      17.1928      2.200   120.06   15.680264    2.599766  (   0.00, 159.87, 440.05)
 |    22 Polystyrene            6   11.077   1.0320     42.5383      70.1339      0.500   120.56   15.692019    2.606896  (   0.00, 159.88, 440.55)
 |    23 Air                    7   14.784   0.0012  30528.8407   71998.1725      0.150   120.71   15.692024    2.606898  (   0.00, 159.88, 440.70)
 |    24 Steel235              26   55.757   7.8500      1.7653      17.1928      2.200   122.91   16.938456    2.734874  (   0.00, 159.91, 442.90)
 |    25 Polystyrene            6   11.077   1.0320     42.5383      70.1339      0.500   123.41   16.950211    2.742004  (   0.00, 159.92, 443.40)
 |    26 Air                    7   14.784   0.0012  30528.8407   71998.1725      0.150   123.56   16.950216    2.742006  (   0.00, 159.92, 443.55)
 |    27 Steel235              26   55.757   7.8500      1.7653      17.1928      2.200   125.77   18.196648    2.869982  (   0.00, 159.96, 445.75)
 |    28 Polystyrene            6   11.077   1.0320     42.5383      70.1339      0.500   126.27   18.208403    2.877112  (   0.00, 159.96, 446.25)
 |    29 Air                    7   14.784   0.0012  30528.8407   71998.1725      0.150   126.42   18.208408    2.877114  (   0.00, 159.97, 446.40)
 |    30 Steel235              26   55.757   7.8500      1.7653      17.1928      2.200   128.62   19.454839    3.005090  (   0.00, 160.00, 448.60)
 |    31 Polystyrene            6   11.077   1.0320     42.5383      70.1339      0.500   129.12   19.466595    3.012220  (   0.00, 160.01, 449.10)
 |    32 Air                    7   14.784   0.0012  30528.8407   71998.1725      0.150   129.27   19.466600    3.012222  (   0.00, 160.01, 449.25)
 |    33 Steel235              26   55.757   7.8500      1.7653      17.1928      2.200   131.47   20.713031    3.140198  (   0.00, 160.04, 451.45)
 |    34 Polystyrene            6   11.077   1.0320     42.5383      70.1339      0.500   131.97   20.724787    3.147328  (   0.00, 160.05, 451.95)
 |    35 Air                    7   14.784   0.0012  30528.8407   71998.1725      0.150   132.12   20.724792    3.147330  (   0.00, 160.05, 452.10)
 |    36 Steel235              26   55.757   7.8500      1.7653      17.1928      2.200   134.32   21.971223    3.275306  (   0.00, 160.09, 454.30)
 |    37 Polystyrene            6   11.077   1.0320     42.5383      70.1339      0.500   134.82   21.982978    3.282436  (   0.00, 160.10, 454.80)
 |    38 Air                    7   14.784   0.0012  30528.8407   71998.1725      0.150   134.97   21.982983    3.282438  (   0.00, 160.10, 454.95)
 |    39 Steel235              26   55.757   7.8500      1.7653      17.1928      2.200   137.17   23.229415    3.410414  (   0.00, 160.13, 457.15)
 |    40 Polystyrene            6   11.077   1.0320     42.5383      70.1339      0.500   137.67   23.241170    3.417544  (   0.00, 160.14, 457.65)
 |    41 Air                    7   14.784   0.0012  30528.8407   71998.1725      0.150   137.82   23.241175    3.417547  (   0.00, 160.14, 457.80)
 |    42 Steel235              26   55.757   7.8500      1.7653      17.1928      2.200   140.02   24.487606    3.545522  (   0.00, 160.18, 460.00)
 |    43 Polystyrene            6   11.077   1.0320     42.5383      70.1339      0.500   140.52   24.499362    3.552653  (   0.00, 160.19, 460.50)
 |    44 Air                    7   14.784   0.0012  30528.8407   71998.1725      0.150   140.67   24.499367    3.552655  (   0.00, 160.19, 460.65)
 |    45 Steel235              26   55.757   7.8500      1.7653      17.1928      2.200   142.87   25.745798    3.680630  (   0.00, 160.22, 462.85)
 |    46 Polystyrene            6   11.077   1.0320     42.5383      70.1339      0.500   143.37   25.757554    3.687761  (   0.00, 160.23, 463.35)
 |    47 Air                    7   14.784   0.0012  30528.8407   71998.1725      0.150   143.52   25.757559    3.687763  (   0.00, 160.23, 463.50)
 |    48 Steel235              26   55.757   7.8500      1.7653      17.1928      2.500   146.02   27.173958    3.833190  (   0.00, 160.27, 466.00)
 |    49 Polystyrene            6   11.077   1.0320     42.5383      70.1339      0.500   146.52   27.185713    3.840320  (   0.00, 160.28, 466.50)
 |    50 Air                    7   14.784   0.0012  30528.8407   71998.1725      0.150   146.67   27.185718    3.840322  (   0.00, 160.28, 466.65)
 |    51 Steel235              26   55.757   7.8500      1.7653      17.1928      2.500   149.17   28.602118    3.985749  (   0.00, 160.32, 469.15)
 |    52 Polystyrene            6   11.077   1.0320     42.5383      70.1339      0.500   149.67   28.613873    3.992879  (   0.00, 160.33, 469.65)
 |    53 Air                    7   14.784   0.0012  30528.8407   71998.1725      0.150   149.82   28.613878    3.992881  (   0.00, 160.33, 469.80)
 |    54 Steel235              26   55.757   7.8500      1.7653      17.1928      2.500   152.32   30.030277    4.138309  (   0.00, 160.37, 472.30)
 |    55 Polystyrene            6   11.077   1.0320     42.5383      70.1339      0.500   152.82   30.042033    4.145439  (   0.00, 160.38, 472.80)
 |    56 Air                    7   14.784   0.0012  30528.8407   71998.1725      0.150   152.97   30.042038    4.145441  (   0.00, 160.38, 472.95)
 |    57 Steel235              26   55.757   7.8500      1.7653      17.1928      2.500   155.47   31.458437    4.290868  (   0.00, 160.42, 475.45)
 |    58 Polystyrene            6   11.077   1.0320     42.5383      70.1339      0.500   155.97   31.470192    4.297998  (   0.00, 160.43, 475.95)
 |    59 Air                    7   14.784   0.0012  30528.8407   71998.1725      0.150   156.12   31.470197    4.298000  (   0.00, 160.43, 476.10)
 |    60 Steel235              26   55.757   7.8500      1.7653      17.1928      2.500   158.62   32.886597    4.443427  (   0.00, 160.47, 478.60)
 |    61 Polystyrene            6   11.077   1.0320     42.5383      70.1339      0.500   159.12   32.898352    4.450557  (   0.00, 160.47, 479.10)
 |    62 Air                    7   14.784   0.0012  30528.8407   71998.1725      0.150   159.27   32.898357    4.450559  (   0.00, 160.48, 479.25)
 |    63 Steel235              26   55.757   7.8500      1.7653      17.1928      2.500   161.77   34.314756    4.595987  (   0.00, 160.52, 481.75)
 |    64 Polystyrene            6   11.077   1.0320     42.5383      70.1339      0.500   162.27   34.326512    4.603117  (   0.00, 160.52, 482.25)
 |    65 Air                    7   14.784   0.0012  30528.8407   71998.1725      0.150   162.42   34.326517    4.603119  (   0.00, 160.53, 482.40)
 |    66 Steel235              26   55.757   7.8500      1.7653      17.1928      2.500   164.92   35.742916    4.748546  (   0.00, 160.57, 484.90)
 |    67 Polystyrene            6   11.077   1.0320     42.5383      70.1339      0.500   165.42   35.754672    4.755676  (   0.00, 160.57, 485.40)
 |    68 Air                    7   14.784   0.0012  30528.8407   71998.1725      0.150   165.57   35.754676    4.755678  (   0.00, 160.58, 485.55)
 |    69 Steel235              26   55.757   7.8500      1.7653      17.1928      2.500   168.07   37.171076    4.901105  (   0.00, 160.61, 488.05)
 |    70 Polystyrene            6   11.077   1.0320     42.5383      70.1339      0.500   168.57   37.182831    4.908235  (   0.00, 160.62, 488.55)
 |    71 Air                    7   14.784   0.0012  30528.8407   71998.1725      0.150   168.72   37.182836    4.908237  (   0.00, 160.62, 488.70)
 |    72 Steel235              26   55.757   7.8500      1.7653      17.1928      2.500   171.22   38.599235    5.053665  (   0.00, 160.66, 491.20)
 |    73 Polystyrene            6   11.077   1.0320     42.5383      70.1339      0.500   171.72   38.610991    5.060795  (   0.00, 160.67, 491.70)
 |    74 Air                    7   14.784   0.0012  30528.8407   71998.1725      0.150   171.87   38.610996    5.060797  (   0.00, 160.67, 491.85)
 |    75 Steel235              26   55.757   7.8500      1.7653      17.1928      2.500   174.37   40.027395    5.206224  (   0.00, 160.71, 494.35)
 |    76 Polystyrene            6   11.077   1.0320     42.5383      70.1339      0.500   174.87   40.039151    5.213354  (   0.00, 160.72, 494.85)
 |    77 Air                    7   14.784   0.0012  30528.8407   71998.1725      0.150   175.02   40.039156    5.213356  (   0.00, 160.72, 495.00)
 |    78 Steel235              26   55.757   7.8500      1.7653      17.1928      2.500   177.52   41.455555    5.358783  (   0.00, 160.76, 497.50)
 |    79 Polystyrene            6   11.077   1.0320     42.5383      70.1339      0.500   178.02   41.467310    5.365913  (   0.00, 160.77, 498.00)
 |    80 Air                    7   14.784   0.0012  30528.8407   71998.1725      0.150   178.17   41.467315    5.365915  (   0.00, 160.77, 498.15)
 |    81 Steel235              26   55.757   7.8500      1.7653      17.1928      2.500   180.67   42.883714    5.511343  (   0.00, 160.81, 500.65)
 |    82 Polystyrene            6   11.077   1.0320     42.5383      70.1339      0.500   181.17   42.895470    5.518473  (   0.00, 160.82, 501.15)
 |    83 Air                    7   14.784   0.0012  30528.8407   71998.1725      0.150   181.32   42.895475    5.518475  (   0.00, 160.82, 501.30)
 |    84 Steel235              26   55.757   7.8500      1.7653      17.1928      2.500   183.82   44.311874    5.663902  (   0.00, 160.86, 503.80)
 |    85 Polystyrene            6   11.077   1.0320     42.5383      70.1339      0.500   184.32   44.323630    5.671032  (   0.00, 160.87, 504.30)
 |    86 Air                    7   14.784   0.0012  30528.8407   71998.1725      0.150   184.47   44.323635    5.671034  (   0.00, 160.87, 504.45)
 |    87 Steel235              26   55.757   7.8500      1.7653      17.1928      2.500   186.97   45.740034    5.816461  (   0.00, 160.91, 506.95)
 |    88 Polystyrene            6   11.077   1.0320     42.5383      70.1339      0.500   187.47   45.751789    5.823591  (   0.00, 160.92, 507.45)
 |    89 Air                    7   14.784   0.0012  30528.8407   71998.1725      0.150   187.62   45.751794    5.823593  (   0.00, 160.92, 507.60)
 |    90 Steel235              26   55.757   7.8500      1.7653      17.1928      2.500   190.12   47.168194    5.969021  (   0.00, 160.96, 510.10)
 |    91 Polystyrene            6   11.077   1.0320     42.5383      70.1339      0.500   190.62   47.179949    5.976151  (   0.00, 160.96, 510.60)
 |    92 Air                    7   14.784   0.0012  30528.8407   71998.1725      0.150   190.77   47.179954    5.976153  (   0.00, 160.97, 510.75)
 |    93 Steel235              26   55.757   7.8500      1.7653      17.1928      2.500   193.27   48.596353    6.121580  (   0.00, 161.01, 513.25)
 |    94 Polystyrene            6   11.077   1.0320     42.5383      70.1339      0.500   193.77   48.608109    6.128710  (   0.00, 161.01, 513.75)
 |    95 Air                    7   14.784   0.0012  30528.8407   71998.1725      0.150   193.92   48.608114    6.128712  (   0.00, 161.02, 513.90)
 |    96 Steel235              26   55.757   7.8500      1.7653      17.1928      2.500   196.42   50.024513    6.274139  (   0.00, 161.06, 516.40)
 |    97 Polystyrene            6   11.077   1.0320     42.5383      70.1339      0.500   196.92   50.036268    6.281269  (   0.00, 161.06, 516.90)
 |    98 Air                    7   14.784   0.0012  30528.8407   71998.1725      0.150   197.07   50.036273    6.281271  (   0.00, 161.07, 517.05)
 |    99 Steel235              26   55.757   7.8500      1.7653      17.1928      2.500   199.57   51.452673    6.426699  (   0.00, 161.10, 519.55)
 |   100 Polystyrene            6   11.077   1.0320     42.5383      70.1339      0.500   200.07   51.464428    6.433829  (   0.00, 161.11, 520.05)
 |   101 Air                    7   14.784   0.0012  30528.8407   71998.1725      0.150   200.22   51.464433    6.433831  (   0.00, 161.11, 520.20)
 |   102 Steel235              26   55.757   7.8500      1.7653      17.1928      2.500   202.72   52.880832    6.579258  (   0.00, 161.15, 522.70)
 |   103 Polystyrene            6   11.077   1.0320     42.5383      70.1339      0.500   203.22   52.892588    6.586388  (   0.00, 161.16, 523.20)
 |   104 Air                    7   14.784   0.0012  30528.8407   71998.1725      0.150   203.37   52.892593    6.586390  (   0.00, 161.16, 523.35)
 |   105 Steel235              26   55.757   7.8500      1.7653      17.1928      2.500   205.87   54.308992    6.731817  (   0.00, 161.20, 525.85)
 |   106 Polystyrene            6   11.077   1.0320     42.5383      70.1339      0.500   206.37   54.320748    6.738947  (   0.00, 161.21, 526.35)
 |   107 Air                    7   14.784   0.0012  30528.8407   71998.1725      0.150   206.52   54.320752    6.738949  (   0.00, 161.21, 526.50)
 |   108 Steel235              26   55.757   7.8500      1.7653      17.1928      2.500   209.03   55.737152    6.884377  (   0.00, 161.25, 529.00)
 |   109 Polystyrene            6   11.077   1.0320     42.5383      70.1339      0.500   209.53   55.748907    6.891507  (   0.00, 161.26, 529.50)
 |   110 Air                    7   14.784   0.0012  30528.8407   71998.1725      0.150   209.68   55.748912    6.891509  (   0.00, 161.26, 529.65)
 |   111 Steel235              26   55.757   7.8500      1.7653      17.1928      2.500   212.18   57.165311    7.036936  (   0.00, 161.30, 532.15)
 |   112 Polystyrene            6   11.077   1.0320     42.5383      70.1339      0.500   212.68   57.177067    7.044066  (   0.00, 161.31, 532.65)
 |   113 Air                    7   14.784   0.0012  30528.8407   71998.1725      0.150   212.83   57.177072    7.044068  (   0.00, 161.31, 532.80)
 |   114 Steel235              26   55.757   7.8500      1.7653      17.1928      2.500   215.33   58.593471    7.189495  (   0.00, 161.35, 535.30)
 |   115 Polystyrene            6   11.077   1.0320     42.5383      70.1339      0.500   215.83   58.605227    7.196625  (   0.00, 161.36, 535.80)
 |   116 Air                    7   14.784   0.0012  30528.8407   71998.1725      0.150   215.98   58.605231    7.196627  (   0.00, 161.36, 535.95)
 |   117 Steel235              26   55.757   7.8500      1.7653      17.1928      2.500   218.48   60.021631    7.342055  (   0.00, 161.40, 538.45)
 |   118 Polystyrene            6   11.077   1.0320     42.5383      70.1339      0.500   218.98   60.033386    7.349185  (   0.00, 161.41, 538.95)
 |   119 Air                    7   14.784   0.0012  30528.8407   71998.1725      0.150   219.13   60.033391    7.349187  (   0.00, 161.41, 539.10)
 |   120 Steel235              26   55.757   7.8500      1.7653      17.1928      2.500   221.63   61.449790    7.494614  (   0.00, 161.45, 541.60)
 |   121 Polystyrene            6   11.077   1.0320     42.5383      70.1339      0.500   222.13   61.461546    7.501744  (   0.00, 161.45, 542.10)
 |   122 Air                    7   14.784   0.0012  30528.8407   71998.1725      0.150   222.28   61.461551    7.501746  (   0.00, 161.46, 542.25)
 |   123 Steel235              26   55.757   7.8500      1.7653      17.1928      2.500   224.78   62.877950    7.647173  (   0.00, 161.50, 544.75)
 |   124 Polystyrene            6   11.077   1.0320     42.5383      70.1339      0.500   225.28   62.889706    7.654303  (   0.00, 161.50, 545.25)
 |   125 Air                    7   14.784   0.0012  30528.8407   71998.1725      0.150   225.43   62.889711    7.654305  (   0.00, 161.51, 545.40)
 |   126 Steel235              26   55.757   7.8500      1.7653      17.1928      2.500   227.93   64.306110    7.799733  (   0.00, 161.55, 547.90)
 |   127 Polystyrene            6   11.077   1.0320     42.5383      70.1339      0.500   228.43   64.317865    7.806863  (   0.00, 161.55, 548.40)
 |   128 Air                    7   14.784   0.0012  30528.8407   71998.1725      0.150   228.58   64.317870    7.806865  (   0.00, 161.56, 548.55)
 |   129 Steel235              26   55.757   7.8500      1.7653      17.1928      2.500   231.08   65.734269    7.952292  (   0.00, 161.59, 551.05)
 |   130 Polystyrene            6   11.077   1.0320     42.5383      70.1339      0.500   231.58   65.746025    7.959422  (   0.00, 161.60, 551.55)
 |   131 Air                    7   14.784   0.0012  30528.8407   71998.1725      0.150   231.73   65.746030    7.959424  (   0.00, 161.60, 551.70)
 |   132 Air                    7   14.784   0.0012  30528.8407   71998.1725     43.175   274.90   65.747444    7.960024  (   0.00, 162.28, 594.87)
 |   133 Air                    7   14.784   0.0012  30528.8407   71998.1725      1.000   275.90   65.747477    7.960038  (   0.00, 162.29, 595.87)
 |   134 Aluminum              13   26.982   2.6990      8.8963      39.8672      0.100   276.00   65.758719    7.962546  (   0.00, 162.29, 595.97)
 |   135 Air                    7   14.784   0.0012  30528.8407   71998.1725      0.350   276.35   65.758730    7.962551  (   0.00, 162.30, 596.32)
 |   136 PyrexGlass            10   20.495   2.2300     12.6748      43.5474      0.200   276.55   65.774512    7.967144  (   0.00, 162.30, 596.52)
 |   137 RPCGasDefault          8   16.809   0.0037   9559.7011   23915.1216      0.200   276.75   65.774533    7.967153  (   0.00, 162.30, 596.72)
 |   138 PyrexGlass            10   20.495   2.2300     12.6748      43.5474      0.200   276.95   65.790314    7.971746  (   0.00, 162.31, 596.92)
 |   139 Air                    7   14.784   0.0012  30528.8407   71998.1725      0.350   277.30   65.790325    7.971751  (   0.00, 162.31, 597.27)
 |   140 Aluminum              13   26.982   2.6990      8.8963      39.8672      0.100   277.40   65.801567    7.974260  (   0.00, 162.31, 597.37)
 |   141 Aluminum              13   26.982   2.6990      8.8963      39.8672      0.100   277.50   65.812809    7.976768  (   0.00, 162.32, 597.47)
 |   142 Air                    7   14.784   0.0012  30528.8407   71998.1725      0.350   277.85   65.812821    7.976773  (   0.00, 162.32, 597.82)
 |   143 PyrexGlass            10   20.495   2.2300     12.6748      43.5474      0.200   278.05   65.828602    7.981366  (   0.00, 162.32, 598.02)
 |   144 RPCGasDefault          8   16.809   0.0037   9559.7011   23915.1216      0.200   278.25   65.828623    7.981375  (   0.00, 162.33, 598.22)
 |   145 PyrexGlass            10   20.495   2.2300     12.6748      43.5474      0.200   278.45   65.844404    7.985968  (   0.00, 162.33, 598.42)
 |   146 Air                    7   14.784   0.0012  30528.8407   71998.1725      0.350   278.80   65.844416    7.985973  (   0.00, 162.34, 598.77)
 |   147 Aluminum              13   26.982   2.6990      8.8963      39.8672      0.100   278.90   65.855658    7.988481  (   0.00, 162.34, 598.87)
 |   148 Iron                  26   55.845   7.8740      1.7575      17.1639     10.001   288.90   71.546269    8.571170  (   0.00, 162.49, 608.87)
 |   149 Air                    7   14.784   0.0012  30528.8407   71998.1725      1.000   289.91   71.546301    8.571184  (   0.00, 162.51, 609.87)
 |   150 Aluminum              13   26.982   2.6990      8.8963      39.8672      0.100   290.01   71.557543    8.573693  (   0.00, 162.51, 609.97)
 |   151 Air                    7   14.784   0.0012  30528.8407   71998.1725      0.350   290.36   71.557555    8.573698  (   0.00, 162.52, 610.32)
 |   152 PyrexGlass            10   20.495   2.2300     12.6748      43.5474      0.200   290.56   71.573336    8.578291  (   0.00, 162.52, 610.52)
 |   153 RPCGasDefault          8   16.809   0.0037   9559.7011   23915.1216      0.200   290.76   71.573357    8.578299  (   0.00, 162.52, 610.72)
 |   154 PyrexGlass            10   20.495   2.2300     12.6748      43.5474      0.200   290.96   71.589138    8.582892  (   0.00, 162.53, 610.92)
 |   155 Air                    7   14.784   0.0012  30528.8407   71998.1725      0.350   291.31   71.589150    8.582897  (   0.00, 162.53, 611.27)
 |   156 Aluminum              13   26.982   2.6990      8.8963      39.8672      0.100   291.41   71.600392    8.585406  (   0.00, 162.53, 611.37)
 |   157 Aluminum              13   26.982   2.6990      8.8963      39.8672      0.100   291.51   71.611634    8.587915  (   0.00, 162.53, 611.47)
 |   158 Air                    7   14.784   0.0012  30528.8407   71998.1725      0.350   291.86   71.611645    8.587919  (   0.00, 162.54, 611.82)
 |   159 PyrexGlass            10   20.495   2.2300     12.6748      43.5474      0.200   292.06   71.627427    8.592513  (   0.00, 162.54, 612.02)
 |   160 RPCGasDefault          8   16.809   0.0037   9559.7011   23915.1216      0.200   292.26   71.627448    8.592521  (   0.00, 162.55, 612.22)
 |   161 PyrexGlass            10   20.495   2.2300     12.6748      43.5474      0.200   292.46   71.643229    8.597114  (   0.00, 162.55, 612.42)
 |   162 Air                    7   14.784   0.0012  30528.8407   71998.1725      0.350   292.81   71.643240    8.597119  (   0.00, 162.55, 612.77)
 |   163 Aluminum              13   26.982   2.6990      8.8963      39.8672      0.100   292.91   71.654482    8.599628  (   0.00, 162.56, 612.87)
 |   164 Iron                  26   55.845   7.8740      1.7575      17.1639     10.001   302.91   77.345093    9.182316  (   0.00, 162.71, 622.87)
 |   165 Air                    7   14.784   0.0012  30528.8407   71998.1725      1.000   303.91   77.345126    9.182330  (   0.00, 162.73, 623.87)
 |   166 Aluminum              13   26.982   2.6990      8.8963      39.8672      0.100   304.01   77.356368    9.184839  (   0.00, 162.73, 623.97)
 |   167 Air                    7   14.784   0.0012  30528.8407   71998.1725      0.350   304.36   77.356379    9.184844  (   0.00, 162.73, 624.32)
 |   168 PyrexGlass            10   20.495   2.2300     12.6748      43.5474      0.200   304.56   77.372161    9.189437  (   0.00, 162.74, 624.52)
 |   169 RPCGasDefault          8   16.809   0.0037   9559.7011   23915.1216      0.200   304.76   77.372182    9.189446  (   0.00, 162.74, 624.72)
 |   170 PyrexGlass            10   20.495   2.2300     12.6748      43.5474      0.200   304.96   77.387963    9.194039  (   0.00, 162.74, 624.92)
 |   171 Air                    7   14.784   0.0012  30528.8407   71998.1725      0.350   305.31   77.387974    9.194044  (   0.00, 162.75, 625.27)
 |   172 Aluminum              13   26.982   2.6990      8.8963      39.8672      0.100   305.41   77.399216    9.196552  (   0.00, 162.75, 625.37)
 |   173 Aluminum              13   26.982   2.6990      8.8963      39.8672      0.100   305.51   77.410458    9.199061  (   0.00, 162.75, 625.47)
 |   174 Air                    7   14.784   0.0012  30528.8407   71998.1725      0.350   305.86   77.410470    9.199066  (   0.00, 162.76, 625.82)
 |   175 PyrexGlass            10   20.495   2.2300     12.6748      43.5474      0.200   306.06   77.426251    9.203659  (   0.00, 162.76, 626.02)
 |   176 RPCGasDefault          8   16.809   0.0037   9559.7011   23915.1216      0.200   306.26   77.426272    9.203667  (   0.00, 162.76, 626.22)
 |   177 PyrexGlass            10   20.495   2.2300     12.6748      43.5474      0.200   306.46   77.442053    9.208261  (   0.00, 162.77, 626.42)
 |   178 Air                    7   14.784   0.0012  30528.8407   71998.1725      0.350   306.81   77.442065    9.208265  (   0.00, 162.77, 626.77)
 |   179 Aluminum              13   26.982   2.6990      8.8963      39.8672      0.100   306.91   77.453307    9.210774  (   0.00, 162.77, 626.87)
 |   180 Iron                  26   55.845   7.8740      1.7575      17.1639     10.001   316.91   83.143918    9.793463  (   0.00, 162.93, 636.87)
 |   181 Air                    7   14.784   0.0012  30528.8407   71998.1725      1.000   317.91   83.143950    9.793477  (   0.00, 162.94, 637.87)
 |   182 Aluminum              13   26.982   2.6990      8.8963      39.8672      0.100   318.01   83.155192    9.795985  (   0.00, 162.95, 637.97)
 |   183 Air                    7   14.784   0.0012  30528.8407   71998.1725      0.350   318.36   83.155204    9.795990  (   0.00, 162.95, 638.32)
 |   184 PyrexGlass            10   20.495   2.2300     12.6748      43.5474      0.200   318.56   83.170985    9.800583  (   0.00, 162.95, 638.52)
 |   185 RPCGasDefault          8   16.809   0.0037   9559.7011   23915.1216      0.200   318.76   83.171006    9.800592  (   0.00, 162.96, 638.72)
 |   186 PyrexGlass            10   20.495   2.2300     12.6748      43.5474      0.200   318.96   83.186787    9.805185  (   0.00, 162.96, 638.92)
 |   187 Air                    7   14.784   0.0012  30528.8407   71998.1725      0.350   319.31   83.186799    9.805190  (   0.00, 162.97, 639.27)
 |   188 Aluminum              13   26.982   2.6990      8.8963      39.8672      0.100   319.41   83.198041    9.807699  (   0.00, 162.97, 639.37)
 |   189 Aluminum              13   26.982   2.6990      8.8963      39.8672      0.100   319.51   83.209283    9.810207  (   0.00, 162.97, 639.47)
 |   190 Air                    7   14.784   0.0012  30528.8407   71998.1725      0.350   319.86   83.209294    9.810212  (   0.00, 162.97, 639.82)
 |   191 PyrexGlass            10   20.495   2.2300     12.6748      43.5474      0.200   320.06   83.225076    9.814805  (   0.00, 162.98, 640.02)
 |   192 RPCGasDefault          8   16.809   0.0037   9559.7011   23915.1216      0.200   320.26   83.225097    9.814814  (   0.00, 162.98, 640.22)
 |   193 PyrexGlass            10   20.495   2.2300     12.6748      43.5474      0.200   320.46   83.240878    9.819407  (   0.00, 162.98, 640.42)
 |   194 Air                    7   14.784   0.0012  30528.8407   71998.1725      0.350   320.81   83.240889    9.819412  (   0.00, 162.99, 640.77)
 |   195 Aluminum              13   26.982   2.6990      8.8963      39.8672      0.100   320.91   83.252131    9.821920  (   0.00, 162.99, 640.87)
 |   196 Iron                  26   55.845   7.8740      1.7575      17.1639     10.001   330.91   88.942742   10.404609  (   0.00, 163.15, 650.87)
 |   197 Air                    7   14.784   0.0012  30528.8407   71998.1725      1.000   331.91   88.942775   10.404623  (   0.00, 163.16, 651.87)
 |   198 Aluminum              13   26.982   2.6990      8.8963      39.8672      0.100   332.01   88.954017   10.407132  (   0.00, 163.16, 651.97)
 |   199 Air                    7   14.784   0.0012  30528.8407   71998.1725      0.350   332.36   88.954028   10.407137  (   0.00, 163.17, 652.32)
 |   200 PyrexGlass            10   20.495   2.2300     12.6748      43.5474      0.200   332.56   88.969810   10.411730  (   0.00, 163.17, 652.52)
 |   201 RPCGasDefault          8   16.809   0.0037   9559.7011   23915.1216      0.200   332.76   88.969831   10.411738  (   0.00, 163.18, 652.72)
 |   202 PyrexGlass            10   20.495   2.2300     12.6748      43.5474      0.200   332.96   88.985612   10.416331  (   0.00, 163.18, 652.92)
 |   203 Air                    7   14.784   0.0012  30528.8407   71998.1725      0.350   333.31   88.985623   10.416336  (   0.00, 163.18, 653.27)
 |   204 Aluminum              13   26.982   2.6990      8.8963      39.8672      0.100   333.41   88.996865   10.418845  (   0.00, 163.19, 653.37)
 |   205 Aluminum              13   26.982   2.6990      8.8963      39.8672      0.100   333.51   89.008107   10.421354  (   0.00, 163.19, 653.47)
 |   206 Air                    7   14.784   0.0012  30528.8407   71998.1725      0.350   333.86   89.008119   10.421358  (   0.00, 163.19, 653.82)
 |   207 PyrexGlass            10   20.495   2.2300     12.6748      43.5474      0.200   334.06   89.023900   10.425952  (   0.00, 163.20, 654.02)
 |   208 RPCGasDefault          8   16.809   0.0037   9559.7011   23915.1216      0.200   334.26   89.023921   10.425960  (   0.00, 163.20, 654.22)
 |   209 PyrexGlass            10   20.495   2.2300     12.6748      43.5474      0.200   334.46   89.039702   10.430553  (   0.00, 163.20, 654.42)
 |   210 Air                    7   14.784   0.0012  30528.8407   71998.1725      0.350   334.81   89.039714   10.430558  (   0.00, 163.21, 654.77)
 |   211 Aluminum              13   26.982   2.6990      8.8963      39.8672      0.100   334.91   89.050956   10.433067  (   0.00, 163.21, 654.87)
 |   212 Iron                  26   55.845   7.8740      1.7575      17.1639     10.001   344.91   94.741567   11.015756  (   0.00, 163.36, 664.87)
 |   213 Air                    7   14.784   0.0012  30528.8407   71998.1725      1.000   345.91   94.741599   11.015769  (   0.00, 163.38, 665.87)
 |   214 Aluminum              13   26.982   2.6990      8.8963      39.8672      0.100   346.01   94.752841   11.018278  (   0.00, 163.38, 665.97)
 |   215 Air                    7   14.784   0.0012  30528.8407   71998.1725      0.350   346.36   94.752853   11.018283  (   0.00, 163.39, 666.32)
 |   216 PyrexGlass            10   20.495   2.2300     12.6748      43.5474      0.200   346.56   94.768634   11.022876  (   0.00, 163.39, 666.52)
 |   217 RPCGasDefault          8   16.809   0.0037   9559.7011   23915.1216      0.200   346.76   94.768655   11.022885  (   0.00, 163.39, 666.72)
 |   218 PyrexGlass            10   20.495   2.2300     12.6748      43.5474      0.200   346.96   94.784436   11.027478  (   0.00, 163.40, 666.92)
 |   219 Air                    7   14.784   0.0012  30528.8407   71998.1725      0.350   347.31   94.784448   11.027483  (   0.00, 163.40, 667.27)
 |   220 Aluminum              13   26.982   2.6990      8.8963      39.8672      0.100   347.41   94.795690   11.029991  (   0.00, 163.40, 667.37)
 |   221 Aluminum              13   26.982   2.6990      8.8963      39.8672      0.100   347.51   94.806932   11.032500  (   0.00, 163.41, 667.47)
 |   222 Air                    7   14.784   0.0012  30528.8407   71998.1725      0.350   347.86   94.806943   11.032505  (   0.00, 163.41, 667.82)
 |   223 PyrexGlass            10   20.495   2.2300     12.6748      43.5474      0.200   348.06   94.822725   11.037098  (   0.00, 163.41, 668.02)
 |   224 RPCGasDefault          8   16.809   0.0037   9559.7011   23915.1216      0.200   348.26   94.822746   11.037106  (   0.00, 163.42, 668.22)
 |   225 PyrexGlass            10   20.495   2.2300     12.6748      43.5474      0.200   348.46   94.838527   11.041700  (   0.00, 163.42, 668.42)
 |   226 Air                    7   14.784   0.0012  30528.8407   71998.1725      0.350   348.81   94.838538   11.041705  (   0.00, 163.43, 668.77)
 |   227 Aluminum              13   26.982   2.6990      8.8963      39.8672      0.100   348.91   94.849780   11.044213  (   0.00, 163.43, 668.87)
 |   228 Iron                  26   55.845   7.8740      1.7575      17.1639     10.001   358.91  100.540391   11.626902  (   0.00, 163.58, 678.87)
 |   229 Air                    7   14.784   0.0012  30528.8407   71998.1725      1.000   359.91  100.540424   11.626916  (   0.00, 163.60, 679.87)
 |   230 Aluminum              13   26.982   2.6990      8.8963      39.8672      0.100   360.01  100.551666   11.629424  (   0.00, 163.60, 679.97)
 |   231 Air                    7   14.784   0.0012  30528.8407   71998.1725      0.350   360.36  100.551677   11.629429  (   0.00, 163.60, 680.32)
 |   232 PyrexGlass            10   20.495   2.2300     12.6748      43.5474      0.200   360.56  100.567459   11.634023  (   0.00, 163.61, 680.52)
 |   233 RPCGasDefault          8   16.809   0.0037   9559.7011   23915.1216      0.200   360.76  100.567480   11.634031  (   0.00, 163.61, 680.72)
 |   234 PyrexGlass            10   20.495   2.2300     12.6748      43.5474      0.200   360.96  100.583261   11.638624  (   0.00, 163.61, 680.92)
 |   235 Air                    7   14.784   0.0012  30528.8407   71998.1725      0.350   361.31  100.583272   11.638629  (   0.00, 163.62, 681.27)
 |   236 Aluminum              13   26.982   2.6990      8.8963      39.8672      0.100   361.41  100.594514   11.641138  (   0.00, 163.62, 681.37)
 |   237 Aluminum              13   26.982   2.6990      8.8963      39.8672      0.100   361.51  100.605756   11.643646  (   0.00, 163.62, 681.47)
 |   238 Air                    7   14.784   0.0012  30528.8407   71998.1725      0.350   361.86  100.605768   11.643651  (   0.00, 163.63, 681.82)
 |   239 PyrexGlass            10   20.495   2.2300     12.6748      43.5474      0.200   362.06  100.621549   11.648244  (   0.00, 163.63, 682.02)
 |   240 RPCGasDefault          8   16.809   0.0037   9559.7011   23915.1216      0.200   362.26  100.621570   11.648253  (   0.00, 163.63, 682.22)
 |   241 PyrexGlass            10   20.495   2.2300     12.6748      43.5474      0.200   362.46  100.637351   11.652846  (   0.00, 163.64, 682.42)
 |   242 Air                    7   14.784   0.0012  30528.8407   71998.1725      0.350   362.81  100.637363   11.652851  (   0.00, 163.64, 682.77)
 |   243 Aluminum              13   26.982   2.6990      8.8963      39.8672      0.100   362.91  100.648605   11.655360  (   0.00, 163.64, 682.87)
 |   244 Iron                  26   55.845   7.8740      1.7575      17.1639     10.001   372.92  106.339216   12.238048  (   0.00, 163.80, 692.87)
 |   245 Air                    7   14.784   0.0012  30528.8407   71998.1725      1.000   373.92  106.339248   12.238062  (   0.00, 163.82, 693.87)
 |   246 Aluminum              13   26.982   2.6990      8.8963      39.8672      0.100   374.02  106.350490   12.240571  (   0.00, 163.82, 693.97)
 |   247 Air                    7   14.784   0.0012  30528.8407   71998.1725      0.350   374.37  106.350502   12.240576  (   0.00, 163.82, 694.32)
 |   248 PyrexGlass            10   20.495   2.2300     12.6748      43.5474      0.200   374.57  106.366283   12.245169  (   0.00, 163.83, 694.52)
 |   249 RPCGasDefault          8   16.809   0.0037   9559.7011   23915.1216      0.200   374.77  106.366304   12.245177  (   0.00, 163.83, 694.72)
 |   250 PyrexGlass            10   20.495   2.2300     12.6748      43.5474      0.200   374.97  106.382085   12.249771  (   0.00, 163.83, 694.92)
 |   251 Air                    7   14.784   0.0012  30528.8407   71998.1725      0.350   375.32  106.382097   12.249775  (   0.00, 163.84, 695.27)
 |   252 Aluminum              13   26.982   2.6990      8.8963      39.8672      0.100   375.42  106.393339   12.252284  (   0.00, 163.84, 695.37)
 |   253 Aluminum              13   26.982   2.6990      8.8963      39.8672      0.100   375.52  106.404581   12.254793  (   0.00, 163.84, 695.47)
 |   254 Air                    7   14.784   0.0012  30528.8407   71998.1725      0.350   375.87  106.404592   12.254798  (   0.00, 163.85, 695.82)
 |   255 PyrexGlass            10   20.495   2.2300     12.6748      43.5474      0.200   376.07  106.420374   12.259391  (   0.00, 163.85, 696.02)
 |   256 RPCGasDefault          8   16.809   0.0037   9559.7011   23915.1216      0.200   376.27  106.420395   12.259399  (   0.00, 163.85, 696.22)
 |   257 PyrexGlass            10   20.495   2.2300     12.6748      43.5474      0.200   376.47  106.436176   12.263992  (   0.00, 163.86, 696.42)
 |   258 Air                    7   14.784   0.0012  30528.8407   71998.1725      0.350   376.82  106.436187   12.263997  (   0.00, 163.86, 696.77)
 |   259 Aluminum              13   26.982   2.6990      8.8963      39.8672      0.100   376.92  106.447429   12.266506  (   0.00, 163.86, 696.87)
 |   260 Iron                  26   55.845   7.8740      1.7575      17.1639     10.001   386.92  112.138040   12.849195  (   0.00, 164.02, 706.87)
 |   261 Air                    7   14.784   0.0012  30528.8407   71998.1725      1.000   387.92  112.138073   12.849209  (   0.00, 164.03, 707.87)
 |   262 Aluminum              13   26.982   2.6990      8.8963      39.8672      0.100   388.02  112.149315   12.851717  (   0.00, 164.04, 707.97)
 |   263 Air                    7   14.784   0.0012  30528.8407   71998.1725      0.350   388.37  112.149326   12.851722  (   0.00, 164.04, 708.32)
 |   264 PyrexGlass            10   20.495   2.2300     12.6748      43.5474      0.200   388.57  112.165108   12.856315  (   0.00, 164.04, 708.52)
 |   265 RPCGasDefault          8   16.809   0.0037   9559.7011   23915.1216      0.200   388.77  112.165129   12.856324  (   0.00, 164.05, 708.72)
 |   266 PyrexGlass            10   20.495   2.2300     12.6748      43.5474      0.200   388.97  112.180910   12.860917  (   0.00, 164.05, 708.92)
 |   267 Air                    7   14.784   0.0012  30528.8407   71998.1725      0.350   389.32  112.180921   12.860922  (   0.00, 164.06, 709.27)
 |   268 Aluminum              13   26.982   2.6990      8.8963      39.8672      0.100   389.42  112.192163   12.863430  (   0.00, 164.06, 709.37)
 |   269 Aluminum              13   26.982   2.6990      8.8963      39.8672      0.100   389.52  112.203405   12.865939  (   0.00, 164.06, 709.47)
 |   270 Air                    7   14.784   0.0012  30528.8407   71998.1725      0.350   389.87  112.203417   12.865944  (   0.00, 164.06, 709.82)
 |   271 PyrexGlass            10   20.495   2.2300     12.6748      43.5474      0.200   390.07  112.219198   12.870537  (   0.00, 164.07, 710.02)
 |   272 RPCGasDefault          8   16.809   0.0037   9559.7011   23915.1216      0.200   390.27  112.219219   12.870545  (   0.00, 164.07, 710.22)
 |   273 PyrexGlass            10   20.495   2.2300     12.6748      43.5474      0.200   390.47  112.235000   12.875139  (   0.00, 164.07, 710.42)
 |   274 Air                    7   14.784   0.0012  30528.8407   71998.1725      0.350   390.82  112.235012   12.875144  (   0.00, 164.08, 710.77)
 |   275 Aluminum              13   26.982   2.6990      8.8963      39.8672      0.100   390.92  112.246254   12.877652  (   0.00, 164.08, 710.87)
 |   276 Iron                  26   55.845   7.8740      1.7575      17.1639     10.001   400.92  117.936865   13.460341  (   0.00, 164.24, 720.87)
 |   277 Air                    7   14.784   0.0012  30528.8407   71998.1725      1.000   401.92  117.936897   13.460355  (   0.00, 164.25, 721.87)
 |   278 Aluminum              13   26.982   2.6990      8.8963      39.8672      0.100   402.02  117.948139   13.462863  (   0.00, 164.25, 721.97)
 |   279 Air                    7   14.784   0.0012  30528.8407   71998.1725      0.350   402.37  117.948151   13.462868  (   0.00, 164.26, 722.32)
 |   280 PyrexGlass            10   20.495   2.2300     12.6748      43.5474      0.200   402.57  117.963932   13.467462  (   0.00, 164.26, 722.52)
 |   281 RPCGasDefault          8   16.809   0.0037   9559.7011   23915.1216      0.200   402.77  117.963953   13.467470  (   0.00, 164.26, 722.72)
 |   282 PyrexGlass            10   20.495   2.2300     12.6748      43.5474      0.200   402.97  117.979734   13.472063  (   0.00, 164.27, 722.92)
 |   283 Air                    7   14.784   0.0012  30528.8407   71998.1725      0.350   403.32  117.979746   13.472068  (   0.00, 164.27, 723.27)
 |   284 Aluminum              13   26.982   2.6990      8.8963      39.8672      0.100   403.42  117.990988   13.474577  (   0.00, 164.27, 723.37)
 |   285 Aluminum              13   26.982   2.6990      8.8963      39.8672      0.100   403.52  118.002230   13.477085  (   0.00, 164.28, 723.47)
 |   286 Air                    7   14.784   0.0012  30528.8407   71998.1725      0.350   403.87  118.002241   13.477090  (   0.00, 164.28, 723.82)
 |   287 PyrexGlass            10   20.495   2.2300     12.6748      43.5474      0.200   404.07  118.018023   13.481683  (   0.00, 164.28, 724.02)
 |   288 RPCGasDefault          8   16.809   0.0037   9559.7011   23915.1216      0.200   404.27  118.018044   13.481692  (   0.00, 164.29, 724.22)
 |   289 PyrexGlass            10   20.495   2.2300     12.6748      43.5474      0.200   404.47  118.033825   13.486285  (   0.00, 164.29, 724.42)
 |   290 Air                    7   14.784   0.0012  30528.8407   71998.1725      0.350   404.82  118.033836   13.486290  (   0.00, 164.30, 724.77)
 |   291 Aluminum              13   26.982   2.6990      8.8963      39.8672      0.100   404.92  118.045078   13.488799  (   0.00, 164.30, 724.87)
 |   292 Iron                  26   55.845   7.8740      1.7575      17.1639     10.001   414.92  123.735689   14.071487  (   0.00, 164.45, 734.87)
 |   293 Air                    7   14.784   0.0012  30528.8407   71998.1725      1.000   415.92  123.735722   14.071501  (   0.00, 164.47, 735.87)
 |   294 Aluminum              13   26.982   2.6990      8.8963      39.8672      0.100   416.02  123.746964   14.074010  (   0.00, 164.47, 735.97)
 |   295 Air                    7   14.784   0.0012  30528.8407   71998.1725      0.350   416.37  123.746975   14.074015  (   0.00, 164.48, 736.32)
 |   296 PyrexGlass            10   20.495   2.2300     12.6748      43.5474      0.200   416.57  123.762757   14.078608  (   0.00, 164.48, 736.52)
 |   297 RPCGasDefault          8   16.809   0.0037   9559.7011   23915.1216      0.200   416.77  123.762778   14.078616  (   0.00, 164.48, 736.72)
 |   298 PyrexGlass            10   20.495   2.2300     12.6748      43.5474      0.200   416.97  123.778559   14.083210  (   0.00, 164.49, 736.92)
 |   299 Air                    7   14.784   0.0012  30528.8407   71998.1725      0.350   417.32  123.778570   14.083214  (   0.00, 164.49, 737.27)
 |   300 Aluminum              13   26.982   2.6990      8.8963      39.8672      0.100   417.42  123.789812   14.085723  (   0.00, 164.49, 737.37)
 |   301 Aluminum              13   26.982   2.6990      8.8963      39.8672      0.100   417.52  123.801054   14.088232  (   0.00, 164.49, 737.47)
 |   302 Air                    7   14.784   0.0012  30528.8407   71998.1725      0.350   417.87  123.801066   14.088237  (   0.00, 164.50, 737.82)
 |   303 PyrexGlass            10   20.495   2.2300     12.6748      43.5474      0.200   418.07  123.816847   14.092830  (   0.00, 164.50, 738.02)
 |   304 RPCGasDefault          8   16.809   0.0037   9559.7011   23915.1216      0.200   418.27  123.816868   14.092838  (   0.00, 164.51, 738.22)
 |   305 PyrexGlass            10   20.495   2.2300     12.6748      43.5474      0.200   418.47  123.832649   14.097431  (   0.00, 164.51, 738.42)
 |   306 Air                    7   14.784   0.0012  30528.8407   71998.1725      0.350   418.82  123.832661   14.097436  (   0.00, 164.51, 738.77)
 |   307 Aluminum              13   26.982   2.6990      8.8963      39.8672      0.100   418.92  123.843903   14.099945  (   0.00, 164.52, 738.87)
 |   308 Iron                  26   55.845   7.8740      1.7575      17.1639     10.001   428.92  129.534514   14.682634  (   0.00, 164.67, 748.87)
 |   309 Air                    7   14.784   0.0012  30528.8407   71998.1725      1.000   429.92  129.534546   14.682648  (   0.00, 164.69, 749.87)
 |   310 Aluminum              13   26.982   2.6990      8.8963      39.8672      0.100   430.02  129.545788   14.685156  (   0.00, 164.69, 749.97)
 |   311 Air                    7   14.784   0.0012  30528.8407   71998.1725      0.350   430.37  129.545800   14.685161  (   0.00, 164.69, 750.32)
 |   312 PyrexGlass            10   20.495   2.2300     12.6748      43.5474      0.200   430.57  129.561581   14.689754  (   0.00, 164.70, 750.52)
 |   313 RPCGasDefault          8   16.809   0.0037   9559.7011   23915.1216      0.200   430.77  129.561602   14.689763  (   0.00, 164.70, 750.72)
 |   314 PyrexGlass            10   20.495   2.2300     12.6748      43.5474      0.200   430.97  129.577383   14.694356  (   0.00, 164.70, 750.92)
 |   315 Air                    7   14.784   0.0012  30528.8407   71998.1725      0.350   431.32  129.577395   14.694361  (   0.00, 164.71, 751.27)
 |   316 Aluminum              13   26.982   2.6990      8.8963      39.8672      0.100   431.42  129.588637   14.696869  (   0.00, 164.71, 751.37)
 |   317 Aluminum              13   26.982   2.6990      8.8963      39.8672      0.100   431.52  129.599879   14.699378  (   0.00, 164.71, 751.47)
 |   318 Air                    7   14.784   0.0012  30528.8407   71998.1725      0.350   431.87  129.599890   14.699383  (   0.00, 164.72, 751.82)
 |   319 PyrexGlass            10   20.495   2.2300     12.6748      43.5474      0.200   432.07  129.615672   14.703976  (   0.00, 164.72, 752.02)
 |   320 RPCGasDefault          8   16.809   0.0037   9559.7011   23915.1216      0.200   432.27  129.615693   14.703985  (   0.00, 164.72, 752.22)
 |   321 PyrexGlass            10   20.495   2.2300     12.6748      43.5474      0.200   432.47  129.631474   14.708578  (   0.00, 164.73, 752.42)
 |   322 Air                    7   14.784   0.0012  30528.8407   71998.1725      0.350   432.82  129.631485   14.708583  (   0.00, 164.73, 752.77)
 |   323 Aluminum              13   26.982   2.6990      8.8963      39.8672      0.100   432.92  129.642727   14.711091  (   0.00, 164.73, 752.87)
 |   324 Iron                  26   55.845   7.8740      1.7575      17.1639     10.001   442.92  135.333338   15.293780  (   0.00, 164.89, 762.87)
 |   325 Air                    7   14.784   0.0012  30528.8407   71998.1725      7.131   450.05  135.333572   15.293879  (   0.00, 165.00, 770.00)
 +--------------------------------------------------------------------------------------------------------------------------------------------------
 |     0 Average Material      22   47.569   4.4131      3.3255      29.4271    450.054   450.05  135.333572   15.293879  (   0.00, 165.00, 770.00)
 +--------------------------------------------------------------------------------------------------------------------------------------------------
