materialScan compact_Lhe_dip_sol_ell_mat-LAr-EMC_sym.xml 0. 10. 385. 0. 700. 400.  > materialScan_compact_Lhe_dip_sol_ell_mat-LAr-EMC_sym_0_10_385-0_700_400.txt
TGeoManager: Changing system of units to ROOT units (cm, s, GeV).
DD4hep           WARN  ++ STD conditions NOT defined by client. NTP defaults taken.
VertexBarrelSupports_layer0 4.6 4.6 51.75
TGeoTube::SetTubeDimensions: In shape TGeoTube wrong rmin=37.869 rmax=15.591
 +--------------------------------------------------------------------------------------------------------------------------------------------------
 + Material scan between: x_0 = (   0.00,  10.00, 385.00) [cm] and x_1 = (   0.00, 700.00, 400.00) [cm] : 
 +--------------------------------------------------------------------------------------------------------------------------------------------------
 |     \   Material           Atomic                 Radiation   Interaction               Path   Integrated  Integrated    Material
 | Num. \  Name          Number/Z   Mass/A  Density    Length       Length    Thickness   Length      X0        Lambda      Endpoint  
 | Layer \                        [g/mole]  [g/cm3]     [cm]        [cm]          [cm]      [cm]     [cm]        [cm]     (     cm,     cm,     cm)
 +--------------------------------------------------------------------------------------------------------------------------------------------------
 |     1 Air                    7   14.784   0.0012  30528.8407   71998.1725     11.094    11.09    0.000363    0.000154  (   0.00,  21.09, 385.24)
 |     2 Air                    7   14.784   0.0012  30528.8407   71998.1725      0.639    11.73    0.000384    0.000163  (   0.00,  21.73, 385.26)
 |     3 TungstenDens25        72  177.567  18.2000      0.3806      10.7225     23.005    34.74   60.449007    2.145695  (   0.00,  44.73, 385.76)
 |     4 Air                    7   14.784   0.0012  30528.8407   71998.1725      1.150    35.89   60.449045    2.145711  (   0.00,  45.88, 385.78)
 |     5 Silicon               14   28.085   2.3300      9.3661      45.7531      1.472    37.36   60.606245    2.177891  (   0.00,  47.35, 385.81)
 |     6 Copper                29   63.546   8.9600      1.4356      15.6778      0.230    37.59   60.766497    2.192565  (   0.00,  47.58, 385.82)
 |     7 Kapton                 6   12.701   1.4300     28.3749      55.9194      1.380    38.97   60.815143    2.217249  (   0.00,  48.96, 385.85)
 |     8 Air                    7   14.784   0.0012  30528.8407   71998.1725      1.518    40.49   60.815193    2.217270  (   0.00,  50.48, 385.88)
 |     9 TungstenDens25        72  177.567  18.2000      0.3806      10.7225     23.005    63.49  121.263816    4.362802  (   0.00,  73.48, 386.38)
 |    10 Air                    7   14.784   0.0012  30528.8407   71998.1725      1.150    64.65  121.263854    4.362818  (   0.00,  74.63, 386.41)
 |    11 Silicon               14   28.085   2.3300      9.3661      45.7531      1.472    66.12  121.421054    4.394998  (   0.00,  76.10, 386.44)
 |    12 Copper                29   63.546   8.9600      1.4356      15.6778      0.230    66.35  121.581306    4.409672  (   0.00,  76.33, 386.44)
 |    13 Kapton                 6   12.701   1.4300     28.3749      55.9194      1.380    67.73  121.629952    4.434356  (   0.00,  77.71, 386.47)
 |    14 Air                    7   14.784   0.0012  30528.8407   71998.1725      1.518    69.25  121.630002    4.434377  (   0.00,  79.23, 386.51)
 |    15 TungstenDens25        72  177.567  18.2000      0.3806      10.7225     23.005    92.25  182.078625    6.579909  (   0.00, 102.23, 387.01)
 |    16 Air                    7   14.784   0.0012  30528.8407   71998.1725      1.150    93.40  182.078663    6.579925  (   0.00, 103.38, 387.03)
 |    17 Silicon               14   28.085   2.3300      9.3661      45.7531      1.472    94.87  182.235863    6.612106  (   0.00, 104.85, 387.06)
 |    18 Copper                29   63.546   8.9600      1.4356      15.6778      0.230    95.10  182.396115    6.626779  (   0.00, 105.08, 387.07)
 |    19 Kapton                 6   12.701   1.4300     28.3749      55.9194      1.380    96.48  182.444761    6.651464  (   0.00, 106.46, 387.10)
 |    20 Air                    7   14.784   0.0012  30528.8407   71998.1725      1.518    98.00  182.444810    6.651485  (   0.00, 107.98, 387.13)
 |    21 TungstenDens25        72  177.567  18.2000      0.3806      10.7225      8.025   106.03  203.532087    7.399946  (   0.00, 116.00, 387.30)
 |    22 Air                    7   14.784   0.0012  30528.8407   71998.1725     31.600   137.63  203.533122    7.400384  (   0.00, 147.60, 387.99)
 |    23 Aluminum              13   26.982   2.6990      8.8963      39.8672      1.500   139.13  203.701771    7.438018  (   0.00, 149.10, 388.02)
 |    24 Aluminum              13   26.982   2.6990      8.8963      39.8672      3.001   142.13  204.039069    7.513286  (   0.00, 152.10, 388.09)
 |    25 Vacuum                 7   14.784   0.0000 3.66346e+11  8.63978e+11      3.001   145.13  204.039069    7.513286  (   0.00, 155.10, 388.15)
 |    26 Aluminum              13   26.982   2.6990      8.8963      39.8672      4.001   149.13  204.488799    7.613643  (   0.00, 159.10, 388.24)
 |    27 Air                    7   14.784   0.0012  30528.8407   71998.1725      0.500   149.63  204.488816    7.613650  (   0.00, 159.60, 388.25)
 |    28 Steel235              26   55.757   7.8500      1.7653      17.1928     78.123   227.75  248.744708   12.157573  (   0.00, 237.70, 389.95)
 |    29 Polystyrene            6   11.077   1.0320     42.5383      70.1339     23.005   250.76  249.285526   12.485594  (   0.00, 260.70, 390.45)
 |    30 Air                    7   14.784   0.0012  30528.8407   71998.1725      6.902   257.66  249.285752   12.485690  (   0.00, 267.60, 390.60)
 |    31 Steel235              26   55.757   7.8500      1.7653      17.1928     40.255   297.92  272.089928   14.827083  (   0.00, 307.85, 391.47)
 |    32 Air                    7   14.784   0.0012  30528.8407   71998.1725     24.179   322.09  272.090720   14.827419  (   0.00, 332.02, 392.00)
 |    33 Aluminum              13   26.982   2.6990      8.8963      39.8672      0.100   322.19  272.101963   14.829928  (   0.00, 332.12, 392.00)
 |    34 Air                    7   14.784   0.0012  30528.8407   71998.1725      0.350   322.54  272.101975   14.829933  (   0.00, 332.47, 392.01)
 |    35 PyrexGlass            10   20.495   2.2300     12.6748      43.5474      0.200   322.74  272.117758   14.834526  (   0.00, 332.67, 392.01)
 |    36 RPCGasDefault          8   16.809   0.0037   9559.7011   23915.1216      0.200   322.94  272.117779   14.834535  (   0.00, 332.87, 392.02)
 |    37 PyrexGlass            10   20.495   2.2300     12.6748      43.5474      0.200   323.14  272.133562   14.839129  (   0.00, 333.07, 392.02)
 |    38 Air                    7   14.784   0.0012  30528.8407   71998.1725      0.350   323.49  272.133574   14.839133  (   0.00, 333.42, 392.03)
 |    39 Aluminum              13   26.982   2.6990      8.8963      39.8672      0.100   323.59  272.144817   14.841642  (   0.00, 333.52, 392.03)
 |    40 Aluminum              13   26.982   2.6990      8.8963      39.8672      0.100   323.69  272.156060   14.844151  (   0.00, 333.62, 392.04)
 |    41 Air                    7   14.784   0.0012  30528.8407   71998.1725      0.350   324.05  272.156072   14.844156  (   0.00, 333.97, 392.04)
 |    42 PyrexGlass            10   20.495   2.2300     12.6748      43.5474      0.200   324.25  272.171855   14.848750  (   0.00, 334.17, 392.05)
 |    43 RPCGasDefault          8   16.809   0.0037   9559.7011   23915.1216      0.200   324.45  272.171876   14.848758  (   0.00, 334.37, 392.05)
 |    44 PyrexGlass            10   20.495   2.2300     12.6748      43.5474      0.200   324.65  272.187659   14.853352  (   0.00, 334.57, 392.06)
 |    45 Air                    7   14.784   0.0012  30528.8407   71998.1725      0.350   325.00  272.187670   14.853357  (   0.00, 334.92, 392.06)
 |    46 Aluminum              13   26.982   2.6990      8.8963      39.8672      0.100   325.10  272.198913   14.855866  (   0.00, 335.02, 392.07)
 |    47 Air                    7   14.784   0.0012  30528.8407   71998.1725      1.000   326.10  272.198946   14.855880  (   0.00, 336.02, 392.09)
 |    48 Iron                  26   55.845   7.8740      1.7575      17.1639      5.001   331.10  275.044580   15.147258  (   0.00, 341.02, 392.20)
 |    49 Aluminum              13   26.982   2.6990      8.8963      39.8672      0.100   331.20  275.055823   15.149767  (   0.00, 341.12, 392.20)
 |    50 Air                    7   14.784   0.0012  30528.8407   71998.1725      0.350   331.55  275.055834   15.149771  (   0.00, 341.47, 392.21)
 |    51 PyrexGlass            10   20.495   2.2300     12.6748      43.5474      0.200   331.75  275.071617   15.154365  (   0.00, 341.67, 392.21)
 |    52 RPCGasDefault          8   16.809   0.0037   9559.7011   23915.1216      0.200   331.95  275.071638   15.154374  (   0.00, 341.87, 392.21)
 |    53 PyrexGlass            10   20.495   2.2300     12.6748      43.5474      0.200   332.15  275.087422   15.158967  (   0.00, 342.07, 392.22)
 |    54 Air                    7   14.784   0.0012  30528.8407   71998.1725      0.350   332.50  275.087433   15.158972  (   0.00, 342.42, 392.23)
 |    55 Aluminum              13   26.982   2.6990      8.8963      39.8672      0.100   332.60  275.098676   15.161481  (   0.00, 342.52, 392.23)
 |    56 Aluminum              13   26.982   2.6990      8.8963      39.8672      0.100   332.70  275.109920   15.163990  (   0.00, 342.62, 392.23)
 |    57 Air                    7   14.784   0.0012  30528.8407   71998.1725      0.350   333.05  275.109931   15.163995  (   0.00, 342.97, 392.24)
 |    58 PyrexGlass            10   20.495   2.2300     12.6748      43.5474      0.200   333.25  275.125714   15.168589  (   0.00, 343.17, 392.24)
 |    59 RPCGasDefault          8   16.809   0.0037   9559.7011   23915.1216      0.200   333.45  275.125735   15.168597  (   0.00, 343.37, 392.25)
 |    60 PyrexGlass            10   20.495   2.2300     12.6748      43.5474      0.200   333.65  275.141518   15.173191  (   0.00, 343.57, 392.25)
 |    61 Air                    7   14.784   0.0012  30528.8407   71998.1725      0.350   334.00  275.141530   15.173196  (   0.00, 343.92, 392.26)
 |    62 Aluminum              13   26.982   2.6990      8.8963      39.8672      0.100   334.10  275.152773   15.175705  (   0.00, 344.02, 392.26)
 |    63 Air                    7   14.784   0.0012  30528.8407   71998.1725      1.000   335.10  275.152806   15.175719  (   0.00, 345.02, 392.28)
 |    64 Iron                  26   55.845   7.8740      1.7575      17.1639     20.005   355.10  286.535340   16.341230  (   0.00, 365.02, 392.72)
 |    65 Aluminum              13   26.982   2.6990      8.8963      39.8672      0.100   355.20  286.546583   16.343739  (   0.00, 365.12, 392.72)
 |    66 Air                    7   14.784   0.0012  30528.8407   71998.1725      0.350   355.55  286.546594   16.343744  (   0.00, 365.47, 392.73)
 |    67 PyrexGlass            10   20.495   2.2300     12.6748      43.5474      0.200   355.75  286.562377   16.348338  (   0.00, 365.67, 392.73)
 |    68 RPCGasDefault          8   16.809   0.0037   9559.7011   23915.1216      0.200   355.95  286.562398   16.348346  (   0.00, 365.87, 392.74)
 |    69 PyrexGlass            10   20.495   2.2300     12.6748      43.5474      0.200   356.15  286.578181   16.352940  (   0.00, 366.07, 392.74)
 |    70 Air                    7   14.784   0.0012  30528.8407   71998.1725      0.350   356.50  286.578193   16.352945  (   0.00, 366.42, 392.75)
 |    71 Aluminum              13   26.982   2.6990      8.8963      39.8672      0.100   356.60  286.589436   16.355454  (   0.00, 366.52, 392.75)
 |    72 Aluminum              13   26.982   2.6990      8.8963      39.8672      0.100   356.70  286.600679   16.357963  (   0.00, 366.62, 392.75)
 |    73 Air                    7   14.784   0.0012  30528.8407   71998.1725      0.350   357.05  286.600691   16.357968  (   0.00, 366.97, 392.76)
 |    74 PyrexGlass            10   20.495   2.2300     12.6748      43.5474      0.200   357.25  286.616474   16.362561  (   0.00, 367.17, 392.76)
 |    75 RPCGasDefault          8   16.809   0.0037   9559.7011   23915.1216      0.200   357.45  286.616495   16.362570  (   0.00, 367.37, 392.77)
 |    76 PyrexGlass            10   20.495   2.2300     12.6748      43.5474      0.200   357.65  286.632278   16.367164  (   0.00, 367.57, 392.77)
 |    77 Air                    7   14.784   0.0012  30528.8407   71998.1725      0.350   358.00  286.632290   16.367168  (   0.00, 367.92, 392.78)
 |    78 Aluminum              13   26.982   2.6990      8.8963      39.8672      0.100   358.10  286.643533   16.369677  (   0.00, 368.02, 392.78)
 |    79 Air                    7   14.784   0.0012  30528.8407   71998.1725      1.000   359.10  286.643566   16.369691  (   0.00, 369.02, 392.80)
 |    80 Iron                  26   55.845   7.8740      1.7575      17.1639     10.002   369.11  292.334832   16.952447  (   0.00, 379.02, 393.02)
 |    81 Aluminum              13   26.982   2.6990      8.8963      39.8672      0.100   369.21  292.346076   16.954956  (   0.00, 379.12, 393.02)
 |    82 Air                    7   14.784   0.0012  30528.8407   71998.1725      0.350   369.56  292.346087   16.954961  (   0.00, 379.47, 393.03)
 |    83 PyrexGlass            10   20.495   2.2300     12.6748      43.5474      0.200   369.76  292.361870   16.959555  (   0.00, 379.67, 393.04)
 |    84 RPCGasDefault          8   16.809   0.0037   9559.7011   23915.1216      0.200   369.96  292.361891   16.959563  (   0.00, 379.87, 393.04)
 |    85 PyrexGlass            10   20.495   2.2300     12.6748      43.5474      0.200   370.16  292.377674   16.964157  (   0.00, 380.07, 393.04)
 |    86 Air                    7   14.784   0.0012  30528.8407   71998.1725      0.350   370.51  292.377686   16.964162  (   0.00, 380.42, 393.05)
 |    87 Aluminum              13   26.982   2.6990      8.8963      39.8672      0.100   370.61  292.388929   16.966671  (   0.00, 380.52, 393.05)
 |    88 Aluminum              13   26.982   2.6990      8.8963      39.8672      0.100   370.71  292.400172   16.969180  (   0.00, 380.62, 393.06)
 |    89 Air                    7   14.784   0.0012  30528.8407   71998.1725      0.350   371.06  292.400184   16.969184  (   0.00, 380.97, 393.06)
 |    90 PyrexGlass            10   20.495   2.2300     12.6748      43.5474      0.200   371.26  292.415967   16.973778  (   0.00, 381.17, 393.07)
 |    91 RPCGasDefault          8   16.809   0.0037   9559.7011   23915.1216      0.200   371.46  292.415988   16.973787  (   0.00, 381.37, 393.07)
 |    92 PyrexGlass            10   20.495   2.2300     12.6748      43.5474      0.200   371.66  292.431771   16.978380  (   0.00, 381.57, 393.08)
 |    93 Air                    7   14.784   0.0012  30528.8407   71998.1725      0.350   372.01  292.431782   16.978385  (   0.00, 381.92, 393.09)
 |    94 Aluminum              13   26.982   2.6990      8.8963      39.8672      0.100   372.11  292.443026   16.980894  (   0.00, 382.02, 393.09)
 |    95 Air                    7   14.784   0.0012  30528.8407   71998.1725      1.000   373.11  292.443058   16.980908  (   0.00, 383.02, 393.11)
 |    96 Iron                  26   55.845   7.8740      1.7575      17.1639     10.002   383.11  298.134325   17.563664  (   0.00, 393.02, 393.33)
 |    97 Aluminum              13   26.982   2.6990      8.8963      39.8672      0.100   383.21  298.145569   17.566173  (   0.00, 393.12, 393.33)
 |    98 Air                    7   14.784   0.0012  30528.8407   71998.1725      0.350   383.56  298.145580   17.566178  (   0.00, 393.47, 393.34)
 |    99 PyrexGlass            10   20.495   2.2300     12.6748      43.5474      0.200   383.76  298.161363   17.570772  (   0.00, 393.67, 393.34)
 |   100 RPCGasDefault          8   16.809   0.0037   9559.7011   23915.1216      0.200   383.96  298.161384   17.570780  (   0.00, 393.87, 393.34)
 |   101 PyrexGlass            10   20.495   2.2300     12.6748      43.5474      0.200   384.16  298.177167   17.575374  (   0.00, 394.07, 393.35)
 |   102 Air                    7   14.784   0.0012  30528.8407   71998.1725      0.350   384.51  298.177179   17.575379  (   0.00, 394.42, 393.36)
 |   103 Aluminum              13   26.982   2.6990      8.8963      39.8672      0.100   384.61  298.188422   17.577887  (   0.00, 394.52, 393.36)
 |   104 Aluminum              13   26.982   2.6990      8.8963      39.8672      0.100   384.71  298.199665   17.580396  (   0.00, 394.62, 393.36)
 |   105 Air                    7   14.784   0.0012  30528.8407   71998.1725      0.350   385.06  298.199677   17.580401  (   0.00, 394.97, 393.37)
 |   106 PyrexGlass            10   20.495   2.2300     12.6748      43.5474      0.200   385.26  298.215460   17.584995  (   0.00, 395.17, 393.37)
 |   107 RPCGasDefault          8   16.809   0.0037   9559.7011   23915.1216      0.200   385.46  298.215481   17.585003  (   0.00, 395.37, 393.38)
 |   108 PyrexGlass            10   20.495   2.2300     12.6748      43.5474      0.200   385.66  298.231264   17.589597  (   0.00, 395.57, 393.38)
 |   109 Air                    7   14.784   0.0012  30528.8407   71998.1725      0.350   386.01  298.231275   17.589602  (   0.00, 395.92, 393.39)
 |   110 Aluminum              13   26.982   2.6990      8.8963      39.8672      0.100   386.11  298.242519   17.592111  (   0.00, 396.02, 393.39)
 |   111 Air                    7   14.784   0.0012  30528.8407   71998.1725      1.000   387.11  298.242551   17.592125  (   0.00, 397.02, 393.41)
 |   112 Iron                  26   55.845   7.8740      1.7575      17.1639     10.002   397.11  303.933818   18.174881  (   0.00, 407.02, 393.63)
 |   113 Aluminum              13   26.982   2.6990      8.8963      39.8672      0.100   397.21  303.945062   18.177390  (   0.00, 407.12, 393.63)
 |   114 Air                    7   14.784   0.0012  30528.8407   71998.1725      0.350   397.56  303.945073   18.177395  (   0.00, 407.47, 393.64)
 |   115 PyrexGlass            10   20.495   2.2300     12.6748      43.5474      0.200   397.76  303.960856   18.181988  (   0.00, 407.67, 393.64)
 |   116 RPCGasDefault          8   16.809   0.0037   9559.7011   23915.1216      0.200   397.96  303.960877   18.181997  (   0.00, 407.87, 393.65)
 |   117 PyrexGlass            10   20.495   2.2300     12.6748      43.5474      0.200   398.16  303.976660   18.186590  (   0.00, 408.07, 393.65)
 |   118 Air                    7   14.784   0.0012  30528.8407   71998.1725      0.350   398.51  303.976672   18.186595  (   0.00, 408.42, 393.66)
 |   119 Aluminum              13   26.982   2.6990      8.8963      39.8672      0.100   398.61  303.987915   18.189104  (   0.00, 408.52, 393.66)
 |   120 Aluminum              13   26.982   2.6990      8.8963      39.8672      0.100   398.71  303.999158   18.191613  (   0.00, 408.62, 393.67)
 |   121 Air                    7   14.784   0.0012  30528.8407   71998.1725      0.350   399.06  303.999170   18.191618  (   0.00, 408.97, 393.67)
 |   122 PyrexGlass            10   20.495   2.2300     12.6748      43.5474      0.200   399.26  304.014953   18.196212  (   0.00, 409.17, 393.68)
 |   123 RPCGasDefault          8   16.809   0.0037   9559.7011   23915.1216      0.200   399.46  304.014974   18.196220  (   0.00, 409.37, 393.68)
 |   124 PyrexGlass            10   20.495   2.2300     12.6748      43.5474      0.200   399.66  304.030757   18.200814  (   0.00, 409.57, 393.69)
 |   125 Air                    7   14.784   0.0012  30528.8407   71998.1725      0.350   400.01  304.030768   18.200819  (   0.00, 409.92, 393.69)
 |   126 Aluminum              13   26.982   2.6990      8.8963      39.8672      0.100   400.11  304.042012   18.203328  (   0.00, 410.02, 393.70)
 |   127 Air                    7   14.784   0.0012  30528.8407   71998.1725      1.000   401.11  304.042044   18.203342  (   0.00, 411.02, 393.72)
 |   128 Iron                  26   55.845   7.8740      1.7575      17.1639     10.002   411.12  309.733311   18.786098  (   0.00, 421.02, 393.94)
 |   129 Aluminum              13   26.982   2.6990      8.8963      39.8672      0.100   411.22  309.744555   18.788606  (   0.00, 421.12, 393.94)
 |   130 Air                    7   14.784   0.0012  30528.8407   71998.1725      0.350   411.57  309.744566   18.788611  (   0.00, 421.47, 393.94)
 |   131 PyrexGlass            10   20.495   2.2300     12.6748      43.5474      0.200   411.77  309.760349   18.793205  (   0.00, 421.67, 393.95)
 |   132 RPCGasDefault          8   16.809   0.0037   9559.7011   23915.1216      0.200   411.97  309.760370   18.793213  (   0.00, 421.87, 393.95)
 |   133 PyrexGlass            10   20.495   2.2300     12.6748      43.5474      0.200   412.17  309.776153   18.797807  (   0.00, 422.07, 393.96)
 |   134 Air                    7   14.784   0.0012  30528.8407   71998.1725      0.350   412.52  309.776165   18.797812  (   0.00, 422.42, 393.97)
 |   135 Aluminum              13   26.982   2.6990      8.8963      39.8672      0.100   412.62  309.787408   18.800321  (   0.00, 422.52, 393.97)
 |   136 Aluminum              13   26.982   2.6990      8.8963      39.8672      0.100   412.72  309.798651   18.802830  (   0.00, 422.62, 393.97)
 |   137 Air                    7   14.784   0.0012  30528.8407   71998.1725      0.350   413.07  309.798663   18.802835  (   0.00, 422.97, 393.98)
 |   138 PyrexGlass            10   20.495   2.2300     12.6748      43.5474      0.200   413.27  309.814446   18.807429  (   0.00, 423.17, 393.98)
 |   139 RPCGasDefault          8   16.809   0.0037   9559.7011   23915.1216      0.200   413.47  309.814467   18.807437  (   0.00, 423.37, 393.99)
 |   140 PyrexGlass            10   20.495   2.2300     12.6748      43.5474      0.200   413.67  309.830250   18.812031  (   0.00, 423.57, 393.99)
 |   141 Air                    7   14.784   0.0012  30528.8407   71998.1725      0.350   414.02  309.830261   18.812036  (   0.00, 423.92, 394.00)
 |   142 Aluminum              13   26.982   2.6990      8.8963      39.8672      0.100   414.12  309.841505   18.814545  (   0.00, 424.02, 394.00)
 |   143 Air                    7   14.784   0.0012  30528.8407   71998.1725      1.000   415.12  309.841537   18.814558  (   0.00, 425.02, 394.02)
 |   144 Iron                  26   55.845   7.8740      1.7575      17.1639     10.002   425.12  315.532804   19.397314  (   0.00, 435.02, 394.24)
 |   145 Aluminum              13   26.982   2.6990      8.8963      39.8672      0.100   425.22  315.544048   19.399823  (   0.00, 435.12, 394.24)
 |   146 Air                    7   14.784   0.0012  30528.8407   71998.1725      0.350   425.57  315.544059   19.399828  (   0.00, 435.47, 394.25)
 |   147 PyrexGlass            10   20.495   2.2300     12.6748      43.5474      0.200   425.77  315.559842   19.404422  (   0.00, 435.67, 394.25)
 |   148 RPCGasDefault          8   16.809   0.0037   9559.7011   23915.1216      0.200   425.97  315.559863   19.404430  (   0.00, 435.87, 394.26)
 |   149 PyrexGlass            10   20.495   2.2300     12.6748      43.5474      0.200   426.17  315.575646   19.409024  (   0.00, 436.07, 394.26)
 |   150 Air                    7   14.784   0.0012  30528.8407   71998.1725      0.350   426.52  315.575658   19.409029  (   0.00, 436.42, 394.27)
 |   151 Aluminum              13   26.982   2.6990      8.8963      39.8672      0.100   426.62  315.586901   19.411538  (   0.00, 436.52, 394.27)
 |   152 Aluminum              13   26.982   2.6990      8.8963      39.8672      0.100   426.72  315.598144   19.414047  (   0.00, 436.62, 394.27)
 |   153 Air                    7   14.784   0.0012  30528.8407   71998.1725      0.350   427.07  315.598156   19.414052  (   0.00, 436.97, 394.28)
 |   154 PyrexGlass            10   20.495   2.2300     12.6748      43.5474      0.200   427.27  315.613939   19.418645  (   0.00, 437.17, 394.29)
 |   155 RPCGasDefault          8   16.809   0.0037   9559.7011   23915.1216      0.200   427.47  315.613960   19.418654  (   0.00, 437.37, 394.29)
 |   156 PyrexGlass            10   20.495   2.2300     12.6748      43.5474      0.200   427.67  315.629743   19.423248  (   0.00, 437.57, 394.29)
 |   157 Air                    7   14.784   0.0012  30528.8407   71998.1725      0.350   428.02  315.629754   19.423252  (   0.00, 437.92, 394.30)
 |   158 Aluminum              13   26.982   2.6990      8.8963      39.8672      0.100   428.12  315.640998   19.425761  (   0.00, 438.02, 394.30)
 |   159 Air                    7   14.784   0.0012  30528.8407   71998.1725      1.000   429.12  315.641030   19.425775  (   0.00, 439.02, 394.33)
 |   160 Iron                  26   55.845   7.8740      1.7575      17.1639     10.002   439.12  321.332297   20.008531  (   0.00, 449.02, 394.54)
 |   161 Aluminum              13   26.982   2.6990      8.8963      39.8672      0.100   439.22  321.343540   20.011040  (   0.00, 449.12, 394.55)
 |   162 Air                    7   14.784   0.0012  30528.8407   71998.1725      0.350   439.57  321.343552   20.011045  (   0.00, 449.47, 394.55)
 |   163 PyrexGlass            10   20.495   2.2300     12.6748      43.5474      0.200   439.77  321.359335   20.015639  (   0.00, 449.67, 394.56)
 |   164 RPCGasDefault          8   16.809   0.0037   9559.7011   23915.1216      0.200   439.97  321.359356   20.015647  (   0.00, 449.87, 394.56)
 |   165 PyrexGlass            10   20.495   2.2300     12.6748      43.5474      0.200   440.17  321.375139   20.020241  (   0.00, 450.07, 394.57)
 |   166 Air                    7   14.784   0.0012  30528.8407   71998.1725      0.350   440.52  321.375151   20.020246  (   0.00, 450.42, 394.57)
 |   167 Aluminum              13   26.982   2.6990      8.8963      39.8672      0.100   440.62  321.386394   20.022755  (   0.00, 450.52, 394.58)
 |   168 Aluminum              13   26.982   2.6990      8.8963      39.8672      0.100   440.72  321.397637   20.025264  (   0.00, 450.62, 394.58)
 |   169 Air                    7   14.784   0.0012  30528.8407   71998.1725      0.350   441.07  321.397649   20.025268  (   0.00, 450.97, 394.59)
 |   170 PyrexGlass            10   20.495   2.2300     12.6748      43.5474      0.200   441.27  321.413432   20.029862  (   0.00, 451.17, 394.59)
 |   171 RPCGasDefault          8   16.809   0.0037   9559.7011   23915.1216      0.200   441.47  321.413453   20.029871  (   0.00, 451.37, 394.59)
 |   172 PyrexGlass            10   20.495   2.2300     12.6748      43.5474      0.200   441.67  321.429236   20.034464  (   0.00, 451.57, 394.60)
 |   173 Air                    7   14.784   0.0012  30528.8407   71998.1725      0.350   442.02  321.429247   20.034469  (   0.00, 451.92, 394.61)
 |   174 Aluminum              13   26.982   2.6990      8.8963      39.8672      0.100   442.12  321.440490   20.036978  (   0.00, 452.02, 394.61)
 |   175 Air                    7   14.784   0.0012  30528.8407   71998.1725      1.000   443.12  321.440523   20.036992  (   0.00, 453.02, 394.63)
 |   176 Iron                  26   55.845   7.8740      1.7575      17.1639     20.005   463.13  332.823057   21.202504  (   0.00, 473.02, 395.07)
 |   177 Air                    7   14.784   0.0012  30528.8407   71998.1725    227.035   690.16  332.830494   21.205657  (   0.00, 700.00, 400.00)
 +--------------------------------------------------------------------------------------------------------------------------------------------------
 |     0 Average Material      32   73.172   4.7143      2.0736      32.5462    690.163   690.16  332.830494   21.205657  (   0.00, 700.00, 400.00)
 +--------------------------------------------------------------------------------------------------------------------------------------------------
