materialScan compact_A3_Lhe_dip_sol_ell.xml 0. 0. 0. 0. 550. 0. > materialScan_compact_A3_Lhe_dip_sol_ell_origin_90deg_up.txt
VertexBarrelSupports_layer0 2.5 2.5 50.625
VertexBarrelSupports_layer1 4.5 4.5 51.7
 +--------------------------------------------------------------------------------------------------------------------------------------------------
 + Material scan between: x_0 = (   0.00,   0.00,   0.00) [cm] and x_1 = (   0.00, 550.00,   0.00) [cm] : 
 +--------------------------------------------------------------------------------------------------------------------------------------------------
 |     \   Material           Atomic                 Radiation   Interaction               Path   Integrated  Integrated    Material
 | Num. \  Name          Number/Z   Mass/A  Density    Length       Length    Thickness   Length      X0        Lambda      Endpoint  
 | Layer \                        [g/mole]  [g/cm3]     [cm]        [cm]          [cm]      [cm]     [cm]        [cm]     (     cm,     cm,     cm)
 +--------------------------------------------------------------------------------------------------------------------------------------------------
 |     1 Vacuum                 7   14.784   0.0000 3.66346e+11  8.63978e+11      2.000     2.00    0.000000    0.000000  (   0.00,   2.00,   0.00)
 |     2 Beryllium              4    9.012   1.8480     35.2760      39.4488      0.400     2.40    0.011339    0.010140  (   0.00,   2.40,   0.00)
 |     3 Air                    7   14.784   0.0012  30528.8407   71998.1725      0.100     2.50    0.011342    0.010141  (   0.00,   2.50,   0.00)
 |     4 Air                    7   14.784   0.0012  30528.8407   71998.1725      0.750     3.25    0.011367    0.010152  (   0.00,   3.25,   0.00)
 |     5 Air                    7   14.784   0.0012  30528.8407   71998.1725      0.231     3.48    0.011375    0.010155  (   0.00,   3.48,   0.00)
 |     6 CarbonFiber_50D        6   11.968   0.7500     56.1492     102.4553      0.013     3.49    0.011606    0.010282  (   0.00,   3.49,   0.00)
 |     7 Air                    7   14.784   0.0012  30528.8407   71998.1725      0.026     3.52    0.011607    0.010282  (   0.00,   3.52,   0.00)
 |     8 Silicon               14   28.085   2.3300      9.3661      45.7531      0.005     3.53    0.012141    0.010391  (   0.00,   3.53,   0.00)
 |     9 Air                    7   14.784   0.0012  30528.8407   71998.1725      0.111     3.64    0.012144    0.010393  (   0.00,   3.64,   0.00)
 |    10 Kapton                 6   12.701   1.4300     28.3749      55.9194      0.004     3.64    0.012278    0.010461  (   0.00,   3.64,   0.00)
 |    11 Air                    7   14.784   0.0012  30528.8407   71998.1725      0.006     3.65    0.012279    0.010461  (   0.00,   3.65,   0.00)
 |    12 Copper                29   63.546   8.9600      1.4356      15.6778      0.000     3.65    0.012543    0.010485  (   0.00,   3.65,   0.00)
 |    13 Air                    7   14.784   0.0012  30528.8407   71998.1725      0.104     3.75    0.012547    0.010487  (   0.00,   3.75,   0.00)
 |    14 Air                    7   14.784   0.0012  30528.8407   71998.1725      0.750     4.50    0.012571    0.010497  (   0.00,   4.50,   0.00)
 |    15 Air                    7   14.784   0.0012  30528.8407   71998.1725      0.150     4.65    0.012576    0.010499  (   0.00,   4.65,   0.00)
 |    16 Air                    7   14.784   0.0012  30528.8407   71998.1725      0.231     4.88    0.012584    0.010502  (   0.00,   4.88,   0.00)
 |    17 CarbonFiber_50D        6   11.968   0.7500     56.1492     102.4553      0.013     4.89    0.012815    0.010629  (   0.00,   4.89,   0.00)
 |    18 Air                    7   14.784   0.0012  30528.8407   71998.1725      0.025     4.92    0.012816    0.010629  (   0.00,   4.92,   0.00)
 |    19 Silicon               14   28.085   2.3300      9.3661      45.7531      0.005     4.93    0.013350    0.010739  (   0.00,   4.93,   0.00)
 |    20 Air                    7   14.784   0.0012  30528.8407   71998.1725      0.111     5.04    0.013354    0.010740  (   0.00,   5.04,   0.00)
 |    21 Kapton                 6   12.701   1.4300     28.3749      55.9194      0.004     5.04    0.013487    0.010808  (   0.00,   5.04,   0.00)
 |    22 Air                    7   14.784   0.0012  30528.8407   71998.1725      0.006     5.05    0.013488    0.010808  (   0.00,   5.05,   0.00)
 |    23 Copper                29   63.546   8.9600      1.4356      15.6778      0.000     5.05    0.013752    0.010833  (   0.00,   5.05,   0.00)
 |    24 Air                    7   14.784   0.0012  30528.8407   71998.1725      0.104     5.15    0.013756    0.010834  (   0.00,   5.15,   0.00)
 |    25 Air                    7   14.784   0.0012  30528.8407   71998.1725      0.750     5.90    0.013780    0.010844  (   0.00,   5.90,   0.00)
 |    26 Air                    7   14.784   0.0012  30528.8407   71998.1725      0.800     6.70    0.013807    0.010856  (   0.00,   6.70,   0.00)
 |    27 Air                    7   14.784   0.0012  30528.8407   71998.1725      2.300     9.00    0.013882    0.010887  (   0.00,   9.00,   0.00)
 |    28 Air                    7   14.784   0.0012  30528.8407   71998.1725      1.837    10.84    0.013942    0.010913  (   0.00,  10.84,   0.00)
 |    29 PEEK                   6   12.213   1.3700     30.3288      56.7278      0.021    10.86    0.014645    0.011289  (   0.00,  10.86,   0.00)
 |    30 CarbonFiber_50D        6   11.968   0.7500     56.1492     102.4553      0.017    10.88    0.014949    0.011455  (   0.00,  10.88,   0.00)
 |    31 Rohacell31_50D         6   12.079   0.0160   2584.8791    4680.4532      0.192    11.07    0.015023    0.011496  (   0.00,  11.07,   0.00)
 |    32 Epoxy                  6   11.888   1.3000     31.5900      54.8420      0.019    11.09    0.015614    0.011837  (   0.00,  11.09,   0.00)
 |    33 CarbonFiber_50D        6   11.968   0.7500     56.1492     102.4553      0.017    11.10    0.015918    0.012003  (   0.00,  11.10,   0.00)
 |    34 Silicon               14   28.085   2.3300      9.3661      45.7531      0.032    11.14    0.019333    0.012702  (   0.00,  11.14,   0.00)
 |    35 Silicon               14   28.085   2.3300      9.3661      45.7531      0.001    11.14    0.019388    0.012714  (   0.00,  11.14,   0.00)
 |    36 Air                    7   14.784   0.0012  30528.8407   71998.1725      0.006    11.14    0.019388    0.012714  (   0.00,  11.14,   0.00)
 |    37 Kapton                 6   12.701   1.4300     28.3749      55.9194      0.004    11.15    0.019531    0.012786  (   0.00,  11.15,   0.00)
 |    38 Air                    7   14.784   0.0012  30528.8407   71998.1725      0.007    11.15    0.019531    0.012786  (   0.00,  11.15,   0.00)
 |    39 Copper                29   63.546   8.9600      1.4356      15.6778      0.000    11.15    0.019813    0.012812  (   0.00,  11.15,   0.00)
 |    40 Air                    7   14.784   0.0012  30528.8407   71998.1725      0.004    11.16    0.019813    0.012812  (   0.00,  11.16,   0.00)
 |    41 Air                    7   14.784   0.0012  30528.8407   71998.1725      5.743    16.90    0.020001    0.012892  (   0.00,  16.90,   0.00)
 |    42 Air                    7   14.784   0.0012  30528.8407   71998.1725      7.000    23.90    0.020231    0.012989  (   0.00,  23.90,   0.00)
 |    43 Air                    7   14.784   0.0012  30528.8407   71998.1725      7.000    30.90    0.020460    0.013086  (   0.00,  30.90,   0.00)
 |    44 CarbonFiber_50D        6   11.968   0.7500     56.1492     102.4553      0.016    30.92    0.020750    0.013245  (   0.00,  30.92,   0.00)
 |    45 Rohacell31_50D         6   12.079   0.0160   2584.8791    4680.4532      0.183    31.10    0.020820    0.013284  (   0.00,  31.10,   0.00)
 |    46 Epoxy                  6   11.888   1.3000     31.5900      54.8420      0.018    31.12    0.021383    0.013608  (   0.00,  31.12,   0.00)
 |    47 CarbonFiber_50D        6   11.968   0.7500     56.1492     102.4553      0.016    31.13    0.021673    0.013767  (   0.00,  31.13,   0.00)
 |    48 Silicon               14   28.085   2.3300      9.3661      45.7531      0.030    31.16    0.024927    0.014433  (   0.00,  31.16,   0.00)
 |    49 Silicon               14   28.085   2.3300      9.3661      45.7531      0.000    31.16    0.024979    0.014444  (   0.00,  31.16,   0.00)
 |    50 Air                    7   14.784   0.0012  30528.8407   71998.1725      0.004    31.17    0.024979    0.014444  (   0.00,  31.17,   0.00)
 |    51 Kapton                 6   12.701   1.4300     28.3749      55.9194      0.007    31.18    0.025209    0.014560  (   0.00,  31.18,   0.00)
 |    52 Air                    7   14.784   0.0012  30528.8407   71998.1725      0.005    31.18    0.025209    0.014560  (   0.00,  31.18,   0.00)
 |    53 Copper                29   63.546   8.9600      1.4356      15.6778      0.001    31.18    0.025669    0.014602  (   0.00,  31.18,   0.00)
 |    54 Air                    7   14.784   0.0012  30528.8407   71998.1725      0.004    31.18    0.025669    0.014602  (   0.00,  31.18,   0.00)
 |    55 Air                    7   14.784   0.0012  30528.8407   71998.1725      6.715    37.90    0.025889    0.014696  (   0.00,  37.90,   0.00)
 |    56 Air                    7   14.784   0.0012  30528.8407   71998.1725      1.100    39.00    0.025925    0.014711  (   0.00,  39.00,   0.00)
 |    57 Air                    7   14.784   0.0012  30528.8407   71998.1725      1.250    40.25    0.025966    0.014728  (   0.00,  40.25,   0.00)
 |    58 PEEK                   6   12.213   1.3700     30.3288      56.7278      0.020    40.27    0.026631    0.015084  (   0.00,  40.27,   0.00)
 |    59 CarbonFiber_50D        6   11.968   0.7500     56.1492     102.4553      0.016    40.29    0.026918    0.015241  (   0.00,  40.29,   0.00)
 |    60 Rohacell31_50D         6   12.079   0.0160   2584.8791    4680.4532      0.182    40.47    0.026989    0.015280  (   0.00,  40.47,   0.00)
 |    61 Epoxy                  6   11.888   1.3000     31.5900      54.8420      0.018    40.49    0.027547    0.015602  (   0.00,  40.49,   0.00)
 |    62 CarbonFiber_50D        6   11.968   0.7500     56.1492     102.4553      0.016    40.50    0.027835    0.015759  (   0.00,  40.50,   0.00)
 |    63 Silicon               14   28.085   2.3300      9.3661      45.7531      0.030    40.53    0.031065    0.016421  (   0.00,  40.53,   0.00)
 |    64 Silicon               14   28.085   2.3300      9.3661      45.7531      0.000    40.53    0.031117    0.016431  (   0.00,  40.53,   0.00)
 |    65 Air                    7   14.784   0.0012  30528.8407   71998.1725      0.006    40.54    0.031117    0.016431  (   0.00,  40.54,   0.00)
 |    66 Kapton                 6   12.701   1.4300     28.3749      55.9194      0.004    40.54    0.031252    0.016500  (   0.00,  40.54,   0.00)
 |    67 Air                    7   14.784   0.0012  30528.8407   71998.1725      0.006    40.55    0.031252    0.016500  (   0.00,  40.55,   0.00)
 |    68 Copper                29   63.546   8.9600      1.4356      15.6778      0.000    40.55    0.031519    0.016524  (   0.00,  40.55,   0.00)
 |    69 Air                    7   14.784   0.0012  30528.8407   71998.1725      0.004    40.55    0.031519    0.016525  (   0.00,  40.55,   0.00)
 |    70 Air                    7   14.784   0.0012  30528.8407   71998.1725      7.447    48.00    0.031763    0.016628  (   0.00,  48.00,   0.00)
 |    71 Air                    7   14.784   0.0012  30528.8407   71998.1725     10.300    58.30    0.032100    0.016771  (   0.00,  58.30,   0.00)
 |    72 CarbonFiber            6   11.968   1.5000     28.0746      51.2277      0.050    58.35    0.033881    0.017747  (   0.00,  58.35,   0.00)
 |    73 Rohacell31_15percent   6   12.079   0.0048   8616.2638   15601.5107      0.807    59.16    0.033975    0.017799  (   0.00,  59.16,   0.00)
 |    74 CarbonFiber            6   11.968   1.5000     28.0746      51.2277      0.050    59.21    0.035756    0.018775  (   0.00,  59.21,   0.00)
 |    75 Air                    7   14.784   0.0012  30528.8407   71998.1725      0.140    59.35    0.035761    0.018777  (   0.00,  59.35,   0.00)
 |    76 PEEK                   6   12.213   1.3700     30.3288      56.7278      0.020    59.37    0.036427    0.019133  (   0.00,  59.37,   0.00)
 |    77 CarbonFiber_50D        6   11.968   0.7500     56.1492     102.4553      0.016    59.38    0.036715    0.019291  (   0.00,  59.38,   0.00)
 |    78 Rohacell31_50D         6   12.079   0.0160   2584.8791    4680.4532      0.182    59.57    0.036785    0.019330  (   0.00,  59.57,   0.00)
 |    79 Epoxy                  6   11.888   1.3000     31.5900      54.8420      0.018    59.58    0.037345    0.019652  (   0.00,  59.58,   0.00)
 |    80 CarbonFiber_50D        6   11.968   0.7500     56.1492     102.4553      0.016    59.60    0.037633    0.019810  (   0.00,  59.60,   0.00)
 |    81 Silicon               14   28.085   2.3300      9.3661      45.7531      0.030    59.63    0.040868    0.020472  (   0.00,  59.63,   0.00)
 |    82 Silicon               14   28.085   2.3300      9.3661      45.7531      0.000    59.63    0.040920    0.020483  (   0.00,  59.63,   0.00)
 |    83 Air                    7   14.784   0.0012  30528.8407   71998.1725      0.005    59.64    0.040920    0.020483  (   0.00,  59.64,   0.00)
 |    84 Kapton                 6   12.701   1.4300     28.3749      55.9194      0.005    59.64    0.041102    0.020575  (   0.00,  59.64,   0.00)
 |    85 Air                    7   14.784   0.0012  30528.8407   71998.1725      0.006    59.65    0.041102    0.020575  (   0.00,  59.65,   0.00)
 |    86 Copper                29   63.546   8.9600      1.4356      15.6778      0.001    59.65    0.041468    0.020608  (   0.00,  59.65,   0.00)
 |    87 Air                    7   14.784   0.0012  30528.8407   71998.1725      0.004    59.65    0.041468    0.020608  (   0.00,  59.65,   0.00)
 |    88 Air                    7   14.784   0.0012  30528.8407   71998.1725      8.349    68.00    0.041741    0.020724  (   0.00,  68.00,   0.00)
 |    89 Air                    7   14.784   0.0012  30528.8407   71998.1725     10.100    78.10    0.042072    0.020865  (   0.00,  78.10,   0.00)
 |    90 CarbonFiber            6   11.968   1.5000     28.0746      51.2277      0.050    78.15    0.043853    0.021841  (   0.00,  78.15,   0.00)
 |    91 Rohacell31_15percent   6   12.079   0.0048   8616.2638   15601.5107      0.808    78.96    0.043947    0.021893  (   0.00,  78.96,   0.00)
 |    92 CarbonFiber            6   11.968   1.5000     28.0746      51.2277      0.050    79.01    0.045728    0.022869  (   0.00,  79.01,   0.00)
 |    93 Air                    7   14.784   0.0012  30528.8407   71998.1725      0.641    79.65    0.045749    0.022877  (   0.00,  79.65,   0.00)
 |    94 PEEK                   6   12.213   1.3700     30.3288      56.7278      0.020    79.67    0.046414    0.023233  (   0.00,  79.67,   0.00)
 |    95 CarbonFiber_50D        6   11.968   0.7500     56.1492     102.4553      0.016    79.68    0.046701    0.023390  (   0.00,  79.68,   0.00)
 |    96 Rohacell31_50D         6   12.079   0.0160   2584.8791    4680.4532      0.182    79.87    0.046772    0.023429  (   0.00,  79.87,   0.00)
 |    97 Epoxy                  6   11.888   1.3000     31.5900      54.8420      0.018    79.88    0.047330    0.023751  (   0.00,  79.88,   0.00)
 |    98 CarbonFiber_50D        6   11.968   0.7500     56.1492     102.4553      0.016    79.90    0.047618    0.023909  (   0.00,  79.90,   0.00)
 |    99 Silicon               14   28.085   2.3300      9.3661      45.7531      0.030    79.93    0.050848    0.024570  (   0.00,  79.93,   0.00)
 |   100 Silicon               14   28.085   2.3300      9.3661      45.7531      0.000    79.93    0.050900    0.024580  (   0.00,  79.93,   0.00)
 |   101 Air                    7   14.784   0.0012  30528.8407   71998.1725      0.004    79.94    0.050900    0.024580  (   0.00,  79.94,   0.00)
 |   102 Kapton                 6   12.701   1.4300     28.3749      55.9194      0.006    79.94    0.051127    0.024696  (   0.00,  79.94,   0.00)
 |   103 Air                    7   14.784   0.0012  30528.8407   71998.1725      0.005    79.95    0.051127    0.024696  (   0.00,  79.95,   0.00)
 |   104 Copper                29   63.546   8.9600      1.4356      15.6778      0.001    79.95    0.051584    0.024738  (   0.00,  79.95,   0.00)
 |   105 Air                    7   14.784   0.0012  30528.8407   71998.1725      0.004    79.95    0.051584    0.024738  (   0.00,  79.95,   0.00)
 |   106 Air                    7   14.784   0.0012  30528.8407   71998.1725      8.049    88.00    0.051848    0.024850  (   0.00,  88.00,   0.00)
 |   107 Air                    7   14.784   0.0012  30528.8407   71998.1725     10.100    98.10    0.052179    0.024990  (   0.00,  98.10,   0.00)
 |   108 CarbonFiber            6   11.968   1.5000     28.0746      51.2277      0.050    98.15    0.053960    0.025966  (   0.00,  98.15,   0.00)
 |   109 Rohacell31_15percent   6   12.079   0.0048   8616.2638   15601.5107      0.808    98.96    0.054053    0.026018  (   0.00,  98.96,   0.00)
 |   110 CarbonFiber            6   11.968   1.5000     28.0746      51.2277      0.050    99.01    0.055834    0.026994  (   0.00,  99.01,   0.00)
 |   111 Air                    7   14.784   0.0012  30528.8407   71998.1725      0.246    99.25    0.055842    0.026997  (   0.00,  99.25,   0.00)
 |   112 PEEK                   6   12.213   1.3700     30.3288      56.7278      0.020    99.27    0.056507    0.027353  (   0.00,  99.27,   0.00)
 |   113 CarbonFiber_50D        6   11.968   0.7500     56.1492     102.4553      0.016    99.29    0.056795    0.027510  (   0.00,  99.29,   0.00)
 |   114 Rohacell31_50D         6   12.079   0.0160   2584.8791    4680.4532      0.182    99.47    0.056865    0.027549  (   0.00,  99.47,   0.00)
 |   115 Epoxy                  6   11.888   1.3000     31.5900      54.8420      0.018    99.49    0.057424    0.027871  (   0.00,  99.49,   0.00)
 |   116 CarbonFiber_50D        6   11.968   0.7500     56.1492     102.4553      0.016    99.51    0.057711    0.028028  (   0.00,  99.51,   0.00)
 |   117 Silicon               14   28.085   2.3300      9.3661      45.7531      0.030    99.54    0.060942    0.028690  (   0.00,  99.54,   0.00)
 |   118 Silicon               14   28.085   2.3300      9.3661      45.7531      0.000    99.54    0.060993    0.028700  (   0.00,  99.54,   0.00)
 |   119 Air                    7   14.784   0.0012  30528.8407   71998.1725      0.004    99.54    0.060993    0.028700  (   0.00,  99.54,   0.00)
 |   120 Kapton                 6   12.701   1.4300     28.3749      55.9194      0.006    99.55    0.061221    0.028816  (   0.00,  99.55,   0.00)
 |   121 Air                    7   14.784   0.0012  30528.8407   71998.1725      0.005    99.55    0.061221    0.028816  (   0.00,  99.55,   0.00)
 |   122 Copper                29   63.546   8.9600      1.4356      15.6778      0.001    99.55    0.061678    0.028858  (   0.00,  99.55,   0.00)
 |   123 Air                    7   14.784   0.0012  30528.8407   71998.1725      0.004    99.56    0.061678    0.028858  (   0.00,  99.56,   0.00)
 |   124 Air                    7   14.784   0.0012  30528.8407   71998.1725      8.444   108.00    0.061954    0.028975  (   0.00, 108.00,   0.00)
 |   125 Air                    7   14.784   0.0012  30528.8407   71998.1725     21.410   129.41    0.062656    0.029272  (   0.00, 129.41,   0.00)
 |   126 Kapton                 6   12.701   1.4300     28.3749      55.9194      0.030   129.44    0.063713    0.029809  (   0.00, 129.44,   0.00)
 |   127 Polystyrene            6   11.077   1.0320     42.5383      70.1339      0.300   129.74    0.070765    0.034086  (   0.00, 129.74,   0.00)
 |   128 Lead                  82  207.217  11.3500      0.5613      18.2607      0.300   130.04    0.605283    0.050515  (   0.00, 130.04,   0.00)
 |   129 Polystyrene            6   11.077   1.0320     42.5383      70.1339      0.500   130.54    0.617038    0.057644  (   0.00, 130.54,   0.00)
 |   130 Air                    7   14.784   0.0012  30528.8407   71998.1725      0.150   130.69    0.617043    0.057646  (   0.00, 130.69,   0.00)
 |   131 Lead                  82  207.217  11.3500      0.5613      18.2607      0.300   130.99    1.151561    0.074075  (   0.00, 130.99,   0.00)
 |   132 Polystyrene            6   11.077   1.0320     42.5383      70.1339      0.500   131.49    1.163315    0.081204  (   0.00, 131.49,   0.00)
 |   133 Air                    7   14.784   0.0012  30528.8407   71998.1725      0.150   131.64    1.163320    0.081206  (   0.00, 131.64,   0.00)
 |   134 Lead                  82  207.217  11.3500      0.5613      18.2607      0.300   131.94    1.697838    0.097635  (   0.00, 131.94,   0.00)
 |   135 Polystyrene            6   11.077   1.0320     42.5383      70.1339      0.500   132.44    1.709592    0.104764  (   0.00, 132.44,   0.00)
 |   136 Air                    7   14.784   0.0012  30528.8407   71998.1725      0.150   132.59    1.709597    0.104766  (   0.00, 132.59,   0.00)
 |   137 Lead                  82  207.217  11.3500      0.5613      18.2607      0.300   132.89    2.244115    0.121195  (   0.00, 132.89,   0.00)
 |   138 Polystyrene            6   11.077   1.0320     42.5383      70.1339      0.500   133.39    2.255869    0.128324  (   0.00, 133.39,   0.00)
 |   139 Air                    7   14.784   0.0012  30528.8407   71998.1725      0.150   133.54    2.255874    0.128326  (   0.00, 133.54,   0.00)
 |   140 Lead                  82  207.217  11.3500      0.5613      18.2607      0.300   133.84    2.790392    0.144755  (   0.00, 133.84,   0.00)
 |   141 Polystyrene            6   11.077   1.0320     42.5383      70.1339      0.500   134.34    2.802146    0.151884  (   0.00, 134.34,   0.00)
 |   142 Air                    7   14.784   0.0012  30528.8407   71998.1725      0.150   134.49    2.802151    0.151886  (   0.00, 134.49,   0.00)
 |   143 Lead                  82  207.217  11.3500      0.5613      18.2607      0.300   134.79    3.336669    0.168315  (   0.00, 134.79,   0.00)
 |   144 Polystyrene            6   11.077   1.0320     42.5383      70.1339      0.500   135.29    3.348423    0.175444  (   0.00, 135.29,   0.00)
 |   145 Air                    7   14.784   0.0012  30528.8407   71998.1725      0.150   135.44    3.348428    0.175447  (   0.00, 135.44,   0.00)
 |   146 Lead                  82  207.217  11.3500      0.5613      18.2607      0.300   135.74    3.882946    0.191875  (   0.00, 135.74,   0.00)
 |   147 Polystyrene            6   11.077   1.0320     42.5383      70.1339      0.500   136.24    3.894700    0.199004  (   0.00, 136.24,   0.00)
 |   148 Air                    7   14.784   0.0012  30528.8407   71998.1725      0.150   136.39    3.894705    0.199007  (   0.00, 136.39,   0.00)
 |   149 Lead                  82  207.217  11.3500      0.5613      18.2607      0.300   136.69    4.429223    0.215435  (   0.00, 136.69,   0.00)
 |   150 Polystyrene            6   11.077   1.0320     42.5383      70.1339      0.500   137.19    4.440977    0.222565  (   0.00, 137.19,   0.00)
 |   151 Air                    7   14.784   0.0012  30528.8407   71998.1725      0.150   137.34    4.440982    0.222567  (   0.00, 137.34,   0.00)
 |   152 Lead                  82  207.217  11.3500      0.5613      18.2607      0.300   137.64    4.975500    0.238995  (   0.00, 137.64,   0.00)
 |   153 Polystyrene            6   11.077   1.0320     42.5383      70.1339      0.500   138.14    4.987254    0.246125  (   0.00, 138.14,   0.00)
 |   154 Air                    7   14.784   0.0012  30528.8407   71998.1725      0.150   138.29    4.987259    0.246127  (   0.00, 138.29,   0.00)
 |   155 Lead                  82  207.217  11.3500      0.5613      18.2607      0.400   138.69    5.699950    0.268032  (   0.00, 138.69,   0.00)
 |   156 Polystyrene            6   11.077   1.0320     42.5383      70.1339      0.500   139.19    5.711704    0.275161  (   0.00, 139.19,   0.00)
 |   157 Air                    7   14.784   0.0012  30528.8407   71998.1725      0.150   139.34    5.711709    0.275163  (   0.00, 139.34,   0.00)
 |   158 Lead                  82  207.217  11.3500      0.5613      18.2607      0.400   139.74    6.424400    0.297068  (   0.00, 139.74,   0.00)
 |   159 Polystyrene            6   11.077   1.0320     42.5383      70.1339      0.500   140.24    6.436154    0.304197  (   0.00, 140.24,   0.00)
 |   160 Air                    7   14.784   0.0012  30528.8407   71998.1725      0.150   140.39    6.436159    0.304199  (   0.00, 140.39,   0.00)
 |   161 Lead                  82  207.217  11.3500      0.5613      18.2607      0.400   140.79    7.148849    0.326104  (   0.00, 140.79,   0.00)
 |   162 Polystyrene            6   11.077   1.0320     42.5383      70.1339      0.500   141.29    7.160603    0.333233  (   0.00, 141.29,   0.00)
 |   163 Air                    7   14.784   0.0012  30528.8407   71998.1725      0.150   141.44    7.160608    0.333235  (   0.00, 141.44,   0.00)
 |   164 Lead                  82  207.217  11.3500      0.5613      18.2607      0.400   141.84    7.873299    0.355140  (   0.00, 141.84,   0.00)
 |   165 Polystyrene            6   11.077   1.0320     42.5383      70.1339      0.500   142.34    7.885053    0.362270  (   0.00, 142.34,   0.00)
 |   166 Air                    7   14.784   0.0012  30528.8407   71998.1725      0.150   142.49    7.885058    0.362272  (   0.00, 142.49,   0.00)
 |   167 Lead                  82  207.217  11.3500      0.5613      18.2607      0.400   142.89    8.597749    0.384177  (   0.00, 142.89,   0.00)
 |   168 Polystyrene            6   11.077   1.0320     42.5383      70.1339      0.500   143.39    8.609503    0.391306  (   0.00, 143.39,   0.00)
 |   169 Air                    7   14.784   0.0012  30528.8407   71998.1725      0.150   143.54    8.609508    0.391308  (   0.00, 143.54,   0.00)
 |   170 Lead                  82  207.217  11.3500      0.5613      18.2607      0.400   143.94    9.322199    0.413213  (   0.00, 143.94,   0.00)
 |   171 Polystyrene            6   11.077   1.0320     42.5383      70.1339      0.500   144.44    9.333953    0.420342  (   0.00, 144.44,   0.00)
 |   172 Air                    7   14.784   0.0012  30528.8407   71998.1725      0.150   144.59    9.333958    0.420344  (   0.00, 144.59,   0.00)
 |   173 Lead                  82  207.217  11.3500      0.5613      18.2607      0.400   144.99   10.046648    0.442249  (   0.00, 144.99,   0.00)
 |   174 Polystyrene            6   11.077   1.0320     42.5383      70.1339      0.500   145.49   10.058402    0.449378  (   0.00, 145.49,   0.00)
 |   175 Air                    7   14.784   0.0012  30528.8407   71998.1725      0.150   145.64   10.058407    0.449381  (   0.00, 145.64,   0.00)
 |   176 Lead                  82  207.217  11.3500      0.5613      18.2607      0.400   146.04   10.771098    0.471286  (   0.00, 146.04,   0.00)
 |   177 Polystyrene            6   11.077   1.0320     42.5383      70.1339      0.500   146.54   10.782852    0.478415  (   0.00, 146.54,   0.00)
 |   178 Air                    7   14.784   0.0012  30528.8407   71998.1725      0.150   146.69   10.782857    0.478417  (   0.00, 146.69,   0.00)
 |   179 Lead                  82  207.217  11.3500      0.5613      18.2607      0.400   147.09   11.495548    0.500322  (   0.00, 147.09,   0.00)
 |   180 Polystyrene            6   11.077   1.0320     42.5383      70.1339      0.500   147.59   11.507302    0.507451  (   0.00, 147.59,   0.00)
 |   181 Air                    7   14.784   0.0012  30528.8407   71998.1725      0.150   147.74   11.507307    0.507453  (   0.00, 147.74,   0.00)
 |   182 Lead                  82  207.217  11.3500      0.5613      18.2607      0.400   148.14   12.219998    0.529358  (   0.00, 148.14,   0.00)
 |   183 Polystyrene            6   11.077   1.0320     42.5383      70.1339      0.500   148.64   12.231752    0.536487  (   0.00, 148.64,   0.00)
 |   184 Air                    7   14.784   0.0012  30528.8407   71998.1725      0.150   148.79   12.231757    0.536489  (   0.00, 148.79,   0.00)
 |   185 Lead                  82  207.217  11.3500      0.5613      18.2607      0.400   149.19   12.944447    0.558394  (   0.00, 149.19,   0.00)
 |   186 Polystyrene            6   11.077   1.0320     42.5383      70.1339      0.500   149.69   12.956201    0.565524  (   0.00, 149.69,   0.00)
 |   187 Air                    7   14.784   0.0012  30528.8407   71998.1725      0.150   149.84   12.956206    0.565526  (   0.00, 149.84,   0.00)
 |   188 Lead                  82  207.217  11.3500      0.5613      18.2607      0.400   150.24   13.668897    0.587431  (   0.00, 150.24,   0.00)
 |   189 Polystyrene            6   11.077   1.0320     42.5383      70.1339      0.500   150.74   13.680651    0.594560  (   0.00, 150.74,   0.00)
 |   190 Air                    7   14.784   0.0012  30528.8407   71998.1725      0.150   150.89   13.680656    0.594562  (   0.00, 150.89,   0.00)
 |   191 Lead                  82  207.217  11.3500      0.5613      18.2607      0.400   151.29   14.393347    0.616467  (   0.00, 151.29,   0.00)
 |   192 Polystyrene            6   11.077   1.0320     42.5383      70.1339      0.500   151.79   14.405101    0.623596  (   0.00, 151.79,   0.00)
 |   193 Air                    7   14.784   0.0012  30528.8407   71998.1725      0.150   151.94   14.405106    0.623598  (   0.00, 151.94,   0.00)
 |   194 Lead                  82  207.217  11.3500      0.5613      18.2607      0.400   152.34   15.117797    0.645503  (   0.00, 152.34,   0.00)
 |   195 Polystyrene            6   11.077   1.0320     42.5383      70.1339      0.500   152.84   15.129551    0.652632  (   0.00, 152.84,   0.00)
 |   196 Air                    7   14.784   0.0012  30528.8407   71998.1725      0.150   152.99   15.129556    0.652634  (   0.00, 152.99,   0.00)
 |   197 Lead                  82  207.217  11.3500      0.5613      18.2607      0.600   153.59   16.198592    0.685492  (   0.00, 153.59,   0.00)
 |   198 Polystyrene            6   11.077   1.0320     42.5383      70.1339      0.500   154.09   16.210346    0.692621  (   0.00, 154.09,   0.00)
 |   199 Air                    7   14.784   0.0012  30528.8407   71998.1725      0.150   154.24   16.210351    0.692623  (   0.00, 154.24,   0.00)
 |   200 Lead                  82  207.217  11.3500      0.5613      18.2607      0.600   154.84   17.279387    0.725481  (   0.00, 154.84,   0.00)
 |   201 Polystyrene            6   11.077   1.0320     42.5383      70.1339      0.500   155.34   17.291141    0.732610  (   0.00, 155.34,   0.00)
 |   202 Air                    7   14.784   0.0012  30528.8407   71998.1725      0.150   155.49   17.291146    0.732612  (   0.00, 155.49,   0.00)
 |   203 Lead                  82  207.217  11.3500      0.5613      18.2607      0.600   156.09   18.360182    0.765469  (   0.00, 156.09,   0.00)
 |   204 Polystyrene            6   11.077   1.0320     42.5383      70.1339      0.500   156.59   18.371936    0.772599  (   0.00, 156.59,   0.00)
 |   205 Air                    7   14.784   0.0012  30528.8407   71998.1725      0.150   156.74   18.371941    0.772601  (   0.00, 156.74,   0.00)
 |   206 Lead                  82  207.217  11.3500      0.5613      18.2607      0.600   157.34   19.440977    0.805458  (   0.00, 157.34,   0.00)
 |   207 Polystyrene            6   11.077   1.0320     42.5383      70.1339      0.500   157.84   19.452731    0.812587  (   0.00, 157.84,   0.00)
 |   208 Air                    7   14.784   0.0012  30528.8407   71998.1725      0.150   157.99   19.452736    0.812589  (   0.00, 157.99,   0.00)
 |   209 Lead                  82  207.217  11.3500      0.5613      18.2607      0.600   158.59   20.521772    0.845447  (   0.00, 158.59,   0.00)
 |   210 Polystyrene            6   11.077   1.0320     42.5383      70.1339      0.500   159.09   20.533526    0.852576  (   0.00, 159.09,   0.00)
 |   211 Air                    7   14.784   0.0012  30528.8407   71998.1725      0.150   159.24   20.533531    0.852578  (   0.00, 159.24,   0.00)
 |   212 Lead                  82  207.217  11.3500      0.5613      18.2607      0.600   159.84   21.602567    0.885436  (   0.00, 159.84,   0.00)
 |   213 Polystyrene            6   11.077   1.0320     42.5383      70.1339      0.500   160.34   21.614321    0.892565  (   0.00, 160.34,   0.00)
 |   214 Air                    7   14.784   0.0012  30528.8407   71998.1725      0.150   160.49   21.614326    0.892567  (   0.00, 160.49,   0.00)
 |   215 Lead                  82  207.217  11.3500      0.5613      18.2607      0.600   161.09   22.683362    0.925424  (   0.00, 161.09,   0.00)
 |   216 Polystyrene            6   11.077   1.0320     42.5383      70.1339      0.500   161.59   22.695117    0.932554  (   0.00, 161.59,   0.00)
 |   217 Air                    7   14.784   0.0012  30528.8407   71998.1725      0.150   161.74   22.695121    0.932556  (   0.00, 161.74,   0.00)
 |   218 Lead                  82  207.217  11.3500      0.5613      18.2607      0.600   162.34   23.764158    0.965413  (   0.00, 162.34,   0.00)
 |   219 Polystyrene            6   11.077   1.0320     42.5383      70.1339      0.500   162.84   23.775912    0.972542  (   0.00, 162.84,   0.00)
 |   220 Air                    7   14.784   0.0012  30528.8407   71998.1725      0.150   162.99   23.775917    0.972545  (   0.00, 162.99,   0.00)
 |   221 Lead                  82  207.217  11.3500      0.5613      18.2607      0.600   163.59   24.844953    1.005402  (   0.00, 163.59,   0.00)
 |   222 Polystyrene            6   11.077   1.0320     42.5383      70.1339      0.500   164.09   24.856707    1.012531  (   0.00, 164.09,   0.00)
 |   223 Air                    7   14.784   0.0012  30528.8407   71998.1725      0.150   164.24   24.856712    1.012533  (   0.00, 164.24,   0.00)
 |   224 Lead                  82  207.217  11.3500      0.5613      18.2607      0.600   164.84   25.925748    1.045391  (   0.00, 164.84,   0.00)
 |   225 Polystyrene            6   11.077   1.0320     42.5383      70.1339      0.500   165.34   25.937502    1.052520  (   0.00, 165.34,   0.00)
 |   226 Air                    7   14.784   0.0012  30528.8407   71998.1725      0.150   165.49   25.937507    1.052522  (   0.00, 165.49,   0.00)
 |   227 Lead                  82  207.217  11.3500      0.5613      18.2607      0.600   166.09   27.006543    1.085380  (   0.00, 166.09,   0.00)
 |   228 Polystyrene            6   11.077   1.0320     42.5383      70.1339      0.500   166.59   27.018297    1.092509  (   0.00, 166.59,   0.00)
 |   229 Air                    7   14.784   0.0012  30528.8407   71998.1725      0.150   166.74   27.018302    1.092511  (   0.00, 166.74,   0.00)
 |   230 Lead                  82  207.217  11.3500      0.5613      18.2607      0.600   167.34   28.087338    1.125368  (   0.00, 167.34,   0.00)
 |   231 Polystyrene            6   11.077   1.0320     42.5383      70.1339      0.500   167.84   28.099092    1.132497  (   0.00, 167.84,   0.00)
 |   232 Air                    7   14.784   0.0012  30528.8407   71998.1725      0.150   167.99   28.099097    1.132500  (   0.00, 167.99,   0.00)
 |   233 Lead                  82  207.217  11.3500      0.5613      18.2607      0.600   168.59   29.168133    1.165357  (   0.00, 168.59,   0.00)
 |   234 Polystyrene            6   11.077   1.0320     42.5383      70.1339      0.500   169.09   29.179887    1.172486  (   0.00, 169.09,   0.00)
 |   235 Air                    7   14.784   0.0012  30528.8407   71998.1725      0.150   169.24   29.179892    1.172488  (   0.00, 169.24,   0.00)
 |   236 Lead                  82  207.217  11.3500      0.5613      18.2607      0.600   169.84   30.248928    1.205346  (   0.00, 169.84,   0.00)
 |   237 Polystyrene            6   11.077   1.0320     42.5383      70.1339      0.500   170.34   30.260682    1.212475  (   0.00, 170.34,   0.00)
 |   238 Air                    7   14.784   0.0012  30528.8407   71998.1725      0.150   170.49   30.260687    1.212477  (   0.00, 170.49,   0.00)
 |   239 Air                    7   14.784   0.0012  30528.8407   71998.1725     19.277   189.77   30.261319    1.212745  (   0.00, 189.77,   0.00)
 |   240 Aluminum              13   26.982   2.6990      8.8963      39.8672      3.000   192.77   30.598537    1.287995  (   0.00, 192.77,   0.00)
 |   241 Vacuum                 7   14.784   0.0000 3.66346e+11  8.63978e+11      1.500   194.27   30.598537    1.287995  (   0.00, 194.27,   0.00)
 |   242 Aluminum              13   26.982   2.6990      8.8963      39.8672      3.000   197.27   30.935755    1.363245  (   0.00, 197.27,   0.00)
 |   243 Air                    7   14.784   0.0012  30528.8407   71998.1725      2.000   199.27   30.935821    1.363272  (   0.00, 199.27,   0.00)
 |   244 Aluminum              13   26.982   2.6990      8.8963      39.8672      6.000   205.27   31.610257    1.513772  (   0.00, 205.27,   0.00)
 |   245 Aluminum              13   26.982   2.6990      8.8963      39.8672      5.000   210.27   32.172287    1.639188  (   0.00, 210.27,   0.00)
 |   246 Air                    7   14.784   0.0012  30528.8407   71998.1725      6.500   216.77   32.172500    1.639279  (   0.00, 216.77,   0.00)
 |   247 Aluminum              13   26.982   2.6990      8.8963      39.8672      1.500   218.27   32.341109    1.676904  (   0.00, 218.27,   0.00)
 |   248 Aluminum              13   26.982   2.6990      8.8963      39.8672      3.000   221.27   32.678327    1.752153  (   0.00, 221.27,   0.00)
 |   249 Vacuum                 7   14.784   0.0000 3.66346e+11  8.63978e+11      3.000   224.27   32.678327    1.752153  (   0.00, 224.27,   0.00)
 |   250 Aluminum              13   26.982   2.6990      8.8963      39.8672      4.000   228.27   33.127952    1.852487  (   0.00, 228.27,   0.00)
 |   251 Air                    7   14.784   0.0012  30528.8407   71998.1725      0.500   228.77   33.127968    1.852493  (   0.00, 228.77,   0.00)
 |   252 Steel235              26   55.757   7.8500      1.7653      17.1928      2.200   230.97   34.374249    1.980454  (   0.00, 230.97,   0.00)
 |   253 Polystyrene            6   11.077   1.0320     42.5383      70.1339      0.500   231.47   34.386003    1.987583  (   0.00, 231.47,   0.00)
 |   254 Air                    7   14.784   0.0012  30528.8407   71998.1725      0.150   231.62   34.386008    1.987585  (   0.00, 231.62,   0.00)
 |   255 Steel235              26   55.757   7.8500      1.7653      17.1928      2.200   233.82   35.632288    2.115546  (   0.00, 233.82,   0.00)
 |   256 Polystyrene            6   11.077   1.0320     42.5383      70.1339      0.500   234.32   35.644042    2.122675  (   0.00, 234.32,   0.00)
 |   257 Air                    7   14.784   0.0012  30528.8407   71998.1725      0.150   234.47   35.644047    2.122677  (   0.00, 234.47,   0.00)
 |   258 Steel235              26   55.757   7.8500      1.7653      17.1928      2.200   236.67   36.890328    2.250637  (   0.00, 236.67,   0.00)
 |   259 Polystyrene            6   11.077   1.0320     42.5383      70.1339      0.500   237.17   36.902082    2.257767  (   0.00, 237.17,   0.00)
 |   260 Air                    7   14.784   0.0012  30528.8407   71998.1725      0.150   237.32   36.902087    2.257769  (   0.00, 237.32,   0.00)
 |   261 Steel235              26   55.757   7.8500      1.7653      17.1928      2.200   239.52   38.148367    2.385729  (   0.00, 239.52,   0.00)
 |   262 Polystyrene            6   11.077   1.0320     42.5383      70.1339      0.500   240.02   38.160121    2.392858  (   0.00, 240.02,   0.00)
 |   263 Air                    7   14.784   0.0012  30528.8407   71998.1725      0.150   240.17   38.160126    2.392860  (   0.00, 240.17,   0.00)
 |   264 Steel235              26   55.757   7.8500      1.7653      17.1928      2.200   242.37   39.406407    2.520821  (   0.00, 242.37,   0.00)
 |   265 Polystyrene            6   11.077   1.0320     42.5383      70.1339      0.500   242.87   39.418161    2.527950  (   0.00, 242.87,   0.00)
 |   266 Air                    7   14.784   0.0012  30528.8407   71998.1725      0.150   243.02   39.418166    2.527952  (   0.00, 243.02,   0.00)
 |   267 Steel235              26   55.757   7.8500      1.7653      17.1928      2.200   245.22   40.664446    2.655913  (   0.00, 245.22,   0.00)
 |   268 Polystyrene            6   11.077   1.0320     42.5383      70.1339      0.500   245.72   40.676201    2.663042  (   0.00, 245.72,   0.00)
 |   269 Air                    7   14.784   0.0012  30528.8407   71998.1725      0.150   245.87   40.676206    2.663044  (   0.00, 245.87,   0.00)
 |   270 Steel235              26   55.757   7.8500      1.7653      17.1928      2.200   248.07   41.922486    2.791004  (   0.00, 248.07,   0.00)
 |   271 Polystyrene            6   11.077   1.0320     42.5383      70.1339      0.500   248.57   41.934240    2.798134  (   0.00, 248.57,   0.00)
 |   272 Air                    7   14.784   0.0012  30528.8407   71998.1725      0.150   248.72   41.934245    2.798136  (   0.00, 248.72,   0.00)
 |   273 Steel235              26   55.757   7.8500      1.7653      17.1928      2.200   250.92   43.180526    2.926096  (   0.00, 250.92,   0.00)
 |   274 Polystyrene            6   11.077   1.0320     42.5383      70.1339      0.500   251.42   43.192280    2.933225  (   0.00, 251.42,   0.00)
 |   275 Air                    7   14.784   0.0012  30528.8407   71998.1725      0.150   251.57   43.192285    2.933227  (   0.00, 251.57,   0.00)
 |   276 Steel235              26   55.757   7.8500      1.7653      17.1928      2.500   254.07   44.608513    3.078637  (   0.00, 254.07,   0.00)
 |   277 Polystyrene            6   11.077   1.0320     42.5383      70.1339      0.500   254.57   44.620267    3.085766  (   0.00, 254.57,   0.00)
 |   278 Air                    7   14.784   0.0012  30528.8407   71998.1725      0.150   254.72   44.620272    3.085768  (   0.00, 254.72,   0.00)
 |   279 Steel235              26   55.757   7.8500      1.7653      17.1928      2.500   257.22   46.036499    3.231178  (   0.00, 257.22,   0.00)
 |   280 Polystyrene            6   11.077   1.0320     42.5383      70.1339      0.500   257.72   46.048254    3.238307  (   0.00, 257.72,   0.00)
 |   281 Air                    7   14.784   0.0012  30528.8407   71998.1725      0.150   257.87   46.048259    3.238309  (   0.00, 257.87,   0.00)
 |   282 Steel235              26   55.757   7.8500      1.7653      17.1928      2.500   260.37   47.464486    3.383719  (   0.00, 260.37,   0.00)
 |   283 Polystyrene            6   11.077   1.0320     42.5383      70.1339      0.500   260.87   47.476241    3.390848  (   0.00, 260.87,   0.00)
 |   284 Air                    7   14.784   0.0012  30528.8407   71998.1725      0.150   261.02   47.476245    3.390850  (   0.00, 261.02,   0.00)
 |   285 Steel235              26   55.757   7.8500      1.7653      17.1928      2.500   263.52   48.892473    3.536260  (   0.00, 263.52,   0.00)
 |   286 Polystyrene            6   11.077   1.0320     42.5383      70.1339      0.500   264.02   48.904227    3.543389  (   0.00, 264.02,   0.00)
 |   287 Air                    7   14.784   0.0012  30528.8407   71998.1725      0.150   264.17   48.904232    3.543391  (   0.00, 264.17,   0.00)
 |   288 Steel235              26   55.757   7.8500      1.7653      17.1928      2.500   266.67   50.320460    3.688800  (   0.00, 266.67,   0.00)
 |   289 Polystyrene            6   11.077   1.0320     42.5383      70.1339      0.500   267.17   50.332214    3.695930  (   0.00, 267.17,   0.00)
 |   290 Air                    7   14.784   0.0012  30528.8407   71998.1725      0.150   267.32   50.332219    3.695932  (   0.00, 267.32,   0.00)
 |   291 Steel235              26   55.757   7.8500      1.7653      17.1928      2.500   269.82   51.748447    3.841341  (   0.00, 269.82,   0.00)
 |   292 Polystyrene            6   11.077   1.0320     42.5383      70.1339      0.500   270.32   51.760201    3.848471  (   0.00, 270.32,   0.00)
 |   293 Air                    7   14.784   0.0012  30528.8407   71998.1725      0.150   270.47   51.760206    3.848473  (   0.00, 270.47,   0.00)
 |   294 Steel235              26   55.757   7.8500      1.7653      17.1928      2.500   272.97   53.176434    3.993882  (   0.00, 272.97,   0.00)
 |   295 Polystyrene            6   11.077   1.0320     42.5383      70.1339      0.500   273.47   53.188188    4.001011  (   0.00, 273.47,   0.00)
 |   296 Air                    7   14.784   0.0012  30528.8407   71998.1725      0.150   273.62   53.188193    4.001014  (   0.00, 273.62,   0.00)
 |   297 Steel235              26   55.757   7.8500      1.7653      17.1928      2.500   276.12   54.604421    4.146423  (   0.00, 276.12,   0.00)
 |   298 Polystyrene            6   11.077   1.0320     42.5383      70.1339      0.500   276.62   54.616175    4.153552  (   0.00, 276.62,   0.00)
 |   299 Air                    7   14.784   0.0012  30528.8407   71998.1725      0.150   276.77   54.616180    4.153554  (   0.00, 276.77,   0.00)
 |   300 Steel235              26   55.757   7.8500      1.7653      17.1928      2.500   279.27   56.032408    4.298964  (   0.00, 279.27,   0.00)
 |   301 Polystyrene            6   11.077   1.0320     42.5383      70.1339      0.500   279.77   56.044162    4.306093  (   0.00, 279.77,   0.00)
 |   302 Air                    7   14.784   0.0012  30528.8407   71998.1725      0.150   279.92   56.044167    4.306095  (   0.00, 279.92,   0.00)
 |   303 Steel235              26   55.757   7.8500      1.7653      17.1928      2.500   282.42   57.460395    4.451505  (   0.00, 282.42,   0.00)
 |   304 Polystyrene            6   11.077   1.0320     42.5383      70.1339      0.500   282.92   57.472149    4.458634  (   0.00, 282.92,   0.00)
 |   305 Air                    7   14.784   0.0012  30528.8407   71998.1725      0.150   283.07   57.472154    4.458636  (   0.00, 283.07,   0.00)
 |   306 Steel235              26   55.757   7.8500      1.7653      17.1928      2.500   285.57   58.888382    4.604046  (   0.00, 285.57,   0.00)
 |   307 Polystyrene            6   11.077   1.0320     42.5383      70.1339      0.500   286.07   58.900136    4.611175  (   0.00, 286.07,   0.00)
 |   308 Air                    7   14.784   0.0012  30528.8407   71998.1725      0.150   286.22   58.900141    4.611177  (   0.00, 286.22,   0.00)
 |   309 Steel235              26   55.757   7.8500      1.7653      17.1928      2.500   288.72   60.316369    4.756587  (   0.00, 288.72,   0.00)
 |   310 Polystyrene            6   11.077   1.0320     42.5383      70.1339      0.500   289.22   60.328123    4.763716  (   0.00, 289.22,   0.00)
 |   311 Air                    7   14.784   0.0012  30528.8407   71998.1725      0.150   289.37   60.328128    4.763718  (   0.00, 289.37,   0.00)
 |   312 Steel235              26   55.757   7.8500      1.7653      17.1928      2.500   291.87   61.744356    4.909128  (   0.00, 291.87,   0.00)
 |   313 Polystyrene            6   11.077   1.0320     42.5383      70.1339      0.500   292.37   61.756110    4.916257  (   0.00, 292.37,   0.00)
 |   314 Air                    7   14.784   0.0012  30528.8407   71998.1725      0.150   292.52   61.756115    4.916259  (   0.00, 292.52,   0.00)
 |   315 Steel235              26   55.757   7.8500      1.7653      17.1928      2.500   295.02   63.172343    5.061668  (   0.00, 295.02,   0.00)
 |   316 Polystyrene            6   11.077   1.0320     42.5383      70.1339      0.500   295.52   63.184097    5.068798  (   0.00, 295.52,   0.00)
 |   317 Air                    7   14.784   0.0012  30528.8407   71998.1725      0.150   295.67   63.184102    5.068800  (   0.00, 295.67,   0.00)
 |   318 Steel235              26   55.757   7.8500      1.7653      17.1928      2.500   298.17   64.600330    5.214209  (   0.00, 298.17,   0.00)
 |   319 Polystyrene            6   11.077   1.0320     42.5383      70.1339      0.500   298.67   64.612084    5.221338  (   0.00, 298.67,   0.00)
 |   320 Air                    7   14.784   0.0012  30528.8407   71998.1725      0.150   298.82   64.612089    5.221341  (   0.00, 298.82,   0.00)
 |   321 Steel235              26   55.757   7.8500      1.7653      17.1928      2.500   301.32   66.028317    5.366750  (   0.00, 301.32,   0.00)
 |   322 Polystyrene            6   11.077   1.0320     42.5383      70.1339      0.500   301.82   66.040071    5.373879  (   0.00, 301.82,   0.00)
 |   323 Air                    7   14.784   0.0012  30528.8407   71998.1725      0.150   301.97   66.040076    5.373881  (   0.00, 301.97,   0.00)
 |   324 Steel235              26   55.757   7.8500      1.7653      17.1928      3.000   304.97   67.739549    5.548373  (   0.00, 304.97,   0.00)
 |   325 Polystyrene            6   11.077   1.0320     42.5383      70.1339      0.500   305.47   67.751303    5.555502  (   0.00, 305.47,   0.00)
 |   326 Air                    7   14.784   0.0012  30528.8407   71998.1725      0.150   305.62   67.751308    5.555504  (   0.00, 305.62,   0.00)
 |   327 Steel235              26   55.757   7.8500      1.7653      17.1928      3.000   308.62   69.450782    5.729996  (   0.00, 308.62,   0.00)
 |   328 Polystyrene            6   11.077   1.0320     42.5383      70.1339      0.500   309.12   69.462536    5.737125  (   0.00, 309.12,   0.00)
 |   329 Air                    7   14.784   0.0012  30528.8407   71998.1725      0.150   309.27   69.462541    5.737127  (   0.00, 309.27,   0.00)
 |   330 Steel235              26   55.757   7.8500      1.7653      17.1928      3.000   312.27   71.162014    5.911619  (   0.00, 312.27,   0.00)
 |   331 Polystyrene            6   11.077   1.0320     42.5383      70.1339      0.500   312.77   71.173768    5.918748  (   0.00, 312.77,   0.00)
 |   332 Air                    7   14.784   0.0012  30528.8407   71998.1725      0.150   312.92   71.173773    5.918750  (   0.00, 312.92,   0.00)
 |   333 Steel235              26   55.757   7.8500      1.7653      17.1928      3.000   315.92   72.873247    6.093241  (   0.00, 315.92,   0.00)
 |   334 Polystyrene            6   11.077   1.0320     42.5383      70.1339      0.500   316.42   72.885001    6.100371  (   0.00, 316.42,   0.00)
 |   335 Air                    7   14.784   0.0012  30528.8407   71998.1725      0.150   316.57   72.885006    6.100373  (   0.00, 316.57,   0.00)
 |   336 Steel235              26   55.757   7.8500      1.7653      17.1928      3.000   319.57   74.584479    6.274864  (   0.00, 319.57,   0.00)
 |   337 Polystyrene            6   11.077   1.0320     42.5383      70.1339      0.500   320.07   74.596233    6.281993  (   0.00, 320.07,   0.00)
 |   338 Air                    7   14.784   0.0012  30528.8407   71998.1725      0.150   320.22   74.596238    6.281995  (   0.00, 320.22,   0.00)
 |   339 Steel235              26   55.757   7.8500      1.7653      17.1928      3.000   323.22   76.295712    6.456487  (   0.00, 323.22,   0.00)
 |   340 Polystyrene            6   11.077   1.0320     42.5383      70.1339      0.500   323.72   76.307466    6.463616  (   0.00, 323.72,   0.00)
 |   341 Air                    7   14.784   0.0012  30528.8407   71998.1725      0.150   323.87   76.307471    6.463618  (   0.00, 323.87,   0.00)
 |   342 Steel235              26   55.757   7.8500      1.7653      17.1928      3.000   326.87   78.006944    6.638110  (   0.00, 326.87,   0.00)
 |   343 Polystyrene            6   11.077   1.0320     42.5383      70.1339      0.500   327.37   78.018698    6.645239  (   0.00, 327.37,   0.00)
 |   344 Air                    7   14.784   0.0012  30528.8407   71998.1725      0.150   327.52   78.018703    6.645241  (   0.00, 327.52,   0.00)
 |   345 Steel235              26   55.757   7.8500      1.7653      17.1928      3.000   330.52   79.718177    6.819733  (   0.00, 330.52,   0.00)
 |   346 Polystyrene            6   11.077   1.0320     42.5383      70.1339      0.500   331.02   79.729931    6.826862  (   0.00, 331.02,   0.00)
 |   347 Air                    7   14.784   0.0012  30528.8407   71998.1725      0.150   331.17   79.729936    6.826864  (   0.00, 331.17,   0.00)
 |   348 Steel235              26   55.757   7.8500      1.7653      17.1928      3.000   334.17   81.429409    7.001355  (   0.00, 334.17,   0.00)
 |   349 Polystyrene            6   11.077   1.0320     42.5383      70.1339      0.500   334.67   81.441163    7.008485  (   0.00, 334.67,   0.00)
 |   350 Air                    7   14.784   0.0012  30528.8407   71998.1725      0.150   334.82   81.441168    7.008487  (   0.00, 334.82,   0.00)
 |   351 Steel235              26   55.757   7.8500      1.7653      17.1928      3.000   337.82   83.140642    7.182978  (   0.00, 337.82,   0.00)
 |   352 Polystyrene            6   11.077   1.0320     42.5383      70.1339      0.500   338.32   83.152396    7.190107  (   0.00, 338.32,   0.00)
 |   353 Air                    7   14.784   0.0012  30528.8407   71998.1725      0.150   338.47   83.152401    7.190109  (   0.00, 338.47,   0.00)
 |   354 Steel235              26   55.757   7.8500      1.7653      17.1928      3.000   341.47   84.851874    7.364601  (   0.00, 341.47,   0.00)
 |   355 Polystyrene            6   11.077   1.0320     42.5383      70.1339      0.500   341.97   84.863628    7.371730  (   0.00, 341.97,   0.00)
 |   356 Air                    7   14.784   0.0012  30528.8407   71998.1725      0.150   342.12   84.863633    7.371732  (   0.00, 342.12,   0.00)
 |   357 Steel235              26   55.757   7.8500      1.7653      17.1928      3.000   345.12   86.563107    7.546224  (   0.00, 345.12,   0.00)
 |   358 Polystyrene            6   11.077   1.0320     42.5383      70.1339      0.500   345.62   86.574861    7.553353  (   0.00, 345.62,   0.00)
 |   359 Air                    7   14.784   0.0012  30528.8407   71998.1725      0.150   345.77   86.574866    7.553355  (   0.00, 345.77,   0.00)
 |   360 Steel235              26   55.757   7.8500      1.7653      17.1928      3.000   348.77   88.274339    7.727847  (   0.00, 348.77,   0.00)
 |   361 Polystyrene            6   11.077   1.0320     42.5383      70.1339      0.500   349.27   88.286093    7.734976  (   0.00, 349.27,   0.00)
 |   362 Air                    7   14.784   0.0012  30528.8407   71998.1725      0.150   349.42   88.286098    7.734978  (   0.00, 349.42,   0.00)
 |   363 Steel235              26   55.757   7.8500      1.7653      17.1928      3.000   352.42   89.985572    7.909469  (   0.00, 352.42,   0.00)
 |   364 Polystyrene            6   11.077   1.0320     42.5383      70.1339      0.500   352.92   89.997326    7.916599  (   0.00, 352.92,   0.00)
 |   365 Air                    7   14.784   0.0012  30528.8407   71998.1725      0.150   353.07   89.997331    7.916601  (   0.00, 353.07,   0.00)
 |   366 Steel235              26   55.757   7.8500      1.7653      17.1928      3.000   356.07   91.696804    8.091092  (   0.00, 356.07,   0.00)
 |   367 Polystyrene            6   11.077   1.0320     42.5383      70.1339      0.500   356.57   91.708558    8.098221  (   0.00, 356.57,   0.00)
 |   368 Air                    7   14.784   0.0012  30528.8407   71998.1725      0.150   356.72   91.708563    8.098223  (   0.00, 356.72,   0.00)
 |   369 Steel235              26   55.757   7.8500      1.7653      17.1928      3.000   359.72   93.408037    8.272715  (   0.00, 359.72,   0.00)
 |   370 Polystyrene            6   11.077   1.0320     42.5383      70.1339      0.500   360.22   93.419791    8.279844  (   0.00, 360.22,   0.00)
 |   371 Air                    7   14.784   0.0012  30528.8407   71998.1725      0.150   360.37   93.419796    8.279846  (   0.00, 360.37,   0.00)
 |   372 Steel235              26   55.757   7.8500      1.7653      17.1928      3.000   363.37   95.119269    8.454338  (   0.00, 363.37,   0.00)
 |   373 Polystyrene            6   11.077   1.0320     42.5383      70.1339      0.500   363.87   95.131023    8.461467  (   0.00, 363.87,   0.00)
 |   374 Air                    7   14.784   0.0012  30528.8407   71998.1725      0.150   364.02   95.131028    8.461469  (   0.00, 364.02,   0.00)
 |   375 Steel235              26   55.757   7.8500      1.7653      17.1928      3.000   367.02   96.830502    8.635961  (   0.00, 367.02,   0.00)
 |   376 Polystyrene            6   11.077   1.0320     42.5383      70.1339      0.500   367.52   96.842256    8.643090  (   0.00, 367.52,   0.00)
 |   377 Air                    7   14.784   0.0012  30528.8407   71998.1725      0.150   367.67   96.842261    8.643092  (   0.00, 367.67,   0.00)
 |   378 Steel235              26   55.757   7.8500      1.7653      17.1928      3.000   370.67   98.541734    8.817583  (   0.00, 370.67,   0.00)
 |   379 Polystyrene            6   11.077   1.0320     42.5383      70.1339      0.500   371.17   98.553488    8.824713  (   0.00, 371.17,   0.00)
 |   380 Air                    7   14.784   0.0012  30528.8407   71998.1725      0.150   371.32   98.553493    8.824715  (   0.00, 371.32,   0.00)
 |   381 Steel235              26   55.757   7.8500      1.7653      17.1928      3.000   374.32  100.252967    8.999206  (   0.00, 374.32,   0.00)
 |   382 Polystyrene            6   11.077   1.0320     42.5383      70.1339      0.500   374.82  100.264721    9.006335  (   0.00, 374.82,   0.00)
 |   383 Air                    7   14.784   0.0012  30528.8407   71998.1725      0.150   374.97  100.264726    9.006337  (   0.00, 374.97,   0.00)
 |   384 Steel235              26   55.757   7.8500      1.7653      17.1928      3.000   377.97  101.964199    9.180829  (   0.00, 377.97,   0.00)
 |   385 Polystyrene            6   11.077   1.0320     42.5383      70.1339      0.500   378.47  101.975953    9.187958  (   0.00, 378.47,   0.00)
 |   386 Air                    7   14.784   0.0012  30528.8407   71998.1725      0.150   378.62  101.975958    9.187960  (   0.00, 378.62,   0.00)
 |   387 Air                    7   14.784   0.0012  30528.8407   71998.1725     27.539   406.16  101.976860    9.188343  (   0.00, 406.16,   0.00)
 |   388 Aluminum              13   26.982   2.6990      8.8963      39.8672      0.100   406.26  101.988101    9.190851  (   0.00, 406.26,   0.00)
 |   389 Air                    7   14.784   0.0012  30528.8407   71998.1725      0.350   406.61  101.988112    9.190856  (   0.00, 406.61,   0.00)
 |   390 PyrexGlass            10   20.495   2.2300     12.6748      43.5474      0.200   406.81  102.003892    9.195449  (   0.00, 406.81,   0.00)
 |   391 RPCGasDefault          8   16.809   0.0037   9559.7011   23915.1216      0.200   407.01  102.003913    9.195457  (   0.00, 407.01,   0.00)
 |   392 PyrexGlass            10   20.495   2.2300     12.6748      43.5474      0.200   407.21  102.019692    9.200050  (   0.00, 407.21,   0.00)
 |   393 Air                    7   14.784   0.0012  30528.8407   71998.1725      0.350   407.56  102.019704    9.200055  (   0.00, 407.56,   0.00)
 |   394 Aluminum              13   26.982   2.6990      8.8963      39.8672      0.100   407.66  102.030944    9.202563  (   0.00, 407.66,   0.00)
 |   395 Aluminum              13   26.982   2.6990      8.8963      39.8672      0.100   407.76  102.042185    9.205071  (   0.00, 407.76,   0.00)
 |   396 Air                    7   14.784   0.0012  30528.8407   71998.1725      0.350   408.11  102.042196    9.205076  (   0.00, 408.11,   0.00)
 |   397 PyrexGlass            10   20.495   2.2300     12.6748      43.5474      0.200   408.31  102.057976    9.209669  (   0.00, 408.31,   0.00)
 |   398 RPCGasDefault          8   16.809   0.0037   9559.7011   23915.1216      0.200   408.51  102.057997    9.209677  (   0.00, 408.51,   0.00)
 |   399 PyrexGlass            10   20.495   2.2300     12.6748      43.5474      0.200   408.71  102.073776    9.214270  (   0.00, 408.71,   0.00)
 |   400 Air                    7   14.784   0.0012  30528.8407   71998.1725      0.350   409.06  102.073787    9.214275  (   0.00, 409.06,   0.00)
 |   401 Aluminum              13   26.982   2.6990      8.8963      39.8672      0.100   409.16  102.085028    9.216783  (   0.00, 409.16,   0.00)
 |   402 Air                    7   14.784   0.0012  30528.8407   71998.1725      1.000   410.16  102.085061    9.216797  (   0.00, 410.16,   0.00)
 |   403 Iron                  26   55.845   7.8740      1.7575      17.1639      5.000   415.16  104.930022    9.508106  (   0.00, 415.16,   0.00)
 |   404 Aluminum              13   26.982   2.6990      8.8963      39.8672      0.100   415.26  104.941263    9.510614  (   0.00, 415.26,   0.00)
 |   405 Air                    7   14.784   0.0012  30528.8407   71998.1725      0.350   415.61  104.941274    9.510619  (   0.00, 415.61,   0.00)
 |   406 PyrexGlass            10   20.495   2.2300     12.6748      43.5474      0.200   415.81  104.957054    9.515212  (   0.00, 415.81,   0.00)
 |   407 RPCGasDefault          8   16.809   0.0037   9559.7011   23915.1216      0.200   416.01  104.957074    9.515220  (   0.00, 416.01,   0.00)
 |   408 PyrexGlass            10   20.495   2.2300     12.6748      43.5474      0.200   416.21  104.972854    9.519813  (   0.00, 416.21,   0.00)
 |   409 Air                    7   14.784   0.0012  30528.8407   71998.1725      0.350   416.56  104.972865    9.519818  (   0.00, 416.56,   0.00)
 |   410 Aluminum              13   26.982   2.6990      8.8963      39.8672      0.100   416.66  104.984106    9.522326  (   0.00, 416.66,   0.00)
 |   411 Aluminum              13   26.982   2.6990      8.8963      39.8672      0.100   416.76  104.995347    9.524835  (   0.00, 416.76,   0.00)
 |   412 Air                    7   14.784   0.0012  30528.8407   71998.1725      0.350   417.11  104.995358    9.524839  (   0.00, 417.11,   0.00)
 |   413 PyrexGlass            10   20.495   2.2300     12.6748      43.5474      0.200   417.31  105.011137    9.529432  (   0.00, 417.31,   0.00)
 |   414 RPCGasDefault          8   16.809   0.0037   9559.7011   23915.1216      0.200   417.51  105.011158    9.529440  (   0.00, 417.51,   0.00)
 |   415 PyrexGlass            10   20.495   2.2300     12.6748      43.5474      0.200   417.71  105.026938    9.534033  (   0.00, 417.71,   0.00)
 |   416 Air                    7   14.784   0.0012  30528.8407   71998.1725      0.350   418.06  105.026949    9.534038  (   0.00, 418.06,   0.00)
 |   417 Aluminum              13   26.982   2.6990      8.8963      39.8672      0.100   418.16  105.038190    9.536546  (   0.00, 418.16,   0.00)
 |   418 Air                    7   14.784   0.0012  30528.8407   71998.1725      1.000   419.16  105.038223    9.536560  (   0.00, 419.16,   0.00)
 |   419 Iron                  26   55.845   7.8740      1.7575      17.1639     20.000   439.16  116.418068   10.701797  (   0.00, 439.16,   0.00)
 |   420 Aluminum              13   26.982   2.6990      8.8963      39.8672      0.100   439.26  116.429308   10.704305  (   0.00, 439.26,   0.00)
 |   421 Air                    7   14.784   0.0012  30528.8407   71998.1725      0.350   439.61  116.429320   10.704310  (   0.00, 439.61,   0.00)
 |   422 PyrexGlass            10   20.495   2.2300     12.6748      43.5474      0.200   439.81  116.445099   10.708903  (   0.00, 439.81,   0.00)
 |   423 RPCGasDefault          8   16.809   0.0037   9559.7011   23915.1216      0.200   440.01  116.445120   10.708911  (   0.00, 440.01,   0.00)
 |   424 PyrexGlass            10   20.495   2.2300     12.6748      43.5474      0.200   440.21  116.460900   10.713504  (   0.00, 440.21,   0.00)
 |   425 Air                    7   14.784   0.0012  30528.8407   71998.1725      0.350   440.56  116.460911   10.713509  (   0.00, 440.56,   0.00)
 |   426 Aluminum              13   26.982   2.6990      8.8963      39.8672      0.100   440.66  116.472152   10.716017  (   0.00, 440.66,   0.00)
 |   427 Aluminum              13   26.982   2.6990      8.8963      39.8672      0.100   440.76  116.483392   10.718525  (   0.00, 440.76,   0.00)
 |   428 Air                    7   14.784   0.0012  30528.8407   71998.1725      0.350   441.11  116.483404   10.718530  (   0.00, 441.11,   0.00)
 |   429 PyrexGlass            10   20.495   2.2300     12.6748      43.5474      0.200   441.31  116.499183   10.723123  (   0.00, 441.31,   0.00)
 |   430 RPCGasDefault          8   16.809   0.0037   9559.7011   23915.1216      0.200   441.51  116.499204   10.723131  (   0.00, 441.51,   0.00)
 |   431 PyrexGlass            10   20.495   2.2300     12.6748      43.5474      0.200   441.71  116.514983   10.727724  (   0.00, 441.71,   0.00)
 |   432 Air                    7   14.784   0.0012  30528.8407   71998.1725      0.350   442.06  116.514995   10.727729  (   0.00, 442.06,   0.00)
 |   433 Aluminum              13   26.982   2.6990      8.8963      39.8672      0.100   442.16  116.526235   10.730237  (   0.00, 442.16,   0.00)
 |   434 Air                    7   14.784   0.0012  30528.8407   71998.1725      1.000   443.16  116.526268   10.730251  (   0.00, 443.16,   0.00)
 |   435 Iron                  26   55.845   7.8740      1.7575      17.1639     10.000   453.16  122.216191   11.312869  (   0.00, 453.16,   0.00)
 |   436 Aluminum              13   26.982   2.6990      8.8963      39.8672      0.100   453.26  122.227431   11.315377  (   0.00, 453.26,   0.00)
 |   437 Air                    7   14.784   0.0012  30528.8407   71998.1725      0.350   453.61  122.227443   11.315382  (   0.00, 453.61,   0.00)
 |   438 PyrexGlass            10   20.495   2.2300     12.6748      43.5474      0.200   453.81  122.243222   11.319975  (   0.00, 453.81,   0.00)
 |   439 RPCGasDefault          8   16.809   0.0037   9559.7011   23915.1216      0.200   454.01  122.243243   11.319983  (   0.00, 454.01,   0.00)
 |   440 PyrexGlass            10   20.495   2.2300     12.6748      43.5474      0.200   454.21  122.259023   11.324576  (   0.00, 454.21,   0.00)
 |   441 Air                    7   14.784   0.0012  30528.8407   71998.1725      0.350   454.56  122.259034   11.324581  (   0.00, 454.56,   0.00)
 |   442 Aluminum              13   26.982   2.6990      8.8963      39.8672      0.100   454.66  122.270275   11.327089  (   0.00, 454.66,   0.00)
 |   443 Aluminum              13   26.982   2.6990      8.8963      39.8672      0.100   454.76  122.281515   11.329598  (   0.00, 454.76,   0.00)
 |   444 Air                    7   14.784   0.0012  30528.8407   71998.1725      0.350   455.11  122.281527   11.329602  (   0.00, 455.11,   0.00)
 |   445 PyrexGlass            10   20.495   2.2300     12.6748      43.5474      0.200   455.31  122.297306   11.334195  (   0.00, 455.31,   0.00)
 |   446 RPCGasDefault          8   16.809   0.0037   9559.7011   23915.1216      0.200   455.51  122.297327   11.334204  (   0.00, 455.51,   0.00)
 |   447 PyrexGlass            10   20.495   2.2300     12.6748      43.5474      0.200   455.71  122.313106   11.338796  (   0.00, 455.71,   0.00)
 |   448 Air                    7   14.784   0.0012  30528.8407   71998.1725      0.350   456.06  122.313118   11.338801  (   0.00, 456.06,   0.00)
 |   449 Aluminum              13   26.982   2.6990      8.8963      39.8672      0.100   456.16  122.324358   11.341309  (   0.00, 456.16,   0.00)
 |   450 Air                    7   14.784   0.0012  30528.8407   71998.1725      1.000   457.16  122.324391   11.341323  (   0.00, 457.16,   0.00)
 |   451 Iron                  26   55.845   7.8740      1.7575      17.1639     10.000   467.16  128.014314   11.923942  (   0.00, 467.16,   0.00)
 |   452 Aluminum              13   26.982   2.6990      8.8963      39.8672      0.100   467.26  128.025554   11.926450  (   0.00, 467.26,   0.00)
 |   453 Air                    7   14.784   0.0012  30528.8407   71998.1725      0.350   467.61  128.025566   11.926455  (   0.00, 467.61,   0.00)
 |   454 PyrexGlass            10   20.495   2.2300     12.6748      43.5474      0.200   467.81  128.041345   11.931047  (   0.00, 467.81,   0.00)
 |   455 RPCGasDefault          8   16.809   0.0037   9559.7011   23915.1216      0.200   468.01  128.041366   11.931056  (   0.00, 468.01,   0.00)
 |   456 PyrexGlass            10   20.495   2.2300     12.6748      43.5474      0.200   468.21  128.057146   11.935649  (   0.00, 468.21,   0.00)
 |   457 Air                    7   14.784   0.0012  30528.8407   71998.1725      0.350   468.56  128.057157   11.935653  (   0.00, 468.56,   0.00)
 |   458 Aluminum              13   26.982   2.6990      8.8963      39.8672      0.100   468.66  128.068398   11.938162  (   0.00, 468.66,   0.00)
 |   459 Aluminum              13   26.982   2.6990      8.8963      39.8672      0.100   468.76  128.079638   11.940670  (   0.00, 468.76,   0.00)
 |   460 Air                    7   14.784   0.0012  30528.8407   71998.1725      0.350   469.11  128.079650   11.940675  (   0.00, 469.11,   0.00)
 |   461 PyrexGlass            10   20.495   2.2300     12.6748      43.5474      0.200   469.31  128.095429   11.945268  (   0.00, 469.31,   0.00)
 |   462 RPCGasDefault          8   16.809   0.0037   9559.7011   23915.1216      0.200   469.51  128.095450   11.945276  (   0.00, 469.51,   0.00)
 |   463 PyrexGlass            10   20.495   2.2300     12.6748      43.5474      0.200   469.71  128.111229   11.949869  (   0.00, 469.71,   0.00)
 |   464 Air                    7   14.784   0.0012  30528.8407   71998.1725      0.350   470.06  128.111241   11.949874  (   0.00, 470.06,   0.00)
 |   465 Aluminum              13   26.982   2.6990      8.8963      39.8672      0.100   470.16  128.122482   11.952382  (   0.00, 470.16,   0.00)
 |   466 Air                    7   14.784   0.0012  30528.8407   71998.1725      1.000   471.16  128.122514   11.952396  (   0.00, 471.16,   0.00)
 |   467 Iron                  26   55.845   7.8740      1.7575      17.1639     10.000   481.16  133.812437   12.535014  (   0.00, 481.16,   0.00)
 |   468 Aluminum              13   26.982   2.6990      8.8963      39.8672      0.100   481.26  133.823677   12.537522  (   0.00, 481.26,   0.00)
 |   469 Air                    7   14.784   0.0012  30528.8407   71998.1725      0.350   481.61  133.823689   12.537527  (   0.00, 481.61,   0.00)
 |   470 PyrexGlass            10   20.495   2.2300     12.6748      43.5474      0.200   481.81  133.839468   12.542120  (   0.00, 481.81,   0.00)
 |   471 RPCGasDefault          8   16.809   0.0037   9559.7011   23915.1216      0.200   482.01  133.839489   12.542128  (   0.00, 482.01,   0.00)
 |   472 PyrexGlass            10   20.495   2.2300     12.6748      43.5474      0.200   482.21  133.855269   12.546721  (   0.00, 482.21,   0.00)
 |   473 Air                    7   14.784   0.0012  30528.8407   71998.1725      0.350   482.56  133.855280   12.546726  (   0.00, 482.56,   0.00)
 |   474 Aluminum              13   26.982   2.6990      8.8963      39.8672      0.100   482.66  133.866521   12.549234  (   0.00, 482.66,   0.00)
 |   475 Aluminum              13   26.982   2.6990      8.8963      39.8672      0.100   482.76  133.877761   12.551742  (   0.00, 482.76,   0.00)
 |   476 Air                    7   14.784   0.0012  30528.8407   71998.1725      0.350   483.11  133.877773   12.551747  (   0.00, 483.11,   0.00)
 |   477 PyrexGlass            10   20.495   2.2300     12.6748      43.5474      0.200   483.31  133.893552   12.556340  (   0.00, 483.31,   0.00)
 |   478 RPCGasDefault          8   16.809   0.0037   9559.7011   23915.1216      0.200   483.51  133.893573   12.556348  (   0.00, 483.51,   0.00)
 |   479 PyrexGlass            10   20.495   2.2300     12.6748      43.5474      0.200   483.71  133.909353   12.560941  (   0.00, 483.71,   0.00)
 |   480 Air                    7   14.784   0.0012  30528.8407   71998.1725      0.350   484.06  133.909364   12.560946  (   0.00, 484.06,   0.00)
 |   481 Aluminum              13   26.982   2.6990      8.8963      39.8672      0.100   484.16  133.920605   12.563454  (   0.00, 484.16,   0.00)
 |   482 Air                    7   14.784   0.0012  30528.8407   71998.1725      1.000   485.16  133.920637   12.563468  (   0.00, 485.16,   0.00)
 |   483 Iron                  26   55.845   7.8740      1.7575      17.1639     10.000   495.16  139.610560   13.146086  (   0.00, 495.16,   0.00)
 |   484 Aluminum              13   26.982   2.6990      8.8963      39.8672      0.100   495.26  139.621801   13.148595  (   0.00, 495.26,   0.00)
 |   485 Air                    7   14.784   0.0012  30528.8407   71998.1725      0.350   495.61  139.621812   13.148600  (   0.00, 495.61,   0.00)
 |   486 PyrexGlass            10   20.495   2.2300     12.6748      43.5474      0.200   495.81  139.637591   13.153192  (   0.00, 495.81,   0.00)
 |   487 RPCGasDefault          8   16.809   0.0037   9559.7011   23915.1216      0.200   496.01  139.637612   13.153201  (   0.00, 496.01,   0.00)
 |   488 PyrexGlass            10   20.495   2.2300     12.6748      43.5474      0.200   496.21  139.653392   13.157793  (   0.00, 496.21,   0.00)
 |   489 Air                    7   14.784   0.0012  30528.8407   71998.1725      0.350   496.56  139.653403   13.157798  (   0.00, 496.56,   0.00)
 |   490 Aluminum              13   26.982   2.6990      8.8963      39.8672      0.100   496.66  139.664644   13.160307  (   0.00, 496.66,   0.00)
 |   491 Aluminum              13   26.982   2.6990      8.8963      39.8672      0.100   496.76  139.675884   13.162815  (   0.00, 496.76,   0.00)
 |   492 Air                    7   14.784   0.0012  30528.8407   71998.1725      0.350   497.11  139.675896   13.162820  (   0.00, 497.11,   0.00)
 |   493 PyrexGlass            10   20.495   2.2300     12.6748      43.5474      0.200   497.31  139.691675   13.167412  (   0.00, 497.31,   0.00)
 |   494 RPCGasDefault          8   16.809   0.0037   9559.7011   23915.1216      0.200   497.51  139.691696   13.167421  (   0.00, 497.51,   0.00)
 |   495 PyrexGlass            10   20.495   2.2300     12.6748      43.5474      0.200   497.71  139.707476   13.172014  (   0.00, 497.71,   0.00)
 |   496 Air                    7   14.784   0.0012  30528.8407   71998.1725      0.350   498.06  139.707487   13.172018  (   0.00, 498.06,   0.00)
 |   497 Aluminum              13   26.982   2.6990      8.8963      39.8672      0.100   498.16  139.718728   13.174527  (   0.00, 498.16,   0.00)
 |   498 Air                    7   14.784   0.0012  30528.8407   71998.1725      1.000   499.16  139.718760   13.174541  (   0.00, 499.16,   0.00)
 |   499 Iron                  26   55.845   7.8740      1.7575      17.1639     10.000   509.16  145.408683   13.757159  (   0.00, 509.16,   0.00)
 |   500 Aluminum              13   26.982   2.6990      8.8963      39.8672      0.100   509.26  145.419924   13.759667  (   0.00, 509.26,   0.00)
 |   501 Air                    7   14.784   0.0012  30528.8407   71998.1725      0.350   509.61  145.419935   13.759672  (   0.00, 509.61,   0.00)
 |   502 PyrexGlass            10   20.495   2.2300     12.6748      43.5474      0.200   509.81  145.435714   13.764265  (   0.00, 509.81,   0.00)
 |   503 RPCGasDefault          8   16.809   0.0037   9559.7011   23915.1216      0.200   510.01  145.435735   13.764273  (   0.00, 510.01,   0.00)
 |   504 PyrexGlass            10   20.495   2.2300     12.6748      43.5474      0.200   510.21  145.451515   13.768866  (   0.00, 510.21,   0.00)
 |   505 Air                    7   14.784   0.0012  30528.8407   71998.1725      0.350   510.56  145.451526   13.768871  (   0.00, 510.56,   0.00)
 |   506 Aluminum              13   26.982   2.6990      8.8963      39.8672      0.100   510.66  145.462767   13.771379  (   0.00, 510.66,   0.00)
 |   507 Aluminum              13   26.982   2.6990      8.8963      39.8672      0.100   510.76  145.474007   13.773887  (   0.00, 510.76,   0.00)
 |   508 Air                    7   14.784   0.0012  30528.8407   71998.1725      0.350   511.11  145.474019   13.773892  (   0.00, 511.11,   0.00)
 |   509 PyrexGlass            10   20.495   2.2300     12.6748      43.5474      0.200   511.31  145.489798   13.778485  (   0.00, 511.31,   0.00)
 |   510 RPCGasDefault          8   16.809   0.0037   9559.7011   23915.1216      0.200   511.51  145.489819   13.778493  (   0.00, 511.51,   0.00)
 |   511 PyrexGlass            10   20.495   2.2300     12.6748      43.5474      0.200   511.71  145.505599   13.783086  (   0.00, 511.71,   0.00)
 |   512 Air                    7   14.784   0.0012  30528.8407   71998.1725      0.350   512.06  145.505610   13.783091  (   0.00, 512.06,   0.00)
 |   513 Aluminum              13   26.982   2.6990      8.8963      39.8672      0.100   512.16  145.516851   13.785599  (   0.00, 512.16,   0.00)
 |   514 Air                    7   14.784   0.0012  30528.8407   71998.1725      1.000   513.16  145.516883   13.785613  (   0.00, 513.16,   0.00)
 |   515 Iron                  26   55.845   7.8740      1.7575      17.1639     10.000   523.16  151.206806   14.368231  (   0.00, 523.16,   0.00)
 |   516 Aluminum              13   26.982   2.6990      8.8963      39.8672      0.100   523.26  151.218047   14.370740  (   0.00, 523.26,   0.00)
 |   517 Air                    7   14.784   0.0012  30528.8407   71998.1725      0.350   523.61  151.218058   14.370744  (   0.00, 523.61,   0.00)
 |   518 PyrexGlass            10   20.495   2.2300     12.6748      43.5474      0.200   523.81  151.233837   14.375337  (   0.00, 523.81,   0.00)
 |   519 RPCGasDefault          8   16.809   0.0037   9559.7011   23915.1216      0.200   524.01  151.233858   14.375346  (   0.00, 524.01,   0.00)
 |   520 PyrexGlass            10   20.495   2.2300     12.6748      43.5474      0.200   524.21  151.249638   14.379938  (   0.00, 524.21,   0.00)
 |   521 Air                    7   14.784   0.0012  30528.8407   71998.1725      0.350   524.56  151.249649   14.379943  (   0.00, 524.56,   0.00)
 |   522 Aluminum              13   26.982   2.6990      8.8963      39.8672      0.100   524.66  151.260890   14.382451  (   0.00, 524.66,   0.00)
 |   523 Aluminum              13   26.982   2.6990      8.8963      39.8672      0.100   524.76  151.272130   14.384960  (   0.00, 524.76,   0.00)
 |   524 Air                    7   14.784   0.0012  30528.8407   71998.1725      0.350   525.11  151.272142   14.384965  (   0.00, 525.11,   0.00)
 |   525 PyrexGlass            10   20.495   2.2300     12.6748      43.5474      0.200   525.31  151.287921   14.389557  (   0.00, 525.31,   0.00)
 |   526 RPCGasDefault          8   16.809   0.0037   9559.7011   23915.1216      0.200   525.51  151.287942   14.389566  (   0.00, 525.51,   0.00)
 |   527 PyrexGlass            10   20.495   2.2300     12.6748      43.5474      0.200   525.71  151.303722   14.394158  (   0.00, 525.71,   0.00)
 |   528 Air                    7   14.784   0.0012  30528.8407   71998.1725      0.350   526.06  151.303733   14.394163  (   0.00, 526.06,   0.00)
 |   529 Aluminum              13   26.982   2.6990      8.8963      39.8672      0.100   526.16  151.314974   14.396672  (   0.00, 526.16,   0.00)
 |   530 Air                    7   14.784   0.0012  30528.8407   71998.1725      1.000   527.16  151.315006   14.396685  (   0.00, 527.16,   0.00)
 |   531 Iron                  26   55.845   7.8740      1.7575      17.1639     20.000   547.16  162.694852   15.561922  (   0.00, 547.16,   0.00)
 |   532 Air                    7   14.784   0.0012  30528.8407   71998.1725      2.844   550.00  162.694945   15.561961  (   0.00, 550.00,   0.00)
 +--------------------------------------------------------------------------------------------------------------------------------------------------
 |     0 Average Material      24   51.994   3.8232      3.3806      35.3426    550.000   550.00  162.694945   15.561961  (   0.00, 550.00,   0.00)
 +--------------------------------------------------------------------------------------------------------------------------------------------------
