> materialScan compact_Lhe_dip_sol_ell.xml 0. 180. 0. 0. 180. 1200. >| materialScan_compact_Lhe_dip_sol_ell_0_180_0-0_180_1200.txt
VertexBarrelSupports_layer0 2.5 2.5 50.625
VertexBarrelSupports_layer1 4.5 4.5 51.7
 +--------------------------------------------------------------------------------------------------------------------------------------------------
 + Material scan between: x_0 = (   0.00, 180.00,   0.00) [cm] and x_1 = (   0.00, 180.00,1200.00) [cm] : 
 +--------------------------------------------------------------------------------------------------------------------------------------------------
 |     \   Material           Atomic                 Radiation   Interaction               Path   Integrated  Integrated    Material
 | Num. \  Name          Number/Z   Mass/A  Density    Length       Length    Thickness   Length      X0        Lambda      Endpoint  
 | Layer \                        [g/mole]  [g/cm3]     [cm]        [cm]          [cm]      [cm]     [cm]        [cm]     (     cm,     cm,     cm)
 +--------------------------------------------------------------------------------------------------------------------------------------------------
 |     1 Steel235              26   55.757   7.8500      1.7652      16.9882    375.450   375.45  212.689486   22.100664  (   0.00, 180.00, 375.45)
 |     2 Air                    7   14.784   0.0012  30528.7508   71299.2615      0.450   375.90  212.689501   22.100671  (   0.00, 180.00, 375.90)
 |     3 Steel235              26   55.757   7.8500      1.7652      16.9882     10.000   385.90  218.354423   22.689315  (   0.00, 180.00, 385.90)
 |     4 Polystyrene            6   11.077   1.0320     42.5383      70.1339      0.500   386.40  218.366177   22.696445  (   0.00, 180.00, 386.40)
 |     5 Air                    7   14.784   0.0012  30528.7508   71299.2615      0.150   386.55  218.366182   22.696447  (   0.00, 180.00, 386.55)
 |     6 Steel235              26   55.757   7.8500      1.7652      16.9882     10.000   396.55  224.031104   23.285091  (   0.00, 180.00, 396.55)
 |     7 Polystyrene            6   11.077   1.0320     42.5383      70.1339      0.500   397.05  224.042858   23.292221  (   0.00, 180.00, 397.05)
 |     8 Air                    7   14.784   0.0012  30528.7508   71299.2615      0.150   397.20  224.042863   23.292223  (   0.00, 180.00, 397.20)
 |     9 Steel235              26   55.757   7.8500      1.7652      16.9882     10.000   407.20  229.707784   23.880867  (   0.00, 180.00, 407.20)
 |    10 Polystyrene            6   11.077   1.0320     42.5383      70.1339      0.500   407.70  229.719539   23.887997  (   0.00, 180.00, 407.70)
 |    11 Air                    7   14.784   0.0012  30528.7508   71299.2615      0.150   407.85  229.719543   23.887999  (   0.00, 180.00, 407.85)
 |    12 Steel235              26   55.757   7.8500      1.7652      16.9882     15.000   422.85  238.216926   24.770966  (   0.00, 180.00, 422.85)
 |    13 Polystyrene            6   11.077   1.0320     42.5383      70.1339      0.500   423.35  238.228680   24.778095  (   0.00, 180.00, 423.35)
 |    14 Air                    7   14.784   0.0012  30528.7508   71299.2615      0.150   423.50  238.228685   24.778097  (   0.00, 180.00, 423.50)
 |    15 Steel235              26   55.757   7.8500      1.7652      16.9882     15.000   438.50  246.726068   25.661064  (   0.00, 180.00, 438.50)
 |    16 Polystyrene            6   11.077   1.0320     42.5383      70.1339      0.500   439.00  246.737822   25.668193  (   0.00, 180.00, 439.00)
 |    17 Air                    7   14.784   0.0012  30528.7508   71299.2615      0.150   439.15  246.737827   25.668195  (   0.00, 180.00, 439.15)
 |    18 Steel235              26   55.757   7.8500      1.7652      16.9882     15.000   454.15  255.235209   26.551162  (   0.00, 180.00, 454.15)
 |    19 Polystyrene            6   11.077   1.0320     42.5383      70.1339      0.500   454.65  255.246963   26.558292  (   0.00, 180.00, 454.65)
 |    20 Air                    7   14.784   0.0012  30528.7508   71299.2615      0.150   454.80  255.246968   26.558294  (   0.00, 180.00, 454.80)
 |    21 Steel235              26   55.757   7.8500      1.7652      16.9882     18.000   472.80  265.443827   27.617854  (   0.00, 180.00, 472.80)
 |    22 Polystyrene            6   11.077   1.0320     42.5383      70.1339      0.500   473.30  265.455582   27.624983  (   0.00, 180.00, 473.30)
 |    23 Air                    7   14.784   0.0012  30528.7508   71299.2615      0.150   473.45  265.455586   27.624985  (   0.00, 180.00, 473.45)
 |    24 Steel235              26   55.757   7.8500      1.7652      16.9882     18.000   491.45  275.652446   28.684546  (   0.00, 180.00, 491.45)
 |    25 Polystyrene            6   11.077   1.0320     42.5383      70.1339      0.500   491.95  275.664200   28.691675  (   0.00, 180.00, 491.95)
 |    26 Air                    7   14.784   0.0012  30528.7508   71299.2615      0.150   492.10  275.664205   28.691677  (   0.00, 180.00, 492.10)
 |    27 Steel235              26   55.757   7.8500      1.7652      16.9882     18.000   510.10  285.861064   29.751238  (   0.00, 180.00, 510.10)
 |    28 Polystyrene            6   11.077   1.0320     42.5383      70.1339      0.500   510.60  285.872818   29.758367  (   0.00, 180.00, 510.60)
 |    29 Air                    7   14.784   0.0012  30528.7508   71299.2615      0.150   510.75  285.872823   29.758369  (   0.00, 180.00, 510.75)
 |    30 Steel235              26   55.757   7.8500      1.7652      16.9882     18.000   528.75  296.069682   30.817929  (   0.00, 180.00, 528.75)
 |    31 Polystyrene            6   11.077   1.0320     42.5383      70.1339      0.500   529.25  296.081436   30.825059  (   0.00, 180.00, 529.25)
 |    32 Air                    7   14.784   0.0012  30528.7508   71299.2615      0.150   529.40  296.081441   30.825061  (   0.00, 180.00, 529.40)
 |    33 Steel235              26   55.757   7.8500      1.7652      16.9882     18.000   547.40  306.278300   31.884621  (   0.00, 180.00, 547.40)
 |    34 Polystyrene            6   11.077   1.0320     42.5383      70.1339      0.500   547.90  306.290054   31.891750  (   0.00, 180.00, 547.90)
 |    35 Air                    7   14.784   0.0012  30528.7508   71299.2615      0.150   548.05  306.290059   31.891752  (   0.00, 180.00, 548.05)
 |    36 Air                    7   14.784   0.0012  30528.7508   71299.2615     42.750   590.80  306.291459   31.892352  (   0.00, 180.00, 590.80)
 |    37 Iron                  26   55.845   7.8740      1.7575      16.9589     10.000   600.80  311.981392   32.482012  (   0.00, 180.00, 600.80)
 |    38 Aluminum              13   26.982   2.6990      8.8963      38.8767      0.100   600.90  311.992633   32.484584  (   0.00, 180.00, 600.90)
 |    39 Air                    7   14.784   0.0012  30528.7508   71299.2615      0.350   601.25  311.992644   32.484589  (   0.00, 180.00, 601.25)
 |    40 PyrexGlass            10   20.495   2.2300     12.6748      42.3068      0.200   601.45  312.008424   32.489317  (   0.00, 180.00, 601.45)
 |    41 RPCGasDefault          8   16.809   0.0037   9559.7023   23347.6182      0.200   601.65  312.008445   32.489325  (   0.00, 180.00, 601.65)
 |    42 PyrexGlass            10   20.495   2.2300     12.6748      42.3068      0.200   601.85  312.024224   32.494053  (   0.00, 180.00, 601.85)
 |    43 Air                    7   14.784   0.0012  30528.7508   71299.2615      0.350   602.20  312.024235   32.494057  (   0.00, 180.00, 602.20)
 |    44 Aluminum              13   26.982   2.6990      8.8963      38.8767      0.100   602.30  312.035476   32.496630  (   0.00, 180.00, 602.30)
 |    45 Aluminum              13   26.982   2.6990      8.8963      38.8767      0.100   602.40  312.046717   32.499202  (   0.00, 180.00, 602.40)
 |    46 Air                    7   14.784   0.0012  30528.7508   71299.2615      0.350   602.75  312.046728   32.499207  (   0.00, 180.00, 602.75)
 |    47 PyrexGlass            10   20.495   2.2300     12.6748      42.3068      0.200   602.95  312.062507   32.503934  (   0.00, 180.00, 602.95)
 |    48 RPCGasDefault          8   16.809   0.0037   9559.7023   23347.6182      0.200   603.15  312.062528   32.503943  (   0.00, 180.00, 603.15)
 |    49 PyrexGlass            10   20.495   2.2300     12.6748      42.3068      0.200   603.35  312.078308   32.508670  (   0.00, 180.00, 603.35)
 |    50 Air                    7   14.784   0.0012  30528.7508   71299.2615      0.350   603.70  312.078319   32.508675  (   0.00, 180.00, 603.70)
 |    51 Aluminum              13   26.982   2.6990      8.8963      38.8767      0.100   603.80  312.089560   32.511247  (   0.00, 180.00, 603.80)
 |    52 Air                    7   14.784   0.0012  30528.7508   71299.2615      1.000   604.80  312.089592   32.511261  (   0.00, 180.00, 604.80)
 |    53 Iron                  26   55.845   7.8740      1.7575      16.9589     10.000   614.80  317.779525   33.100921  (   0.00, 180.00, 614.80)
 |    54 Aluminum              13   26.982   2.6990      8.8963      38.8767      0.100   614.90  317.790766   33.103494  (   0.00, 180.00, 614.90)
 |    55 Air                    7   14.784   0.0012  30528.7508   71299.2615      0.350   615.25  317.790777   33.103499  (   0.00, 180.00, 615.25)
 |    56 PyrexGlass            10   20.495   2.2300     12.6748      42.3068      0.200   615.45  317.806557   33.108226  (   0.00, 180.00, 615.45)
 |    57 RPCGasDefault          8   16.809   0.0037   9559.7023   23347.6182      0.200   615.65  317.806578   33.108234  (   0.00, 180.00, 615.65)
 |    58 PyrexGlass            10   20.495   2.2300     12.6748      42.3068      0.200   615.85  317.822357   33.112962  (   0.00, 180.00, 615.85)
 |    59 Air                    7   14.784   0.0012  30528.7508   71299.2615      0.350   616.20  317.822368   33.112967  (   0.00, 180.00, 616.20)
 |    60 Aluminum              13   26.982   2.6990      8.8963      38.8767      0.100   616.30  317.833609   33.115539  (   0.00, 180.00, 616.30)
 |    61 Aluminum              13   26.982   2.6990      8.8963      38.8767      0.100   616.40  317.844850   33.118111  (   0.00, 180.00, 616.40)
 |    62 Air                    7   14.784   0.0012  30528.7508   71299.2615      0.350   616.75  317.844861   33.118116  (   0.00, 180.00, 616.75)
 |    63 PyrexGlass            10   20.495   2.2300     12.6748      42.3068      0.200   616.95  317.860640   33.122843  (   0.00, 180.00, 616.95)
 |    64 RPCGasDefault          8   16.809   0.0037   9559.7023   23347.6182      0.200   617.15  317.860661   33.122852  (   0.00, 180.00, 617.15)
 |    65 PyrexGlass            10   20.495   2.2300     12.6748      42.3068      0.200   617.35  317.876441   33.127579  (   0.00, 180.00, 617.35)
 |    66 Air                    7   14.784   0.0012  30528.7508   71299.2615      0.350   617.70  317.876452   33.127584  (   0.00, 180.00, 617.70)
 |    67 Aluminum              13   26.982   2.6990      8.8963      38.8767      0.100   617.80  317.887693   33.130157  (   0.00, 180.00, 617.80)
 |    68 Air                    7   14.784   0.0012  30528.7508   71299.2615      1.000   618.80  317.887726   33.130171  (   0.00, 180.00, 618.80)
 |    69 Iron                  26   55.845   7.8740      1.7575      16.9589     10.000   628.80  323.577658   33.719831  (   0.00, 180.00, 628.80)
 |    70 Aluminum              13   26.982   2.6990      8.8963      38.8767      0.100   628.90  323.588899   33.722403  (   0.00, 180.00, 628.90)
 |    71 Air                    7   14.784   0.0012  30528.7508   71299.2615      0.350   629.25  323.588910   33.722408  (   0.00, 180.00, 629.25)
 |    72 PyrexGlass            10   20.495   2.2300     12.6748      42.3068      0.200   629.45  323.604690   33.727135  (   0.00, 180.00, 629.45)
 |    73 RPCGasDefault          8   16.809   0.0037   9559.7023   23347.6182      0.200   629.65  323.604711   33.727144  (   0.00, 180.00, 629.65)
 |    74 PyrexGlass            10   20.495   2.2300     12.6748      42.3068      0.200   629.85  323.620490   33.731871  (   0.00, 180.00, 629.85)
 |    75 Air                    7   14.784   0.0012  30528.7508   71299.2615      0.350   630.20  323.620502   33.731876  (   0.00, 180.00, 630.20)
 |    76 Aluminum              13   26.982   2.6990      8.8963      38.8767      0.100   630.30  323.631742   33.734448  (   0.00, 180.00, 630.30)
 |    77 Aluminum              13   26.982   2.6990      8.8963      38.8767      0.100   630.40  323.642983   33.737021  (   0.00, 180.00, 630.40)
 |    78 Air                    7   14.784   0.0012  30528.7508   71299.2615      0.350   630.75  323.642994   33.737025  (   0.00, 180.00, 630.75)
 |    79 PyrexGlass            10   20.495   2.2300     12.6748      42.3068      0.200   630.95  323.658774   33.741753  (   0.00, 180.00, 630.95)
 |    80 RPCGasDefault          8   16.809   0.0037   9559.7023   23347.6182      0.200   631.15  323.658794   33.741761  (   0.00, 180.00, 631.15)
 |    81 PyrexGlass            10   20.495   2.2300     12.6748      42.3068      0.200   631.35  323.674574   33.746489  (   0.00, 180.00, 631.35)
 |    82 Air                    7   14.784   0.0012  30528.7508   71299.2615      0.350   631.70  323.674585   33.746494  (   0.00, 180.00, 631.70)
 |    83 Aluminum              13   26.982   2.6990      8.8963      38.8767      0.100   631.80  323.685826   33.749066  (   0.00, 180.00, 631.80)
 |    84 Air                    7   14.784   0.0012  30528.7508   71299.2615      1.000   632.80  323.685859   33.749080  (   0.00, 180.00, 632.80)
 |    85 Iron                  26   55.845   7.8740      1.7575      16.9589     10.000   642.80  329.375791   34.338740  (   0.00, 180.00, 642.80)
 |    86 Aluminum              13   26.982   2.6990      8.8963      38.8767      0.100   642.90  329.387032   34.341312  (   0.00, 180.00, 642.90)
 |    87 Air                    7   14.784   0.0012  30528.7508   71299.2615      0.350   643.25  329.387043   34.341317  (   0.00, 180.00, 643.25)
 |    88 PyrexGlass            10   20.495   2.2300     12.6748      42.3068      0.200   643.45  329.402823   34.346045  (   0.00, 180.00, 643.45)
 |    89 RPCGasDefault          8   16.809   0.0037   9559.7023   23347.6182      0.200   643.65  329.402844   34.346053  (   0.00, 180.00, 643.65)
 |    90 PyrexGlass            10   20.495   2.2300     12.6748      42.3068      0.200   643.85  329.418623   34.350780  (   0.00, 180.00, 643.85)
 |    91 Air                    7   14.784   0.0012  30528.7508   71299.2615      0.350   644.20  329.418635   34.350785  (   0.00, 180.00, 644.20)
 |    92 Aluminum              13   26.982   2.6990      8.8963      38.8767      0.100   644.30  329.429875   34.353358  (   0.00, 180.00, 644.30)
 |    93 Aluminum              13   26.982   2.6990      8.8963      38.8767      0.100   644.40  329.441116   34.355930  (   0.00, 180.00, 644.40)
 |    94 Air                    7   14.784   0.0012  30528.7508   71299.2615      0.350   644.75  329.441127   34.355935  (   0.00, 180.00, 644.75)
 |    95 PyrexGlass            10   20.495   2.2300     12.6748      42.3068      0.200   644.95  329.456907   34.360662  (   0.00, 180.00, 644.95)
 |    96 RPCGasDefault          8   16.809   0.0037   9559.7023   23347.6182      0.200   645.15  329.456928   34.360671  (   0.00, 180.00, 645.15)
 |    97 PyrexGlass            10   20.495   2.2300     12.6748      42.3068      0.200   645.35  329.472707   34.365398  (   0.00, 180.00, 645.35)
 |    98 Air                    7   14.784   0.0012  30528.7508   71299.2615      0.350   645.70  329.472718   34.365403  (   0.00, 180.00, 645.70)
 |    99 Aluminum              13   26.982   2.6990      8.8963      38.8767      0.100   645.80  329.483959   34.367975  (   0.00, 180.00, 645.80)
 |   100 Air                    7   14.784   0.0012  30528.7508   71299.2615      1.000   646.80  329.483992   34.367989  (   0.00, 180.00, 646.80)
 |   101 Iron                  26   55.845   7.8740      1.7575      16.9589     10.000   656.80  335.173925   34.957649  (   0.00, 180.00, 656.80)
 |   102 Aluminum              13   26.982   2.6990      8.8963      38.8767      0.100   656.90  335.185165   34.960222  (   0.00, 180.00, 656.90)
 |   103 Air                    7   14.784   0.0012  30528.7508   71299.2615      0.350   657.25  335.185177   34.960227  (   0.00, 180.00, 657.25)
 |   104 PyrexGlass            10   20.495   2.2300     12.6748      42.3068      0.200   657.45  335.200956   34.964954  (   0.00, 180.00, 657.45)
 |   105 RPCGasDefault          8   16.809   0.0037   9559.7023   23347.6182      0.200   657.65  335.200977   34.964962  (   0.00, 180.00, 657.65)
 |   106 PyrexGlass            10   20.495   2.2300     12.6748      42.3068      0.200   657.85  335.216756   34.969690  (   0.00, 180.00, 657.85)
 |   107 Air                    7   14.784   0.0012  30528.7508   71299.2615      0.350   658.20  335.216768   34.969695  (   0.00, 180.00, 658.20)
 |   108 Aluminum              13   26.982   2.6990      8.8963      38.8767      0.100   658.30  335.228008   34.972267  (   0.00, 180.00, 658.30)
 |   109 Aluminum              13   26.982   2.6990      8.8963      38.8767      0.100   658.40  335.239249   34.974839  (   0.00, 180.00, 658.40)
 |   110 Air                    7   14.784   0.0012  30528.7508   71299.2615      0.350   658.75  335.239260   34.974844  (   0.00, 180.00, 658.75)
 |   111 PyrexGlass            10   20.495   2.2300     12.6748      42.3068      0.200   658.95  335.255040   34.979571  (   0.00, 180.00, 658.95)
 |   112 RPCGasDefault          8   16.809   0.0037   9559.7023   23347.6182      0.200   659.15  335.255061   34.979580  (   0.00, 180.00, 659.15)
 |   113 PyrexGlass            10   20.495   2.2300     12.6748      42.3068      0.200   659.35  335.270840   34.984307  (   0.00, 180.00, 659.35)
 |   114 Air                    7   14.784   0.0012  30528.7508   71299.2615      0.350   659.70  335.270851   34.984312  (   0.00, 180.00, 659.70)
 |   115 Aluminum              13   26.982   2.6990      8.8963      38.8767      0.100   659.80  335.282092   34.986885  (   0.00, 180.00, 659.80)
 |   116 Air                    7   14.784   0.0012  30528.7508   71299.2615      1.000   660.80  335.282125   34.986899  (   0.00, 180.00, 660.80)
 |   117 Iron                  26   55.845   7.8740      1.7575      16.9589     10.000   670.80  340.972058   35.576559  (   0.00, 180.00, 670.80)
 |   118 Aluminum              13   26.982   2.6990      8.8963      38.8767      0.100   670.90  340.983298   35.579131  (   0.00, 180.00, 670.90)
 |   119 Air                    7   14.784   0.0012  30528.7508   71299.2615      0.350   671.25  340.983310   35.579136  (   0.00, 180.00, 671.25)
 |   120 PyrexGlass            10   20.495   2.2300     12.6748      42.3068      0.200   671.45  340.999089   35.583863  (   0.00, 180.00, 671.45)
 |   121 RPCGasDefault          8   16.809   0.0037   9559.7023   23347.6182      0.200   671.65  340.999110   35.583872  (   0.00, 180.00, 671.65)
 |   122 PyrexGlass            10   20.495   2.2300     12.6748      42.3068      0.200   671.85  341.014889   35.588599  (   0.00, 180.00, 671.85)
 |   123 Air                    7   14.784   0.0012  30528.7508   71299.2615      0.350   672.20  341.014901   35.588604  (   0.00, 180.00, 672.20)
 |   124 Aluminum              13   26.982   2.6990      8.8963      38.8767      0.100   672.30  341.026141   35.591176  (   0.00, 180.00, 672.30)
 |   125 Aluminum              13   26.982   2.6990      8.8963      38.8767      0.100   672.40  341.037382   35.593749  (   0.00, 180.00, 672.40)
 |   126 Air                    7   14.784   0.0012  30528.7508   71299.2615      0.350   672.75  341.037393   35.593753  (   0.00, 180.00, 672.75)
 |   127 PyrexGlass            10   20.495   2.2300     12.6748      42.3068      0.200   672.95  341.053173   35.598481  (   0.00, 180.00, 672.95)
 |   128 RPCGasDefault          8   16.809   0.0037   9559.7023   23347.6182      0.200   673.15  341.053194   35.598489  (   0.00, 180.00, 673.15)
 |   129 PyrexGlass            10   20.495   2.2300     12.6748      42.3068      0.200   673.35  341.068973   35.603217  (   0.00, 180.00, 673.35)
 |   130 Air                    7   14.784   0.0012  30528.7508   71299.2615      0.350   673.70  341.068985   35.603222  (   0.00, 180.00, 673.70)
 |   131 Aluminum              13   26.982   2.6990      8.8963      38.8767      0.100   673.80  341.080225   35.605794  (   0.00, 180.00, 673.80)
 |   132 Air                    7   14.784   0.0012  30528.7508   71299.2615      1.000   674.80  341.080258   35.605808  (   0.00, 180.00, 674.80)
 |   133 Iron                  26   55.845   7.8740      1.7575      16.9589     10.000   684.80  346.770191   36.195468  (   0.00, 180.00, 684.80)
 |   134 Aluminum              13   26.982   2.6990      8.8963      38.8767      0.100   684.90  346.781431   36.198040  (   0.00, 180.00, 684.90)
 |   135 Air                    7   14.784   0.0012  30528.7508   71299.2615      0.350   685.25  346.781443   36.198045  (   0.00, 180.00, 685.25)
 |   136 PyrexGlass            10   20.495   2.2300     12.6748      42.3068      0.200   685.45  346.797222   36.202773  (   0.00, 180.00, 685.45)
 |   137 RPCGasDefault          8   16.809   0.0037   9559.7023   23347.6182      0.200   685.65  346.797243   36.202781  (   0.00, 180.00, 685.65)
 |   138 PyrexGlass            10   20.495   2.2300     12.6748      42.3068      0.200   685.85  346.813022   36.207508  (   0.00, 180.00, 685.85)
 |   139 Air                    7   14.784   0.0012  30528.7508   71299.2615      0.350   686.20  346.813034   36.207513  (   0.00, 180.00, 686.20)
 |   140 Aluminum              13   26.982   2.6990      8.8963      38.8767      0.100   686.30  346.824274   36.210086  (   0.00, 180.00, 686.30)
 |   141 Aluminum              13   26.982   2.6990      8.8963      38.8767      0.100   686.40  346.835515   36.212658  (   0.00, 180.00, 686.40)
 |   142 Air                    7   14.784   0.0012  30528.7508   71299.2615      0.350   686.75  346.835527   36.212663  (   0.00, 180.00, 686.75)
 |   143 PyrexGlass            10   20.495   2.2300     12.6748      42.3068      0.200   686.95  346.851306   36.217390  (   0.00, 180.00, 686.95)
 |   144 RPCGasDefault          8   16.809   0.0037   9559.7023   23347.6182      0.200   687.15  346.851327   36.217399  (   0.00, 180.00, 687.15)
 |   145 PyrexGlass            10   20.495   2.2300     12.6748      42.3068      0.200   687.35  346.867106   36.222126  (   0.00, 180.00, 687.35)
 |   146 Air                    7   14.784   0.0012  30528.7508   71299.2615      0.350   687.70  346.867118   36.222131  (   0.00, 180.00, 687.70)
 |   147 Aluminum              13   26.982   2.6990      8.8963      38.8767      0.100   687.80  346.878358   36.224703  (   0.00, 180.00, 687.80)
 |   148 Air                    7   14.784   0.0012  30528.7508   71299.2615      1.000   688.80  346.878391   36.224717  (   0.00, 180.00, 688.80)
 |   149 Iron                  26   55.845   7.8740      1.7575      16.9589     10.000   698.80  352.568324   36.814377  (   0.00, 180.00, 698.80)
 |   150 Aluminum              13   26.982   2.6990      8.8963      38.8767      0.100   698.90  352.579564   36.816950  (   0.00, 180.00, 698.90)
 |   151 Air                    7   14.784   0.0012  30528.7508   71299.2615      0.350   699.25  352.579576   36.816954  (   0.00, 180.00, 699.25)
 |   152 PyrexGlass            10   20.495   2.2300     12.6748      42.3068      0.200   699.45  352.595355   36.821682  (   0.00, 180.00, 699.45)
 |   153 RPCGasDefault          8   16.809   0.0037   9559.7023   23347.6182      0.200   699.65  352.595376   36.821690  (   0.00, 180.00, 699.65)
 |   154 PyrexGlass            10   20.495   2.2300     12.6748      42.3068      0.200   699.85  352.611155   36.826418  (   0.00, 180.00, 699.85)
 |   155 Air                    7   14.784   0.0012  30528.7508   71299.2615      0.350   700.20  352.611167   36.826423  (   0.00, 180.00, 700.20)
 |   156 Aluminum              13   26.982   2.6990      8.8963      38.8767      0.100   700.30  352.622408   36.828995  (   0.00, 180.00, 700.30)
 |   157 Aluminum              13   26.982   2.6990      8.8963      38.8767      0.100   700.40  352.633648   36.831567  (   0.00, 180.00, 700.40)
 |   158 Air                    7   14.784   0.0012  30528.7508   71299.2615      0.350   700.75  352.633660   36.831572  (   0.00, 180.00, 700.75)
 |   159 PyrexGlass            10   20.495   2.2300     12.6748      42.3068      0.200   700.95  352.649439   36.836299  (   0.00, 180.00, 700.95)
 |   160 RPCGasDefault          8   16.809   0.0037   9559.7023   23347.6182      0.200   701.15  352.649460   36.836308  (   0.00, 180.00, 701.15)
 |   161 PyrexGlass            10   20.495   2.2300     12.6748      42.3068      0.200   701.35  352.665239   36.841035  (   0.00, 180.00, 701.35)
 |   162 Air                    7   14.784   0.0012  30528.7508   71299.2615      0.350   701.70  352.665251   36.841040  (   0.00, 180.00, 701.70)
 |   163 Aluminum              13   26.982   2.6990      8.8963      38.8767      0.100   701.80  352.676491   36.843612  (   0.00, 180.00, 701.80)
 |   164 Air                    7   14.784   0.0012  30528.7508   71299.2615      1.000   702.80  352.676524   36.843627  (   0.00, 180.00, 702.80)
 |   165 Iron                  26   55.845   7.8740      1.7575      16.9589     10.000   712.80  358.366457   37.433287  (   0.00, 180.00, 712.80)
 |   166 Aluminum              13   26.982   2.6990      8.8963      38.8767      0.100   712.90  358.377697   37.435859  (   0.00, 180.00, 712.90)
 |   167 Air                    7   14.784   0.0012  30528.7508   71299.2615      0.350   713.25  358.377709   37.435864  (   0.00, 180.00, 713.25)
 |   168 PyrexGlass            10   20.495   2.2300     12.6748      42.3068      0.200   713.45  358.393488   37.440591  (   0.00, 180.00, 713.45)
 |   169 RPCGasDefault          8   16.809   0.0037   9559.7023   23347.6182      0.200   713.65  358.393509   37.440600  (   0.00, 180.00, 713.65)
 |   170 PyrexGlass            10   20.495   2.2300     12.6748      42.3068      0.200   713.85  358.409289   37.445327  (   0.00, 180.00, 713.85)
 |   171 Air                    7   14.784   0.0012  30528.7508   71299.2615      0.350   714.20  358.409300   37.445332  (   0.00, 180.00, 714.20)
 |   172 Aluminum              13   26.982   2.6990      8.8963      38.8767      0.100   714.30  358.420541   37.447904  (   0.00, 180.00, 714.30)
 |   173 Aluminum              13   26.982   2.6990      8.8963      38.8767      0.100   714.40  358.431781   37.450476  (   0.00, 180.00, 714.40)
 |   174 Air                    7   14.784   0.0012  30528.7508   71299.2615      0.350   714.75  358.431793   37.450481  (   0.00, 180.00, 714.75)
 |   175 PyrexGlass            10   20.495   2.2300     12.6748      42.3068      0.200   714.95  358.447572   37.455209  (   0.00, 180.00, 714.95)
 |   176 RPCGasDefault          8   16.809   0.0037   9559.7023   23347.6182      0.200   715.15  358.447593   37.455217  (   0.00, 180.00, 715.15)
 |   177 PyrexGlass            10   20.495   2.2300     12.6748      42.3068      0.200   715.35  358.463372   37.459945  (   0.00, 180.00, 715.35)
 |   178 Air                    7   14.784   0.0012  30528.7508   71299.2615      0.350   715.70  358.463384   37.459950  (   0.00, 180.00, 715.70)
 |   179 Aluminum              13   26.982   2.6990      8.8963      38.8767      0.100   715.80  358.474624   37.462522  (   0.00, 180.00, 715.80)
 |   180 Air                    7   14.784   0.0012  30528.7508   71299.2615      1.000   716.80  358.474657   37.462536  (   0.00, 180.00, 716.80)
 |   181 Iron                  26   55.845   7.8740      1.7575      16.9589     10.000   726.80  364.164590   38.052196  (   0.00, 180.00, 726.80)
 |   182 Aluminum              13   26.982   2.6990      8.8963      38.8767      0.100   726.90  364.175831   38.054768  (   0.00, 180.00, 726.90)
 |   183 Air                    7   14.784   0.0012  30528.7508   71299.2615      0.350   727.25  364.175842   38.054773  (   0.00, 180.00, 727.25)
 |   184 PyrexGlass            10   20.495   2.2300     12.6748      42.3068      0.200   727.45  364.191621   38.059500  (   0.00, 180.00, 727.45)
 |   185 RPCGasDefault          8   16.809   0.0037   9559.7023   23347.6182      0.200   727.65  364.191642   38.059509  (   0.00, 180.00, 727.65)
 |   186 PyrexGlass            10   20.495   2.2300     12.6748      42.3068      0.200   727.85  364.207422   38.064236  (   0.00, 180.00, 727.85)
 |   187 Air                    7   14.784   0.0012  30528.7508   71299.2615      0.350   728.20  364.207433   38.064241  (   0.00, 180.00, 728.20)
 |   188 Aluminum              13   26.982   2.6990      8.8963      38.8767      0.100   728.30  364.218674   38.066814  (   0.00, 180.00, 728.30)
 |   189 Aluminum              13   26.982   2.6990      8.8963      38.8767      0.100   728.40  364.229914   38.069386  (   0.00, 180.00, 728.40)
 |   190 Air                    7   14.784   0.0012  30528.7508   71299.2615      0.350   728.75  364.229926   38.069391  (   0.00, 180.00, 728.75)
 |   191 PyrexGlass            10   20.495   2.2300     12.6748      42.3068      0.200   728.95  364.245705   38.074118  (   0.00, 180.00, 728.95)
 |   192 RPCGasDefault          8   16.809   0.0037   9559.7023   23347.6182      0.200   729.15  364.245726   38.074127  (   0.00, 180.00, 729.15)
 |   193 PyrexGlass            10   20.495   2.2300     12.6748      42.3068      0.200   729.35  364.261505   38.078854  (   0.00, 180.00, 729.35)
 |   194 Air                    7   14.784   0.0012  30528.7508   71299.2615      0.350   729.70  364.261517   38.078859  (   0.00, 180.00, 729.70)
 |   195 Aluminum              13   26.982   2.6990      8.8963      38.8767      0.100   729.80  364.272757   38.081431  (   0.00, 180.00, 729.80)
 |   196 Air                    7   14.784   0.0012  30528.7508   71299.2615      1.000   730.80  364.272790   38.081445  (   0.00, 180.00, 730.80)
 |   197 Iron                  26   55.845   7.8740      1.7575      16.9589     10.000   740.80  369.962723   38.671105  (   0.00, 180.00, 740.80)
 |   198 Aluminum              13   26.982   2.6990      8.8963      38.8767      0.100   740.90  369.973964   38.673678  (   0.00, 180.00, 740.90)
 |   199 Air                    7   14.784   0.0012  30528.7508   71299.2615      0.350   741.25  369.973975   38.673682  (   0.00, 180.00, 741.25)
 |   200 PyrexGlass            10   20.495   2.2300     12.6748      42.3068      0.200   741.45  369.989754   38.678410  (   0.00, 180.00, 741.45)
 |   201 RPCGasDefault          8   16.809   0.0037   9559.7023   23347.6182      0.200   741.65  369.989775   38.678418  (   0.00, 180.00, 741.65)
 |   202 PyrexGlass            10   20.495   2.2300     12.6748      42.3068      0.200   741.85  370.005555   38.683146  (   0.00, 180.00, 741.85)
 |   203 Air                    7   14.784   0.0012  30528.7508   71299.2615      0.350   742.20  370.005566   38.683151  (   0.00, 180.00, 742.20)
 |   204 Aluminum              13   26.982   2.6990      8.8963      38.8767      0.100   742.30  370.016807   38.685723  (   0.00, 180.00, 742.30)
 |   205 Aluminum              13   26.982   2.6990      8.8963      38.8767      0.100   742.40  370.028047   38.688295  (   0.00, 180.00, 742.40)
 |   206 Air                    7   14.784   0.0012  30528.7508   71299.2615      0.350   742.75  370.028059   38.688300  (   0.00, 180.00, 742.75)
 |   207 PyrexGlass            10   20.495   2.2300     12.6748      42.3068      0.200   742.95  370.043838   38.693027  (   0.00, 180.00, 742.95)
 |   208 RPCGasDefault          8   16.809   0.0037   9559.7023   23347.6182      0.200   743.15  370.043859   38.693036  (   0.00, 180.00, 743.15)
 |   209 PyrexGlass            10   20.495   2.2300     12.6748      42.3068      0.200   743.35  370.059639   38.697763  (   0.00, 180.00, 743.35)
 |   210 Air                    7   14.784   0.0012  30528.7508   71299.2615      0.350   743.70  370.059650   38.697768  (   0.00, 180.00, 743.70)
 |   211 Aluminum              13   26.982   2.6990      8.8963      38.8767      0.100   743.80  370.070891   38.700340  (   0.00, 180.00, 743.80)
 |   212 Air                    7   14.784   0.0012  30528.7508   71299.2615      1.000   744.80  370.070923   38.700354  (   0.00, 180.00, 744.80)
 |   213 Iron                  26   55.845   7.8740      1.7575      16.9589     10.000   754.80  375.760856   39.290015  (   0.00, 180.00, 754.80)
 |   214 Aluminum              13   26.982   2.6990      8.8963      38.8767      0.100   754.90  375.772097   39.292587  (   0.00, 180.00, 754.90)
 |   215 Air                    7   14.784   0.0012  30528.7508   71299.2615      0.350   755.25  375.772108   39.292592  (   0.00, 180.00, 755.25)
 |   216 PyrexGlass            10   20.495   2.2300     12.6748      42.3068      0.200   755.45  375.787888   39.297319  (   0.00, 180.00, 755.45)
 |   217 RPCGasDefault          8   16.809   0.0037   9559.7023   23347.6182      0.200   755.65  375.787908   39.297328  (   0.00, 180.00, 755.65)
 |   218 PyrexGlass            10   20.495   2.2300     12.6748      42.3068      0.200   755.85  375.803688   39.302055  (   0.00, 180.00, 755.85)
 |   219 Air                    7   14.784   0.0012  30528.7508   71299.2615      0.350   756.20  375.803699   39.302060  (   0.00, 180.00, 756.20)
 |   220 Aluminum              13   26.982   2.6990      8.8963      38.8767      0.100   756.30  375.814940   39.304632  (   0.00, 180.00, 756.30)
 |   221 Aluminum              13   26.982   2.6990      8.8963      38.8767      0.100   756.40  375.826180   39.307204  (   0.00, 180.00, 756.40)
 |   222 Air                    7   14.784   0.0012  30528.7508   71299.2615      0.350   756.75  375.826192   39.307209  (   0.00, 180.00, 756.75)
 |   223 PyrexGlass            10   20.495   2.2300     12.6748      42.3068      0.200   756.95  375.841971   39.311937  (   0.00, 180.00, 756.95)
 |   224 RPCGasDefault          8   16.809   0.0037   9559.7023   23347.6182      0.200   757.15  375.841992   39.311945  (   0.00, 180.00, 757.15)
 |   225 PyrexGlass            10   20.495   2.2300     12.6748      42.3068      0.200   757.35  375.857772   39.316673  (   0.00, 180.00, 757.35)
 |   226 Air                    7   14.784   0.0012  30528.7508   71299.2615      0.350   757.70  375.857783   39.316678  (   0.00, 180.00, 757.70)
 |   227 Aluminum              13   26.982   2.6990      8.8963      38.8767      0.100   757.80  375.869024   39.319250  (   0.00, 180.00, 757.80)
 |   228 Air                    7   14.784   0.0012  30528.7508   71299.2615      1.000   758.80  375.869056   39.319264  (   0.00, 180.00, 758.80)
 |   229 Air                    7   14.784   0.0012  30528.7508   71299.2615    441.200  1200.00  375.883508   39.325452  (   0.00, 180.00,1200.00)
 +--------------------------------------------------------------------------------------------------------------------------------------------------
 |     0 Average Material      26   54.981   4.3567      3.1925      30.5146   1200.000  1200.00  375.883508   39.325452  (   0.00, 180.00,1200.00)
 +--------------------------------------------------------------------------------------------------------------------------------------------------
