> materialScan compact_Lhe_dip_sol_ell.xml 0. 0. 0. 0. 600. 0. >| materialScan_compact_Lhe_dip_sol_ell_origin_90deg_up.txt
VertexBarrelSupports_layer0 2.5 2.5 50.625
VertexBarrelSupports_layer1 4.5 4.5 51.7
 +--------------------------------------------------------------------------------------------------------------------------------------------------
 + Material scan between: x_0 = (   0.00,   0.00,   0.00) [cm] and x_1 = (   0.00, 600.00,   0.00) [cm] : 
 +--------------------------------------------------------------------------------------------------------------------------------------------------
 |     \   Material           Atomic                 Radiation   Interaction               Path   Integrated  Integrated    Material
 | Num. \  Name          Number/Z   Mass/A  Density    Length       Length    Thickness   Length      X0        Lambda      Endpoint  
 | Layer \                        [g/mole]  [g/cm3]     [cm]        [cm]          [cm]      [cm]     [cm]        [cm]     (     cm,     cm,     cm)
 +--------------------------------------------------------------------------------------------------------------------------------------------------
 |     1 Air                    7   14.784   0.0012  30528.7508   71299.2615      0.001     0.00    0.000000    0.000000  (   0.00,   0.00,   0.00)
 |     2 Vacuum                 7   14.784   0.0000 3.66345e+11  8.55591e+11      2.000     2.00    0.000000    0.000000  (   0.00,   2.00,   0.00)
 |     3 Beryllium              4    9.012   1.8480     35.2760      39.4488      0.399     2.40    0.011311    0.010114  (   0.00,   2.40,   0.00)
 |     4 Air                    7   14.784   0.0012  30528.7508   71299.2615      0.100     2.50    0.011314    0.010116  (   0.00,   2.50,   0.00)
 |     5 Air                    7   14.784   0.0012  30528.7508   71299.2615      0.750     3.25    0.011339    0.010126  (   0.00,   3.25,   0.00)
 |     6 Air                    7   14.784   0.0012  30528.7508   71299.2615      0.231     3.48    0.011346    0.010130  (   0.00,   3.48,   0.00)
 |     7 CarbonFiber_50D        6   11.968   0.7500     56.1492     102.0193      0.013     3.49    0.011578    0.010257  (   0.00,   3.49,   0.00)
 |     8 Air                    7   14.784   0.0012  30528.7508   71299.2615      0.026     3.52    0.011579    0.010257  (   0.00,   3.52,   0.00)
 |     9 Silicon               14   28.085   2.3300      9.3661      45.7533      0.005     3.52    0.012112    0.010367  (   0.00,   3.52,   0.00)
 |    10 Air                    7   14.784   0.0012  30528.7508   71299.2615      0.111     3.64    0.012116    0.010368  (   0.00,   3.64,   0.00)
 |    11 Kapton                 6   12.701   1.4300     28.3749      55.4761      0.004     3.64    0.012250    0.010437  (   0.00,   3.64,   0.00)
 |    12 Air                    7   14.784   0.0012  30528.7508   71299.2615      0.006     3.65    0.012250    0.010437  (   0.00,   3.65,   0.00)
 |    13 Copper                29   63.546   8.9600      1.4356      15.5142      0.000     3.65    0.012515    0.010461  (   0.00,   3.65,   0.00)
 |    14 Air                    7   14.784   0.0012  30528.7508   71299.2615      0.104     3.75    0.012518    0.010463  (   0.00,   3.75,   0.00)
 |    15 Air                    7   14.784   0.0012  30528.7508   71299.2615      0.750     4.50    0.012543    0.010473  (   0.00,   4.50,   0.00)
 |    16 Air                    7   14.784   0.0012  30528.7508   71299.2615      0.800     5.30    0.012569    0.010484  (   0.00,   5.30,   0.00)
 |    17 Air                    7   14.784   0.0012  30528.7508   71299.2615      3.700     9.00    0.012690    0.010536  (   0.00,   9.00,   0.00)
 |    18 Air                    7   14.784   0.0012  30528.7508   71299.2615      1.837    10.84    0.012750    0.010562  (   0.00,  10.84,   0.00)
 |    19 PEEK                   6   12.213   1.3700     30.3288      56.3795      0.021    10.86    0.013454    0.010940  (   0.00,  10.86,   0.00)
 |    20 CarbonFiber_50D        6   11.968   0.7500     56.1492     102.0193      0.017    10.88    0.013757    0.011108  (   0.00,  10.88,   0.00)
 |    21 Rohacell31_50D         6   12.079   0.0160   2584.8782    4648.6381      0.192    11.07    0.013832    0.011149  (   0.00,  11.07,   0.00)
 |    22 Epoxy                  6   11.888   1.3000     31.5900      54.2275      0.019    11.09    0.014422    0.011493  (   0.00,  11.09,   0.00)
 |    23 CarbonFiber_50D        6   11.968   0.7500     56.1492     102.0193      0.017    11.10    0.014726    0.011660  (   0.00,  11.10,   0.00)
 |    24 Silicon               14   28.085   2.3300      9.3661      45.7533      0.032    11.14    0.018142    0.012359  (   0.00,  11.14,   0.00)
 |    25 Silicon               14   28.085   2.3300      9.3661      45.7533      0.001    11.14    0.018196    0.012371  (   0.00,  11.14,   0.00)
 |    26 Air                    7   14.784   0.0012  30528.7508   71299.2615      0.006    11.14    0.018196    0.012371  (   0.00,  11.14,   0.00)
 |    27 Kapton                 6   12.701   1.4300     28.3749      55.4761      0.004    11.15    0.018339    0.012444  (   0.00,  11.15,   0.00)
 |    28 Air                    7   14.784   0.0012  30528.7508   71299.2615      0.007    11.15    0.018339    0.012444  (   0.00,  11.15,   0.00)
 |    29 Copper                29   63.546   8.9600      1.4356      15.5142      0.000    11.15    0.018622    0.012470  (   0.00,  11.15,   0.00)
 |    30 Air                    7   14.784   0.0012  30528.7508   71299.2615      0.004    11.16    0.018622    0.012470  (   0.00,  11.16,   0.00)
 |    31 Air                    7   14.784   0.0012  30528.7508   71299.2615      4.743    15.90    0.018777    0.012536  (   0.00,  15.90,   0.00)
 |    32 Air                    7   14.784   0.0012  30528.7508   71299.2615      6.000    21.90    0.018974    0.012621  (   0.00,  21.90,   0.00)
 |    33 Air                    7   14.784   0.0012  30528.7508   71299.2615      6.000    27.90    0.019170    0.012705  (   0.00,  27.90,   0.00)
 |    34 Air                    7   14.784   0.0012  30528.7508   71299.2615      5.100    33.00    0.019337    0.012776  (   0.00,  33.00,   0.00)
 |    35 Air                    7   14.784   0.0012  30528.7508   71299.2615      8.300    41.30    0.019609    0.012893  (   0.00,  41.30,   0.00)
 |    36 CarbonFiber            6   11.968   1.5000     28.0746      51.0096      0.050    41.35    0.021390    0.013873  (   0.00,  41.35,   0.00)
 |    37 Rohacell31_15percent   6   12.079   0.0048   8616.2607   15495.4602      0.807    42.16    0.021484    0.013925  (   0.00,  42.16,   0.00)
 |    38 CarbonFiber            6   11.968   1.5000     28.0746      51.0096      0.050    42.21    0.023265    0.014905  (   0.00,  42.21,   0.00)
 |    39 Air                    7   14.784   0.0012  30528.7508   71299.2615      0.894    43.10    0.023294    0.014918  (   0.00,  43.10,   0.00)
 |    40 PEEK                   6   12.213   1.3700     30.3288      56.3795      0.020    43.12    0.023969    0.015281  (   0.00,  43.12,   0.00)
 |    41 CarbonFiber_50D        6   11.968   0.7500     56.1492     102.0193      0.016    43.14    0.024261    0.015442  (   0.00,  43.14,   0.00)
 |    42 Rohacell31_50D         6   12.079   0.0160   2584.8782    4648.6381      0.184    43.32    0.024332    0.015481  (   0.00,  43.32,   0.00)
 |    43 Epoxy                  6   11.888   1.3000     31.5900      54.2275      0.018    43.34    0.024900    0.015812  (   0.00,  43.34,   0.00)
 |    44 CarbonFiber_50D        6   11.968   0.7500     56.1492     102.0193      0.016    43.36    0.025191    0.015972  (   0.00,  43.36,   0.00)
 |    45 Silicon               14   28.085   2.3300      9.3661      45.7533      0.031    43.39    0.028471    0.016644  (   0.00,  43.39,   0.00)
 |    46 Silicon               14   28.085   2.3300      9.3661      45.7533      0.000    43.39    0.028524    0.016654  (   0.00,  43.39,   0.00)
 |    47 Air                    7   14.784   0.0012  30528.7508   71299.2615      0.005    43.39    0.028524    0.016655  (   0.00,  43.39,   0.00)
 |    48 Kapton                 6   12.701   1.4300     28.3749      55.4761      0.005    43.40    0.028708    0.016749  (   0.00,  43.40,   0.00)
 |    49 Air                    7   14.784   0.0012  30528.7508   71299.2615      0.006    43.40    0.028708    0.016749  (   0.00,  43.40,   0.00)
 |    50 Copper                29   63.546   8.9600      1.4356      15.5142      0.001    43.40    0.029079    0.016783  (   0.00,  43.40,   0.00)
 |    51 Air                    7   14.784   0.0012  30528.7508   71299.2615      0.004    43.41    0.029079    0.016783  (   0.00,  43.41,   0.00)
 |    52 Air                    7   14.784   0.0012  30528.7508   71299.2615      4.591    48.00    0.029230    0.016848  (   0.00,  48.00,   0.00)
 |    53 Air                    7   14.784   0.0012  30528.7508   71299.2615      8.100    56.10    0.029495    0.016961  (   0.00,  56.10,   0.00)
 |    54 CarbonFiber            6   11.968   1.5000     28.0746      51.0096      0.050    56.15    0.031276    0.017941  (   0.00,  56.15,   0.00)
 |    55 Rohacell31_15percent   6   12.079   0.0048   8616.2607   15495.4602      0.807    56.96    0.031370    0.017993  (   0.00,  56.96,   0.00)
 |    56 CarbonFiber            6   11.968   1.5000     28.0746      51.0096      0.050    57.01    0.033151    0.018974  (   0.00,  57.01,   0.00)
 |    57 Air                    7   14.784   0.0012  30528.7508   71299.2615      1.182    58.19    0.033189    0.018990  (   0.00,  58.19,   0.00)
 |    58 PEEK                   6   12.213   1.3700     30.3288      56.3795      0.020    58.21    0.033861    0.019351  (   0.00,  58.21,   0.00)
 |    59 CarbonFiber_50D        6   11.968   0.7500     56.1492     102.0193      0.016    58.23    0.034151    0.019511  (   0.00,  58.23,   0.00)
 |    60 Rohacell31_50D         6   12.079   0.0160   2584.8782    4648.6381      0.183    58.41    0.034222    0.019550  (   0.00,  58.41,   0.00)
 |    61 Epoxy                  6   11.888   1.3000     31.5900      54.2275      0.018    58.43    0.034786    0.019879  (   0.00,  58.43,   0.00)
 |    62 CarbonFiber_50D        6   11.968   0.7500     56.1492     102.0193      0.016    58.44    0.035076    0.020039  (   0.00,  58.44,   0.00)
 |    63 Silicon               14   28.085   2.3300      9.3661      45.7533      0.031    58.47    0.038336    0.020706  (   0.00,  58.47,   0.00)
 |    64 Silicon               14   28.085   2.3300      9.3661      45.7533      0.000    58.47    0.038388    0.020717  (   0.00,  58.47,   0.00)
 |    65 Air                    7   14.784   0.0012  30528.7508   71299.2615      0.004    58.48    0.038388    0.020717  (   0.00,  58.48,   0.00)
 |    66 Kapton                 6   12.701   1.4300     28.3749      55.4761      0.007    58.49    0.038618    0.020834  (   0.00,  58.49,   0.00)
 |    67 Air                    7   14.784   0.0012  30528.7508   71299.2615      0.005    58.49    0.038618    0.020834  (   0.00,  58.49,   0.00)
 |    68 Copper                29   63.546   8.9600      1.4356      15.5142      0.001    58.49    0.039079    0.020877  (   0.00,  58.49,   0.00)
 |    69 Air                    7   14.784   0.0012  30528.7508   71299.2615      0.004    58.49    0.039079    0.020877  (   0.00,  58.49,   0.00)
 |    70 Air                    7   14.784   0.0012  30528.7508   71299.2615      4.505    63.00    0.039227    0.020940  (   0.00,  63.00,   0.00)
 |    71 Air                    7   14.784   0.0012  30528.7508   71299.2615      2.222    65.22    0.039300    0.020971  (   0.00,  65.22,   0.00)
 |    72 Kapton                 6   12.701   1.4300     28.3749      55.4761      0.030    65.25    0.040357    0.021512  (   0.00,  65.25,   0.00)
 |    73 Polystyrene            6   11.077   1.0320     42.5383      70.1339      0.300    65.55    0.047409    0.025790  (   0.00,  65.55,   0.00)
 |    74 Lead                  82  207.200  11.3500      0.5612      18.2592      0.300    65.85    0.581971    0.042220  (   0.00,  65.85,   0.00)
 |    75 Polystyrene            6   11.077   1.0320     42.5383      70.1339      0.500    66.35    0.593725    0.049349  (   0.00,  66.35,   0.00)
 |    76 Air                    7   14.784   0.0012  30528.7508   71299.2615      0.150    66.50    0.593730    0.049351  (   0.00,  66.50,   0.00)
 |    77 Lead                  82  207.200  11.3500      0.5612      18.2592      0.300    66.80    1.128292    0.065781  (   0.00,  66.80,   0.00)
 |    78 Polystyrene            6   11.077   1.0320     42.5383      70.1339      0.500    67.30    1.140046    0.072910  (   0.00,  67.30,   0.00)
 |    79 Air                    7   14.784   0.0012  30528.7508   71299.2615      0.150    67.45    1.140051    0.072912  (   0.00,  67.45,   0.00)
 |    80 Lead                  82  207.200  11.3500      0.5612      18.2592      0.300    67.75    1.674613    0.089343  (   0.00,  67.75,   0.00)
 |    81 Polystyrene            6   11.077   1.0320     42.5383      70.1339      0.500    68.25    1.686367    0.096472  (   0.00,  68.25,   0.00)
 |    82 Air                    7   14.784   0.0012  30528.7508   71299.2615      0.150    68.40    1.686372    0.096474  (   0.00,  68.40,   0.00)
 |    83 Lead                  82  207.200  11.3500      0.5612      18.2592      0.300    68.70    2.220934    0.112904  (   0.00,  68.70,   0.00)
 |    84 Polystyrene            6   11.077   1.0320     42.5383      70.1339      0.500    69.20    2.232688    0.120033  (   0.00,  69.20,   0.00)
 |    85 Air                    7   14.784   0.0012  30528.7508   71299.2615      0.150    69.35    2.232693    0.120035  (   0.00,  69.35,   0.00)
 |    86 Lead                  82  207.200  11.3500      0.5612      18.2592      0.300    69.65    2.767255    0.136465  (   0.00,  69.65,   0.00)
 |    87 Polystyrene            6   11.077   1.0320     42.5383      70.1339      0.500    70.15    2.779009    0.143595  (   0.00,  70.15,   0.00)
 |    88 Air                    7   14.784   0.0012  30528.7508   71299.2615      0.150    70.30    2.779014    0.143597  (   0.00,  70.30,   0.00)
 |    89 Lead                  82  207.200  11.3500      0.5612      18.2592      0.300    70.60    3.313576    0.160027  (   0.00,  70.60,   0.00)
 |    90 Polystyrene            6   11.077   1.0320     42.5383      70.1339      0.500    71.10    3.325330    0.167156  (   0.00,  71.10,   0.00)
 |    91 Air                    7   14.784   0.0012  30528.7508   71299.2615      0.150    71.25    3.325335    0.167158  (   0.00,  71.25,   0.00)
 |    92 Lead                  82  207.200  11.3500      0.5612      18.2592      0.400    71.65    4.038084    0.189065  (   0.00,  71.65,   0.00)
 |    93 Polystyrene            6   11.077   1.0320     42.5383      70.1339      0.500    72.15    4.049838    0.196194  (   0.00,  72.15,   0.00)
 |    94 Air                    7   14.784   0.0012  30528.7508   71299.2615      0.150    72.30    4.049843    0.196196  (   0.00,  72.30,   0.00)
 |    95 Lead                  82  207.200  11.3500      0.5612      18.2592      0.400    72.70    4.762592    0.218103  (   0.00,  72.70,   0.00)
 |    96 Polystyrene            6   11.077   1.0320     42.5383      70.1339      0.500    73.20    4.774346    0.225232  (   0.00,  73.20,   0.00)
 |    97 Air                    7   14.784   0.0012  30528.7508   71299.2615      0.150    73.35    4.774351    0.225234  (   0.00,  73.35,   0.00)
 |    98 Lead                  82  207.200  11.3500      0.5612      18.2592      0.400    73.75    5.487101    0.247141  (   0.00,  73.75,   0.00)
 |    99 Polystyrene            6   11.077   1.0320     42.5383      70.1339      0.500    74.25    5.498855    0.254270  (   0.00,  74.25,   0.00)
 |   100 Air                    7   14.784   0.0012  30528.7508   71299.2615      0.150    74.40    5.498860    0.254272  (   0.00,  74.40,   0.00)
 |   101 Lead                  82  207.200  11.3500      0.5612      18.2592      0.400    74.80    6.211609    0.276179  (   0.00,  74.80,   0.00)
 |   102 Polystyrene            6   11.077   1.0320     42.5383      70.1339      0.500    75.30    6.223363    0.283308  (   0.00,  75.30,   0.00)
 |   103 Air                    7   14.784   0.0012  30528.7508   71299.2615      0.150    75.45    6.223368    0.283310  (   0.00,  75.45,   0.00)
 |   104 Lead                  82  207.200  11.3500      0.5612      18.2592      0.400    75.85    6.936117    0.305217  (   0.00,  75.85,   0.00)
 |   105 Polystyrene            6   11.077   1.0320     42.5383      70.1339      0.500    76.35    6.947871    0.312346  (   0.00,  76.35,   0.00)
 |   106 Air                    7   14.784   0.0012  30528.7508   71299.2615      0.150    76.50    6.947876    0.312348  (   0.00,  76.50,   0.00)
 |   107 Lead                  82  207.200  11.3500      0.5612      18.2592      0.400    76.90    7.660625    0.334255  (   0.00,  76.90,   0.00)
 |   108 Polystyrene            6   11.077   1.0320     42.5383      70.1339      0.500    77.40    7.672379    0.341384  (   0.00,  77.40,   0.00)
 |   109 Air                    7   14.784   0.0012  30528.7508   71299.2615      0.150    77.55    7.672384    0.341387  (   0.00,  77.55,   0.00)
 |   110 Lead                  82  207.200  11.3500      0.5612      18.2592      0.400    77.95    8.385134    0.363293  (   0.00,  77.95,   0.00)
 |   111 Polystyrene            6   11.077   1.0320     42.5383      70.1339      0.500    78.45    8.396888    0.370423  (   0.00,  78.45,   0.00)
 |   112 Air                    7   14.784   0.0012  30528.7508   71299.2615      0.150    78.60    8.396893    0.370425  (   0.00,  78.60,   0.00)
 |   113 Lead                  82  207.200  11.3500      0.5612      18.2592      0.400    79.00    9.109642    0.392331  (   0.00,  79.00,   0.00)
 |   114 Polystyrene            6   11.077   1.0320     42.5383      70.1339      0.500    79.50    9.121396    0.399461  (   0.00,  79.50,   0.00)
 |   115 Air                    7   14.784   0.0012  30528.7508   71299.2615      0.150    79.65    9.121401    0.399463  (   0.00,  79.65,   0.00)
 |   116 Lead                  82  207.200  11.3500      0.5612      18.2592      0.400    80.05    9.834150    0.421370  (   0.00,  80.05,   0.00)
 |   117 Polystyrene            6   11.077   1.0320     42.5383      70.1339      0.500    80.55    9.845904    0.428499  (   0.00,  80.55,   0.00)
 |   118 Air                    7   14.784   0.0012  30528.7508   71299.2615      0.150    80.70    9.845909    0.428501  (   0.00,  80.70,   0.00)
 |   119 Lead                  82  207.200  11.3500      0.5612      18.2592      0.400    81.10   10.558658    0.450408  (   0.00,  81.10,   0.00)
 |   120 Polystyrene            6   11.077   1.0320     42.5383      70.1339      0.500    81.60   10.570412    0.457537  (   0.00,  81.60,   0.00)
 |   121 Air                    7   14.784   0.0012  30528.7508   71299.2615      0.150    81.75   10.570417    0.457539  (   0.00,  81.75,   0.00)
 |   122 Lead                  82  207.200  11.3500      0.5612      18.2592      0.600    82.35   11.639541    0.490399  (   0.00,  82.35,   0.00)
 |   123 Polystyrene            6   11.077   1.0320     42.5383      70.1339      0.500    82.85   11.651295    0.497528  (   0.00,  82.85,   0.00)
 |   124 Air                    7   14.784   0.0012  30528.7508   71299.2615      0.150    83.00   11.651300    0.497530  (   0.00,  83.00,   0.00)
 |   125 Lead                  82  207.200  11.3500      0.5612      18.2592      0.600    83.60   12.720424    0.530391  (   0.00,  83.60,   0.00)
 |   126 Polystyrene            6   11.077   1.0320     42.5383      70.1339      0.500    84.10   12.732178    0.537520  (   0.00,  84.10,   0.00)
 |   127 Air                    7   14.784   0.0012  30528.7508   71299.2615      0.150    84.25   12.732183    0.537522  (   0.00,  84.25,   0.00)
 |   128 Lead                  82  207.200  11.3500      0.5612      18.2592      0.600    84.85   13.801307    0.570382  (   0.00,  84.85,   0.00)
 |   129 Polystyrene            6   11.077   1.0320     42.5383      70.1339      0.500    85.35   13.813061    0.577511  (   0.00,  85.35,   0.00)
 |   130 Air                    7   14.784   0.0012  30528.7508   71299.2615      0.150    85.50   13.813066    0.577513  (   0.00,  85.50,   0.00)
 |   131 Lead                  82  207.200  11.3500      0.5612      18.2592      0.600    86.10   14.882189    0.610374  (   0.00,  86.10,   0.00)
 |   132 Polystyrene            6   11.077   1.0320     42.5383      70.1339      0.500    86.60   14.893944    0.617503  (   0.00,  86.60,   0.00)
 |   133 Air                    7   14.784   0.0012  30528.7508   71299.2615      0.150    86.75   14.893949    0.617505  (   0.00,  86.75,   0.00)
 |   134 Lead                  82  207.200  11.3500      0.5612      18.2592      0.600    87.35   15.963072    0.650365  (   0.00,  87.35,   0.00)
 |   135 Polystyrene            6   11.077   1.0320     42.5383      70.1339      0.500    87.85   15.974826    0.657494  (   0.00,  87.85,   0.00)
 |   136 Air                    7   14.784   0.0012  30528.7508   71299.2615      0.150    88.00   15.974831    0.657496  (   0.00,  88.00,   0.00)
 |   137 Lead                  82  207.200  11.3500      0.5612      18.2592      0.600    88.60   17.043955    0.690356  (   0.00,  88.60,   0.00)
 |   138 Polystyrene            6   11.077   1.0320     42.5383      70.1339      0.500    89.10   17.055709    0.697486  (   0.00,  89.10,   0.00)
 |   139 Air                    7   14.784   0.0012  30528.7508   71299.2615      0.150    89.25   17.055714    0.697488  (   0.00,  89.25,   0.00)
 |   140 Lead                  82  207.200  11.3500      0.5612      18.2592      0.600    89.85   18.124838    0.730348  (   0.00,  89.85,   0.00)
 |   141 Polystyrene            6   11.077   1.0320     42.5383      70.1339      0.500    90.35   18.136592    0.737477  (   0.00,  90.35,   0.00)
 |   142 Air                    7   14.784   0.0012  30528.7508   71299.2615      0.150    90.50   18.136597    0.737479  (   0.00,  90.50,   0.00)
 |   143 Lead                  82  207.200  11.3500      0.5612      18.2592      0.600    91.10   19.205721    0.770339  (   0.00,  91.10,   0.00)
 |   144 Polystyrene            6   11.077   1.0320     42.5383      70.1339      0.500    91.60   19.217475    0.777469  (   0.00,  91.60,   0.00)
 |   145 Air                    7   14.784   0.0012  30528.7508   71299.2615      0.150    91.75   19.217480    0.777471  (   0.00,  91.75,   0.00)
 |   146 Lead                  82  207.200  11.3500      0.5612      18.2592      0.600    92.35   20.286604    0.810331  (   0.00,  92.35,   0.00)
 |   147 Polystyrene            6   11.077   1.0320     42.5383      70.1339      0.500    92.85   20.298358    0.817460  (   0.00,  92.85,   0.00)
 |   148 Air                    7   14.784   0.0012  30528.7508   71299.2615      0.150    93.00   20.298363    0.817462  (   0.00,  93.00,   0.00)
 |   149 Lead                  82  207.200  11.3500      0.5612      18.2592      0.600    93.60   21.367486    0.850322  (   0.00,  93.60,   0.00)
 |   150 Polystyrene            6   11.077   1.0320     42.5383      70.1339      0.500    94.10   21.379241    0.857452  (   0.00,  94.10,   0.00)
 |   151 Air                    7   14.784   0.0012  30528.7508   71299.2615      0.150    94.25   21.379245    0.857454  (   0.00,  94.25,   0.00)
 |   152 Lead                  82  207.200  11.3500      0.5612      18.2592      0.600    94.85   22.448369    0.890314  (   0.00,  94.85,   0.00)
 |   153 Polystyrene            6   11.077   1.0320     42.5383      70.1339      0.500    95.35   22.460123    0.897443  (   0.00,  95.35,   0.00)
 |   154 Air                    7   14.784   0.0012  30528.7508   71299.2615      0.150    95.50   22.460128    0.897445  (   0.00,  95.50,   0.00)
 |   155 Lead                  82  207.200  11.3500      0.5612      18.2592      0.600    96.10   23.529252    0.930305  (   0.00,  96.10,   0.00)
 |   156 Polystyrene            6   11.077   1.0320     42.5383      70.1339      0.500    96.60   23.541006    0.937435  (   0.00,  96.60,   0.00)
 |   157 Air                    7   14.784   0.0012  30528.7508   71299.2615      0.150    96.75   23.541011    0.937437  (   0.00,  96.75,   0.00)
 |   158 Lead                  82  207.200  11.3500      0.5612      18.2592      0.600    97.35   24.610135    0.970297  (   0.00,  97.35,   0.00)
 |   159 Polystyrene            6   11.077   1.0320     42.5383      70.1339      0.500    97.85   24.621889    0.977426  (   0.00,  97.85,   0.00)
 |   160 Air                    7   14.784   0.0012  30528.7508   71299.2615      0.150    98.00   24.621894    0.977428  (   0.00,  98.00,   0.00)
 |   161 Lead                  82  207.200  11.3500      0.5612      18.2592      0.600    98.60   25.691018    1.010288  (   0.00,  98.60,   0.00)
 |   162 Polystyrene            6   11.077   1.0320     42.5383      70.1339      0.500    99.10   25.702772    1.017418  (   0.00,  99.10,   0.00)
 |   163 Air                    7   14.784   0.0012  30528.7508   71299.2615      0.150    99.25   25.702777    1.017420  (   0.00,  99.25,   0.00)
 |   164 Lead                  82  207.200  11.3500      0.5612      18.2592      0.600    99.85   26.771901    1.050280  (   0.00,  99.85,   0.00)
 |   165 Polystyrene            6   11.077   1.0320     42.5383      70.1339      0.500   100.35   26.783655    1.057409  (   0.00, 100.35,   0.00)
 |   166 Air                    7   14.784   0.0012  30528.7508   71299.2615      0.150   100.50   26.783660    1.057411  (   0.00, 100.50,   0.00)
 |   167 Lead                  82  207.200  11.3500      0.5612      18.2592      0.600   101.10   27.852783    1.090271  (   0.00, 101.10,   0.00)
 |   168 Polystyrene            6   11.077   1.0320     42.5383      70.1339      0.500   101.60   27.864538    1.097400  (   0.00, 101.60,   0.00)
 |   169 Air                    7   14.784   0.0012  30528.7508   71299.2615      0.150   101.75   27.864542    1.097403  (   0.00, 101.75,   0.00)
 |   170 Lead                  82  207.200  11.3500      0.5612      18.2592      0.600   102.35   28.933666    1.130263  (   0.00, 102.35,   0.00)
 |   171 Polystyrene            6   11.077   1.0320     42.5383      70.1339      0.500   102.85   28.945420    1.137392  (   0.00, 102.85,   0.00)
 |   172 Air                    7   14.784   0.0012  30528.7508   71299.2615      0.150   103.00   28.945425    1.137394  (   0.00, 103.00,   0.00)
 |   173 Lead                  82  207.200  11.3500      0.5612      18.2592      0.600   103.60   30.014549    1.170254  (   0.00, 103.60,   0.00)
 |   174 Polystyrene            6   11.077   1.0320     42.5383      70.1339      0.500   104.10   30.026303    1.177383  (   0.00, 104.10,   0.00)
 |   175 Air                    7   14.784   0.0012  30528.7508   71299.2615      0.150   104.25   30.026308    1.177386  (   0.00, 104.25,   0.00)
 |   176 Lead                  82  207.200  11.3500      0.5612      18.2592      0.600   104.85   31.095432    1.210246  (   0.00, 104.85,   0.00)
 |   177 Polystyrene            6   11.077   1.0320     42.5383      70.1339      0.500   105.35   31.107186    1.217375  (   0.00, 105.35,   0.00)
 |   178 Air                    7   14.784   0.0012  30528.7508   71299.2615      0.150   105.50   31.107191    1.217377  (   0.00, 105.50,   0.00)
 |   179 Air                    7   14.784   0.0012  30528.7508   71299.2615     16.467   121.97   31.107730    1.217608  (   0.00, 121.97,   0.00)
 |   180 Aluminum              13   26.982   2.6990      8.8963      38.8767      3.000   124.97   31.444948    1.294775  (   0.00, 124.97,   0.00)
 |   181 Vacuum                 7   14.784   0.0000 3.66345e+11  8.55591e+11      1.500   126.47   31.444948    1.294775  (   0.00, 126.47,   0.00)
 |   182 Aluminum              13   26.982   2.6990      8.8963      38.8767      3.000   129.47   31.782166    1.371942  (   0.00, 129.47,   0.00)
 |   183 Air                    7   14.784   0.0012  30528.7508   71299.2615      2.000   131.47   31.782231    1.371970  (   0.00, 131.47,   0.00)
 |   184 Aluminum              13   26.982   2.6990      8.8963      38.8767      6.000   137.47   32.456667    1.526304  (   0.00, 137.47,   0.00)
 |   185 Aluminum              13   26.982   2.6990      8.8963      38.8767      5.000   142.47   33.018696    1.654916  (   0.00, 142.47,   0.00)
 |   186 Air                    7   14.784   0.0012  30528.7508   71299.2615      6.500   148.97   33.018909    1.655007  (   0.00, 148.97,   0.00)
 |   187 Aluminum              13   26.982   2.6990      8.8963      38.8767      1.500   150.47   33.187518    1.693591  (   0.00, 150.47,   0.00)
 |   188 Aluminum              13   26.982   2.6990      8.8963      38.8767      3.000   153.47   33.524736    1.770758  (   0.00, 153.47,   0.00)
 |   189 Vacuum                 7   14.784   0.0000 3.66345e+11  8.55591e+11      3.000   156.47   33.524736    1.770758  (   0.00, 156.47,   0.00)
 |   190 Aluminum              13   26.982   2.6990      8.8963      38.8767      4.000   160.47   33.974359    1.873647  (   0.00, 160.47,   0.00)
 |   191 Air                    7   14.784   0.0012  30528.7508   71299.2615      0.500   160.97   33.974376    1.873654  (   0.00, 160.97,   0.00)
 |   192 Steel235              26   55.757   7.8500      1.7652      16.9882     10.000   170.97   39.639297    2.462299  (   0.00, 170.97,   0.00)
 |   193 Polystyrene            6   11.077   1.0320     42.5383      70.1339      0.500   171.47   39.651051    2.469428  (   0.00, 171.47,   0.00)
 |   194 Air                    7   14.784   0.0012  30528.7508   71299.2615      0.150   171.62   39.651056    2.469430  (   0.00, 171.62,   0.00)
 |   195 Steel235              26   55.757   7.8500      1.7652      16.9882     10.000   181.62   45.315978    3.058075  (   0.00, 181.62,   0.00)
 |   196 Polystyrene            6   11.077   1.0320     42.5383      70.1339      0.500   182.12   45.327732    3.065204  (   0.00, 182.12,   0.00)
 |   197 Air                    7   14.784   0.0012  30528.7508   71299.2615      0.150   182.27   45.327737    3.065206  (   0.00, 182.27,   0.00)
 |   198 Steel235              26   55.757   7.8500      1.7652      16.9882     10.000   192.27   50.992659    3.653851  (   0.00, 192.27,   0.00)
 |   199 Polystyrene            6   11.077   1.0320     42.5383      70.1339      0.500   192.77   51.004413    3.660980  (   0.00, 192.77,   0.00)
 |   200 Air                    7   14.784   0.0012  30528.7508   71299.2615      0.150   192.92   51.004418    3.660982  (   0.00, 192.92,   0.00)
 |   201 Steel235              26   55.757   7.8500      1.7652      16.9882     12.500   205.42   58.085570    4.396788  (   0.00, 205.42,   0.00)
 |   202 Polystyrene            6   11.077   1.0320     42.5383      70.1339      0.500   205.92   58.097324    4.403917  (   0.00, 205.92,   0.00)
 |   203 Air                    7   14.784   0.0012  30528.7508   71299.2615      0.150   206.07   58.097329    4.403919  (   0.00, 206.07,   0.00)
 |   204 Steel235              26   55.757   7.8500      1.7652      16.9882     12.500   218.57   65.178481    5.139725  (   0.00, 218.57,   0.00)
 |   205 Polystyrene            6   11.077   1.0320     42.5383      70.1339      0.500   219.07   65.190235    5.146854  (   0.00, 219.07,   0.00)
 |   206 Air                    7   14.784   0.0012  30528.7508   71299.2615      0.150   219.22   65.190240    5.146856  (   0.00, 219.22,   0.00)
 |   207 Steel235              26   55.757   7.8500      1.7652      16.9882     12.500   231.72   72.271392    5.882662  (   0.00, 231.72,   0.00)
 |   208 Polystyrene            6   11.077   1.0320     42.5383      70.1339      0.500   232.22   72.283147    5.889792  (   0.00, 232.22,   0.00)
 |   209 Air                    7   14.784   0.0012  30528.7508   71299.2615      0.150   232.37   72.283151    5.889794  (   0.00, 232.37,   0.00)
 |   210 Steel235              26   55.757   7.8500      1.7652      16.9882     15.000   247.37   80.780534    6.772761  (   0.00, 247.37,   0.00)
 |   211 Polystyrene            6   11.077   1.0320     42.5383      70.1339      0.500   247.87   80.792288    6.779890  (   0.00, 247.87,   0.00)
 |   212 Air                    7   14.784   0.0012  30528.7508   71299.2615      0.150   248.02   80.792293    6.779892  (   0.00, 248.02,   0.00)
 |   213 Steel235              26   55.757   7.8500      1.7652      16.9882     15.000   263.02   89.289676    7.662859  (   0.00, 263.02,   0.00)
 |   214 Polystyrene            6   11.077   1.0320     42.5383      70.1339      0.500   263.52   89.301430    7.669988  (   0.00, 263.52,   0.00)
 |   215 Air                    7   14.784   0.0012  30528.7508   71299.2615      0.150   263.67   89.301435    7.669990  (   0.00, 263.67,   0.00)
 |   216 Steel235              26   55.757   7.8500      1.7652      16.9882     15.000   278.67   97.798817    8.552957  (   0.00, 278.67,   0.00)
 |   217 Polystyrene            6   11.077   1.0320     42.5383      70.1339      0.500   279.17   97.810571    8.560087  (   0.00, 279.17,   0.00)
 |   218 Air                    7   14.784   0.0012  30528.7508   71299.2615      0.150   279.32   97.810576    8.560089  (   0.00, 279.32,   0.00)
 |   219 Steel235              26   55.757   7.8500      1.7652      16.9882     15.000   294.32  106.307959    9.443056  (   0.00, 294.32,   0.00)
 |   220 Polystyrene            6   11.077   1.0320     42.5383      70.1339      0.500   294.82  106.319713    9.450185  (   0.00, 294.82,   0.00)
 |   221 Air                    7   14.784   0.0012  30528.7508   71299.2615      0.150   294.97  106.319718    9.450187  (   0.00, 294.97,   0.00)
 |   222 Steel235              26   55.757   7.8500      1.7652      16.9882     15.000   309.97  114.817101   10.333154  (   0.00, 309.97,   0.00)
 |   223 Polystyrene            6   11.077   1.0320     42.5383      70.1339      0.500   310.47  114.828855   10.340283  (   0.00, 310.47,   0.00)
 |   224 Air                    7   14.784   0.0012  30528.7508   71299.2615      0.150   310.62  114.828860   10.340285  (   0.00, 310.62,   0.00)
 |   225 Air                    7   14.784   0.0012  30528.7508   71299.2615     24.372   334.99  114.829658   10.340627  (   0.00, 334.99,   0.00)
 |   226 Aluminum              13   26.982   2.6990      8.8963      38.8767      0.100   335.09  114.840899   10.343199  (   0.00, 335.09,   0.00)
 |   227 Air                    7   14.784   0.0012  30528.7508   71299.2615      0.350   335.44  114.840910   10.343204  (   0.00, 335.44,   0.00)
 |   228 PyrexGlass            10   20.495   2.2300     12.6748      42.3068      0.200   335.64  114.856689   10.347932  (   0.00, 335.64,   0.00)
 |   229 RPCGasDefault          8   16.809   0.0037   9559.7023   23347.6182      0.200   335.84  114.856710   10.347940  (   0.00, 335.84,   0.00)
 |   230 PyrexGlass            10   20.495   2.2300     12.6748      42.3068      0.200   336.04  114.872490   10.352668  (   0.00, 336.04,   0.00)
 |   231 Air                    7   14.784   0.0012  30528.7508   71299.2615      0.350   336.39  114.872501   10.352672  (   0.00, 336.39,   0.00)
 |   232 Aluminum              13   26.982   2.6990      8.8963      38.8767      0.100   336.49  114.883742   10.355245  (   0.00, 336.49,   0.00)
 |   233 Aluminum              13   26.982   2.6990      8.8963      38.8767      0.100   336.59  114.894982   10.357817  (   0.00, 336.59,   0.00)
 |   234 Air                    7   14.784   0.0012  30528.7508   71299.2615      0.350   336.94  114.894994   10.357822  (   0.00, 336.94,   0.00)
 |   235 PyrexGlass            10   20.495   2.2300     12.6748      42.3068      0.200   337.14  114.910773   10.362549  (   0.00, 337.14,   0.00)
 |   236 RPCGasDefault          8   16.809   0.0037   9559.7023   23347.6182      0.200   337.34  114.910794   10.362558  (   0.00, 337.34,   0.00)
 |   237 PyrexGlass            10   20.495   2.2300     12.6748      42.3068      0.200   337.54  114.926573   10.367285  (   0.00, 337.54,   0.00)
 |   238 Air                    7   14.784   0.0012  30528.7508   71299.2615      0.350   337.89  114.926585   10.367290  (   0.00, 337.89,   0.00)
 |   239 Aluminum              13   26.982   2.6990      8.8963      38.8767      0.100   337.99  114.937825   10.369862  (   0.00, 337.99,   0.00)
 |   240 Air                    7   14.784   0.0012  30528.7508   71299.2615      1.000   338.99  114.937858   10.369876  (   0.00, 338.99,   0.00)
 |   241 Iron                  26   55.845   7.8740      1.7575      16.9589      5.000   343.99  117.782825   10.664706  (   0.00, 343.99,   0.00)
 |   242 Aluminum              13   26.982   2.6990      8.8963      38.8767      0.100   344.09  117.794065   10.667279  (   0.00, 344.09,   0.00)
 |   243 Air                    7   14.784   0.0012  30528.7508   71299.2615      0.350   344.44  117.794077   10.667284  (   0.00, 344.44,   0.00)
 |   244 PyrexGlass            10   20.495   2.2300     12.6748      42.3068      0.200   344.64  117.809856   10.672011  (   0.00, 344.64,   0.00)
 |   245 RPCGasDefault          8   16.809   0.0037   9559.7023   23347.6182      0.200   344.84  117.809877   10.672019  (   0.00, 344.84,   0.00)
 |   246 PyrexGlass            10   20.495   2.2300     12.6748      42.3068      0.200   345.04  117.825656   10.676747  (   0.00, 345.04,   0.00)
 |   247 Air                    7   14.784   0.0012  30528.7508   71299.2615      0.350   345.39  117.825668   10.676752  (   0.00, 345.39,   0.00)
 |   248 Aluminum              13   26.982   2.6990      8.8963      38.8767      0.100   345.49  117.836908   10.679324  (   0.00, 345.49,   0.00)
 |   249 Aluminum              13   26.982   2.6990      8.8963      38.8767      0.100   345.59  117.848149   10.681896  (   0.00, 345.59,   0.00)
 |   250 Air                    7   14.784   0.0012  30528.7508   71299.2615      0.350   345.94  117.848160   10.681901  (   0.00, 345.94,   0.00)
 |   251 PyrexGlass            10   20.495   2.2300     12.6748      42.3068      0.200   346.14  117.863940   10.686628  (   0.00, 346.14,   0.00)
 |   252 RPCGasDefault          8   16.809   0.0037   9559.7023   23347.6182      0.200   346.34  117.863961   10.686637  (   0.00, 346.34,   0.00)
 |   253 PyrexGlass            10   20.495   2.2300     12.6748      42.3068      0.200   346.54  117.879740   10.691364  (   0.00, 346.54,   0.00)
 |   254 Air                    7   14.784   0.0012  30528.7508   71299.2615      0.350   346.89  117.879752   10.691369  (   0.00, 346.89,   0.00)
 |   255 Aluminum              13   26.982   2.6990      8.8963      38.8767      0.100   346.99  117.890992   10.693942  (   0.00, 346.99,   0.00)
 |   256 Air                    7   14.784   0.0012  30528.7508   71299.2615      1.000   347.99  117.891025   10.693956  (   0.00, 347.99,   0.00)
 |   257 Iron                  26   55.845   7.8740      1.7575      16.9589     20.000   367.99  129.270890   11.873276  (   0.00, 367.99,   0.00)
 |   258 Aluminum              13   26.982   2.6990      8.8963      38.8767      0.100   368.09  129.282131   11.875848  (   0.00, 368.09,   0.00)
 |   259 Air                    7   14.784   0.0012  30528.7508   71299.2615      0.350   368.44  129.282143   11.875853  (   0.00, 368.44,   0.00)
 |   260 PyrexGlass            10   20.495   2.2300     12.6748      42.3068      0.200   368.64  129.297922   11.880580  (   0.00, 368.64,   0.00)
 |   261 RPCGasDefault          8   16.809   0.0037   9559.7023   23347.6182      0.200   368.84  129.297943   11.880589  (   0.00, 368.84,   0.00)
 |   262 PyrexGlass            10   20.495   2.2300     12.6748      42.3068      0.200   369.04  129.313722   11.885316  (   0.00, 369.04,   0.00)
 |   263 Air                    7   14.784   0.0012  30528.7508   71299.2615      0.350   369.39  129.313734   11.885321  (   0.00, 369.39,   0.00)
 |   264 Aluminum              13   26.982   2.6990      8.8963      38.8767      0.100   369.49  129.324974   11.887893  (   0.00, 369.49,   0.00)
 |   265 Aluminum              13   26.982   2.6990      8.8963      38.8767      0.100   369.59  129.336215   11.890466  (   0.00, 369.59,   0.00)
 |   266 Air                    7   14.784   0.0012  30528.7508   71299.2615      0.350   369.94  129.336226   11.890471  (   0.00, 369.94,   0.00)
 |   267 PyrexGlass            10   20.495   2.2300     12.6748      42.3068      0.200   370.14  129.352006   11.895198  (   0.00, 370.14,   0.00)
 |   268 RPCGasDefault          8   16.809   0.0037   9559.7023   23347.6182      0.200   370.34  129.352027   11.895206  (   0.00, 370.34,   0.00)
 |   269 PyrexGlass            10   20.495   2.2300     12.6748      42.3068      0.200   370.54  129.367806   11.899934  (   0.00, 370.54,   0.00)
 |   270 Air                    7   14.784   0.0012  30528.7508   71299.2615      0.350   370.89  129.367817   11.899939  (   0.00, 370.89,   0.00)
 |   271 Aluminum              13   26.982   2.6990      8.8963      38.8767      0.100   370.99  129.379058   11.902511  (   0.00, 370.99,   0.00)
 |   272 Air                    7   14.784   0.0012  30528.7508   71299.2615      1.000   371.99  129.379091   11.902525  (   0.00, 371.99,   0.00)
 |   273 Iron                  26   55.845   7.8740      1.7575      16.9589     10.000   381.99  135.069024   12.492185  (   0.00, 381.99,   0.00)
 |   274 Aluminum              13   26.982   2.6990      8.8963      38.8767      0.100   382.09  135.080264   12.494757  (   0.00, 382.09,   0.00)
 |   275 Air                    7   14.784   0.0012  30528.7508   71299.2615      0.350   382.44  135.080276   12.494762  (   0.00, 382.44,   0.00)
 |   276 PyrexGlass            10   20.495   2.2300     12.6748      42.3068      0.200   382.64  135.096055   12.499490  (   0.00, 382.64,   0.00)
 |   277 RPCGasDefault          8   16.809   0.0037   9559.7023   23347.6182      0.200   382.84  135.096076   12.499498  (   0.00, 382.84,   0.00)
 |   278 PyrexGlass            10   20.495   2.2300     12.6748      42.3068      0.200   383.04  135.111855   12.504226  (   0.00, 383.04,   0.00)
 |   279 Air                    7   14.784   0.0012  30528.7508   71299.2615      0.350   383.39  135.111867   12.504231  (   0.00, 383.39,   0.00)
 |   280 Aluminum              13   26.982   2.6990      8.8963      38.8767      0.100   383.49  135.123107   12.506803  (   0.00, 383.49,   0.00)
 |   281 Aluminum              13   26.982   2.6990      8.8963      38.8767      0.100   383.59  135.134348   12.509375  (   0.00, 383.59,   0.00)
 |   282 Air                    7   14.784   0.0012  30528.7508   71299.2615      0.350   383.94  135.134359   12.509380  (   0.00, 383.94,   0.00)
 |   283 PyrexGlass            10   20.495   2.2300     12.6748      42.3068      0.200   384.14  135.150139   12.514107  (   0.00, 384.14,   0.00)
 |   284 RPCGasDefault          8   16.809   0.0037   9559.7023   23347.6182      0.200   384.34  135.150160   12.514116  (   0.00, 384.34,   0.00)
 |   285 PyrexGlass            10   20.495   2.2300     12.6748      42.3068      0.200   384.54  135.165939   12.518843  (   0.00, 384.54,   0.00)
 |   286 Air                    7   14.784   0.0012  30528.7508   71299.2615      0.350   384.89  135.165951   12.518848  (   0.00, 384.89,   0.00)
 |   287 Aluminum              13   26.982   2.6990      8.8963      38.8767      0.100   384.99  135.177191   12.521420  (   0.00, 384.99,   0.00)
 |   288 Air                    7   14.784   0.0012  30528.7508   71299.2615      1.000   385.99  135.177224   12.521434  (   0.00, 385.99,   0.00)
 |   289 Iron                  26   55.845   7.8740      1.7575      16.9589     10.000   395.99  140.867157   13.111094  (   0.00, 395.99,   0.00)
 |   290 Aluminum              13   26.982   2.6990      8.8963      38.8767      0.100   396.09  140.878397   13.113667  (   0.00, 396.09,   0.00)
 |   291 Air                    7   14.784   0.0012  30528.7508   71299.2615      0.350   396.44  140.878409   13.113672  (   0.00, 396.44,   0.00)
 |   292 PyrexGlass            10   20.495   2.2300     12.6748      42.3068      0.200   396.64  140.894188   13.118399  (   0.00, 396.64,   0.00)
 |   293 RPCGasDefault          8   16.809   0.0037   9559.7023   23347.6182      0.200   396.84  140.894209   13.118408  (   0.00, 396.84,   0.00)
 |   294 PyrexGlass            10   20.495   2.2300     12.6748      42.3068      0.200   397.04  140.909988   13.123135  (   0.00, 397.04,   0.00)
 |   295 Air                    7   14.784   0.0012  30528.7508   71299.2615      0.350   397.39  140.910000   13.123140  (   0.00, 397.39,   0.00)
 |   296 Aluminum              13   26.982   2.6990      8.8963      38.8767      0.100   397.49  140.921240   13.125712  (   0.00, 397.49,   0.00)
 |   297 Aluminum              13   26.982   2.6990      8.8963      38.8767      0.100   397.59  140.932481   13.128284  (   0.00, 397.59,   0.00)
 |   298 Air                    7   14.784   0.0012  30528.7508   71299.2615      0.350   397.94  140.932492   13.128289  (   0.00, 397.94,   0.00)
 |   299 PyrexGlass            10   20.495   2.2300     12.6748      42.3068      0.200   398.14  140.948272   13.133017  (   0.00, 398.14,   0.00)
 |   300 RPCGasDefault          8   16.809   0.0037   9559.7023   23347.6182      0.200   398.34  140.948293   13.133025  (   0.00, 398.34,   0.00)
 |   301 PyrexGlass            10   20.495   2.2300     12.6748      42.3068      0.200   398.54  140.964072   13.137753  (   0.00, 398.54,   0.00)
 |   302 Air                    7   14.784   0.0012  30528.7508   71299.2615      0.350   398.89  140.964084   13.137757  (   0.00, 398.89,   0.00)
 |   303 Aluminum              13   26.982   2.6990      8.8963      38.8767      0.100   398.99  140.975324   13.140330  (   0.00, 398.99,   0.00)
 |   304 Air                    7   14.784   0.0012  30528.7508   71299.2615      1.000   399.99  140.975357   13.140344  (   0.00, 399.99,   0.00)
 |   305 Iron                  26   55.845   7.8740      1.7575      16.9589     10.000   409.99  146.665290   13.730004  (   0.00, 409.99,   0.00)
 |   306 Aluminum              13   26.982   2.6990      8.8963      38.8767      0.100   410.09  146.676530   13.732576  (   0.00, 410.09,   0.00)
 |   307 Air                    7   14.784   0.0012  30528.7508   71299.2615      0.350   410.44  146.676542   13.732581  (   0.00, 410.44,   0.00)
 |   308 PyrexGlass            10   20.495   2.2300     12.6748      42.3068      0.200   410.64  146.692321   13.737308  (   0.00, 410.64,   0.00)
 |   309 RPCGasDefault          8   16.809   0.0037   9559.7023   23347.6182      0.200   410.84  146.692342   13.737317  (   0.00, 410.84,   0.00)
 |   310 PyrexGlass            10   20.495   2.2300     12.6748      42.3068      0.200   411.04  146.708121   13.742044  (   0.00, 411.04,   0.00)
 |   311 Air                    7   14.784   0.0012  30528.7508   71299.2615      0.350   411.39  146.708133   13.742049  (   0.00, 411.39,   0.00)
 |   312 Aluminum              13   26.982   2.6990      8.8963      38.8767      0.100   411.49  146.719373   13.744621  (   0.00, 411.49,   0.00)
 |   313 Aluminum              13   26.982   2.6990      8.8963      38.8767      0.100   411.59  146.730614   13.747194  (   0.00, 411.59,   0.00)
 |   314 Air                    7   14.784   0.0012  30528.7508   71299.2615      0.350   411.94  146.730626   13.747199  (   0.00, 411.94,   0.00)
 |   315 PyrexGlass            10   20.495   2.2300     12.6748      42.3068      0.200   412.14  146.746405   13.751926  (   0.00, 412.14,   0.00)
 |   316 RPCGasDefault          8   16.809   0.0037   9559.7023   23347.6182      0.200   412.34  146.746426   13.751934  (   0.00, 412.34,   0.00)
 |   317 PyrexGlass            10   20.495   2.2300     12.6748      42.3068      0.200   412.54  146.762205   13.756662  (   0.00, 412.54,   0.00)
 |   318 Air                    7   14.784   0.0012  30528.7508   71299.2615      0.350   412.89  146.762217   13.756667  (   0.00, 412.89,   0.00)
 |   319 Aluminum              13   26.982   2.6990      8.8963      38.8767      0.100   412.99  146.773457   13.759239  (   0.00, 412.99,   0.00)
 |   320 Air                    7   14.784   0.0012  30528.7508   71299.2615      1.000   413.99  146.773490   13.759253  (   0.00, 413.99,   0.00)
 |   321 Iron                  26   55.845   7.8740      1.7575      16.9589     10.000   423.99  152.463423   14.348913  (   0.00, 423.99,   0.00)
 |   322 Aluminum              13   26.982   2.6990      8.8963      38.8767      0.100   424.09  152.474663   14.351485  (   0.00, 424.09,   0.00)
 |   323 Air                    7   14.784   0.0012  30528.7508   71299.2615      0.350   424.44  152.474675   14.351490  (   0.00, 424.44,   0.00)
 |   324 PyrexGlass            10   20.495   2.2300     12.6748      42.3068      0.200   424.64  152.490454   14.356218  (   0.00, 424.64,   0.00)
 |   325 RPCGasDefault          8   16.809   0.0037   9559.7023   23347.6182      0.200   424.84  152.490475   14.356226  (   0.00, 424.84,   0.00)
 |   326 PyrexGlass            10   20.495   2.2300     12.6748      42.3068      0.200   425.04  152.506255   14.360954  (   0.00, 425.04,   0.00)
 |   327 Air                    7   14.784   0.0012  30528.7508   71299.2615      0.350   425.39  152.506266   14.360958  (   0.00, 425.39,   0.00)
 |   328 Aluminum              13   26.982   2.6990      8.8963      38.8767      0.100   425.49  152.517507   14.363531  (   0.00, 425.49,   0.00)
 |   329 Aluminum              13   26.982   2.6990      8.8963      38.8767      0.100   425.59  152.528747   14.366103  (   0.00, 425.59,   0.00)
 |   330 Air                    7   14.784   0.0012  30528.7508   71299.2615      0.350   425.94  152.528759   14.366108  (   0.00, 425.94,   0.00)
 |   331 PyrexGlass            10   20.495   2.2300     12.6748      42.3068      0.200   426.14  152.544538   14.370835  (   0.00, 426.14,   0.00)
 |   332 RPCGasDefault          8   16.809   0.0037   9559.7023   23347.6182      0.200   426.34  152.544559   14.370844  (   0.00, 426.34,   0.00)
 |   333 PyrexGlass            10   20.495   2.2300     12.6748      42.3068      0.200   426.54  152.560338   14.375571  (   0.00, 426.54,   0.00)
 |   334 Air                    7   14.784   0.0012  30528.7508   71299.2615      0.350   426.89  152.560350   14.375576  (   0.00, 426.89,   0.00)
 |   335 Aluminum              13   26.982   2.6990      8.8963      38.8767      0.100   426.99  152.571590   14.378148  (   0.00, 426.99,   0.00)
 |   336 Air                    7   14.784   0.0012  30528.7508   71299.2615      1.000   427.99  152.571623   14.378162  (   0.00, 427.99,   0.00)
 |   337 Iron                  26   55.845   7.8740      1.7575      16.9589     10.000   437.99  158.261556   14.967822  (   0.00, 437.99,   0.00)
 |   338 Aluminum              13   26.982   2.6990      8.8963      38.8767      0.100   438.09  158.272796   14.970395  (   0.00, 438.09,   0.00)
 |   339 Air                    7   14.784   0.0012  30528.7508   71299.2615      0.350   438.44  158.272808   14.970400  (   0.00, 438.44,   0.00)
 |   340 PyrexGlass            10   20.495   2.2300     12.6748      42.3068      0.200   438.64  158.288587   14.975127  (   0.00, 438.64,   0.00)
 |   341 RPCGasDefault          8   16.809   0.0037   9559.7023   23347.6182      0.200   438.84  158.288608   14.975136  (   0.00, 438.84,   0.00)
 |   342 PyrexGlass            10   20.495   2.2300     12.6748      42.3068      0.200   439.04  158.304388   14.979863  (   0.00, 439.04,   0.00)
 |   343 Air                    7   14.784   0.0012  30528.7508   71299.2615      0.350   439.39  158.304399   14.979868  (   0.00, 439.39,   0.00)
 |   344 Aluminum              13   26.982   2.6990      8.8963      38.8767      0.100   439.49  158.315640   14.982440  (   0.00, 439.49,   0.00)
 |   345 Aluminum              13   26.982   2.6990      8.8963      38.8767      0.100   439.59  158.326880   14.985012  (   0.00, 439.59,   0.00)
 |   346 Air                    7   14.784   0.0012  30528.7508   71299.2615      0.350   439.94  158.326892   14.985017  (   0.00, 439.94,   0.00)
 |   347 PyrexGlass            10   20.495   2.2300     12.6748      42.3068      0.200   440.14  158.342671   14.989745  (   0.00, 440.14,   0.00)
 |   348 RPCGasDefault          8   16.809   0.0037   9559.7023   23347.6182      0.200   440.34  158.342692   14.989753  (   0.00, 440.34,   0.00)
 |   349 PyrexGlass            10   20.495   2.2300     12.6748      42.3068      0.200   440.54  158.358471   14.994480  (   0.00, 440.54,   0.00)
 |   350 Air                    7   14.784   0.0012  30528.7508   71299.2615      0.350   440.89  158.358483   14.994485  (   0.00, 440.89,   0.00)
 |   351 Aluminum              13   26.982   2.6990      8.8963      38.8767      0.100   440.99  158.369723   14.997058  (   0.00, 440.99,   0.00)
 |   352 Air                    7   14.784   0.0012  30528.7508   71299.2615      1.000   441.99  158.369756   14.997072  (   0.00, 441.99,   0.00)
 |   353 Iron                  26   55.845   7.8740      1.7575      16.9589     10.000   451.99  164.059689   15.586732  (   0.00, 451.99,   0.00)
 |   354 Aluminum              13   26.982   2.6990      8.8963      38.8767      0.100   452.09  164.070930   15.589304  (   0.00, 452.09,   0.00)
 |   355 Air                    7   14.784   0.0012  30528.7508   71299.2615      0.350   452.44  164.070941   15.589309  (   0.00, 452.44,   0.00)
 |   356 PyrexGlass            10   20.495   2.2300     12.6748      42.3068      0.200   452.64  164.086720   15.594036  (   0.00, 452.64,   0.00)
 |   357 RPCGasDefault          8   16.809   0.0037   9559.7023   23347.6182      0.200   452.84  164.086741   15.594045  (   0.00, 452.84,   0.00)
 |   358 PyrexGlass            10   20.495   2.2300     12.6748      42.3068      0.200   453.04  164.102521   15.598772  (   0.00, 453.04,   0.00)
 |   359 Air                    7   14.784   0.0012  30528.7508   71299.2615      0.350   453.39  164.102532   15.598777  (   0.00, 453.39,   0.00)
 |   360 Aluminum              13   26.982   2.6990      8.8963      38.8767      0.100   453.49  164.113773   15.601349  (   0.00, 453.49,   0.00)
 |   361 Aluminum              13   26.982   2.6990      8.8963      38.8767      0.100   453.59  164.125013   15.603922  (   0.00, 453.59,   0.00)
 |   362 Air                    7   14.784   0.0012  30528.7508   71299.2615      0.350   453.94  164.125025   15.603926  (   0.00, 453.94,   0.00)
 |   363 PyrexGlass            10   20.495   2.2300     12.6748      42.3068      0.200   454.14  164.140804   15.608654  (   0.00, 454.14,   0.00)
 |   364 RPCGasDefault          8   16.809   0.0037   9559.7023   23347.6182      0.200   454.34  164.140825   15.608662  (   0.00, 454.34,   0.00)
 |   365 PyrexGlass            10   20.495   2.2300     12.6748      42.3068      0.200   454.54  164.156604   15.613390  (   0.00, 454.54,   0.00)
 |   366 Air                    7   14.784   0.0012  30528.7508   71299.2615      0.350   454.89  164.156616   15.613395  (   0.00, 454.89,   0.00)
 |   367 Aluminum              13   26.982   2.6990      8.8963      38.8767      0.100   454.99  164.167857   15.615967  (   0.00, 454.99,   0.00)
 |   368 Air                    7   14.784   0.0012  30528.7508   71299.2615      1.000   455.99  164.167889   15.615981  (   0.00, 455.99,   0.00)
 |   369 Iron                  26   55.845   7.8740      1.7575      16.9589     20.000   475.99  175.547755   16.795301  (   0.00, 475.99,   0.00)
 |   370 Air                    7   14.784   0.0012  30528.7508   71299.2615    124.008   600.00  175.551817   16.797040  (   0.00, 600.00,   0.00)
 +--------------------------------------------------------------------------------------------------------------------------------------------------
 |     0 Average Material      25   54.045   3.7687      3.4178      35.7206    600.000   600.00  175.551817   16.797040  (   0.00, 600.00,   0.00)
 +--------------------------------------------------------------------------------------------------------------------------------------------------
