materialScan compact_HE-Lhe_dip_sol_ell.xml 0. 170. 0. 0. 170. -800. >| materialScan_compact_HE-Lhe_dip_sol_ell_0_170_0-0_170_-800.txt
BHC-Endcap
VertexBarrelSupports_layer0 2.9 2.9 25.5
VertexBarrelSupports_layer1 17.1 17.1 25.5
 +--------------------------------------------------------------------------------------------------------------------------------------------------
 + Material scan between: x_0 = (   0.00, 170.00,   0.00) [cm] and x_1 = (   0.00, 170.00,-800.00) [cm] : 
 +--------------------------------------------------------------------------------------------------------------------------------------------------
 |     \   Material           Atomic                 Radiation   Interaction               Path   Integrated  Integrated    Material
 | Num. \  Name          Number/Z   Mass/A  Density    Length       Length    Thickness   Length      X0        Lambda      Endpoint  
 | Layer \                        [g/mole]  [g/cm3]     [cm]        [cm]          [cm]      [cm]     [cm]        [cm]     (     cm,     cm,     cm)
 +--------------------------------------------------------------------------------------------------------------------------------------------------
 |     1 Polystyrene            6   11.077   1.0320     42.5383      70.1339    295.400   295.40    6.944333    4.211944  (   0.00,   0.00,-295.40)
 |     2 Air                    7   14.784   0.0012  30528.7508   71299.2615      1.000   296.40    6.944366    4.211958  (   0.00,   0.00,-296.40)
 |     3 Air                    7   14.784   0.0012  30528.7508   71299.2615      0.150   296.55    6.944371    4.211960  (   0.00,   0.00,-296.55)
 |     4 Polystyrene            6   11.077   1.0320     42.5383      70.1339      0.500   297.05    6.956125    4.219089  (   0.00,   0.00,-297.05)
 |     5 Steel235              26   55.757   7.8500      1.7652      16.9882      1.000   298.05    7.522617    4.277954  (   0.00,   0.00,-298.05)
 |     6 Air                    7   14.784   0.0012  30528.7508   71299.2615      0.150   298.20    7.522622    4.277956  (   0.00,   0.00,-298.20)
 |     7 Polystyrene            6   11.077   1.0320     42.5383      70.1339      0.500   298.70    7.534376    4.285085  (   0.00,   0.00,-298.70)
 |     8 Steel235              26   55.757   7.8500      1.7652      16.9882      1.000   299.70    8.100869    4.343950  (   0.00,   0.00,-299.70)
 |     9 Air                    7   14.784   0.0012  30528.7508   71299.2615      0.150   299.85    8.100873    4.343952  (   0.00,   0.00,-299.85)
 |    10 Polystyrene            6   11.077   1.0320     42.5383      70.1339      0.500   300.35    8.112628    4.351081  (   0.00,   0.00,-300.35)
 |    11 Steel235              26   55.757   7.8500      1.7652      16.9882      1.000   301.35    8.679120    4.409945  (   0.00,   0.00,-301.35)
 |    12 Air                    7   14.784   0.0012  30528.7508   71299.2615      0.150   301.50    8.679125    4.409947  (   0.00,   0.00,-301.50)
 |    13 Polystyrene            6   11.077   1.0320     42.5383      70.1339      0.500   302.00    8.690879    4.417077  (   0.00,   0.00,-302.00)
 |    14 Steel235              26   55.757   7.8500      1.7652      16.9882      1.000   303.00    9.257371    4.475941  (   0.00,   0.00,-303.00)
 |    15 Air                    7   14.784   0.0012  30528.7508   71299.2615      0.150   303.15    9.257376    4.475943  (   0.00,   0.00,-303.15)
 |    16 Polystyrene            6   11.077   1.0320     42.5383      70.1339      0.500   303.65    9.269130    4.483072  (   0.00,   0.00,-303.65)
 |    17 Steel235              26   55.757   7.8500      1.7652      16.9882      1.000   304.65    9.835622    4.541937  (   0.00,   0.00,-304.65)
 |    18 Air                    7   14.784   0.0012  30528.7508   71299.2615      0.150   304.80    9.835627    4.541939  (   0.00,   0.00,-304.80)
 |    19 Polystyrene            6   11.077   1.0320     42.5383      70.1339      0.500   305.30    9.847381    4.549068  (   0.00,   0.00,-305.30)
 |    20 Steel235              26   55.757   7.8500      1.7652      16.9882      1.000   306.30   10.413873    4.607933  (   0.00,   0.00,-306.30)
 |    21 Air                    7   14.784   0.0012  30528.7508   71299.2615      0.150   306.45   10.413878    4.607935  (   0.00,   0.00,-306.45)
 |    22 Polystyrene            6   11.077   1.0320     42.5383      70.1339      0.500   306.95   10.425632    4.615064  (   0.00,   0.00,-306.95)
 |    23 Steel235              26   55.757   7.8500      1.7652      16.9882      1.000   307.95   10.992125    4.673929  (   0.00,   0.00,-307.95)
 |    24 Air                    7   14.784   0.0012  30528.7508   71299.2615      0.150   308.10   10.992129    4.673931  (   0.00,   0.00,-308.10)
 |    25 Polystyrene            6   11.077   1.0320     42.5383      70.1339      0.500   308.60   11.003884    4.681060  (   0.00,   0.00,-308.60)
 |    26 Steel235              26   55.757   7.8500      1.7652      16.9882      1.000   309.60   11.570376    4.739924  (   0.00,   0.00,-309.60)
 |    27 Air                    7   14.784   0.0012  30528.7508   71299.2615      0.150   309.75   11.570381    4.739926  (   0.00,   0.00,-309.75)
 |    28 Polystyrene            6   11.077   1.0320     42.5383      70.1339      0.500   310.25   11.582135    4.747056  (   0.00,   0.00,-310.25)
 |    29 Steel235              26   55.757   7.8500      1.7652      16.9882      1.000   311.25   12.148627    4.805920  (   0.00,   0.00,-311.25)
 |    30 Air                    7   14.784   0.0012  30528.7508   71299.2615      0.150   311.40   12.148632    4.805922  (   0.00,   0.00,-311.40)
 |    31 Polystyrene            6   11.077   1.0320     42.5383      70.1339      0.500   311.90   12.160386    4.813051  (   0.00,   0.00,-311.90)
 |    32 Steel235              26   55.757   7.8500      1.7652      16.9882      1.000   312.90   12.726878    4.871916  (   0.00,   0.00,-312.90)
 |    33 Air                    7   14.784   0.0012  30528.7508   71299.2615      0.150   313.05   12.726883    4.871918  (   0.00,   0.00,-313.05)
 |    34 Polystyrene            6   11.077   1.0320     42.5383      70.1339      0.500   313.55   12.738637    4.879047  (   0.00,   0.00,-313.55)
 |    35 Steel235              26   55.757   7.8500      1.7652      16.9882      1.000   314.55   13.305129    4.937912  (   0.00,   0.00,-314.55)
 |    36 Air                    7   14.784   0.0012  30528.7508   71299.2615      0.150   314.70   13.305134    4.937914  (   0.00,   0.00,-314.70)
 |    37 Polystyrene            6   11.077   1.0320     42.5383      70.1339      0.500   315.20   13.316888    4.945043  (   0.00,   0.00,-315.20)
 |    38 Steel235              26   55.757   7.8500      1.7652      16.9882      1.000   316.20   13.883381    5.003907  (   0.00,   0.00,-316.20)
 |    39 Air                    7   14.784   0.0012  30528.7508   71299.2615      0.150   316.35   13.883386    5.003910  (   0.00,   0.00,-316.35)
 |    40 Polystyrene            6   11.077   1.0320     42.5383      70.1339      0.500   316.85   13.895140    5.011039  (   0.00,   0.00,-316.85)
 |    41 Steel235              26   55.757   7.8500      1.7652      16.9882      1.000   317.85   14.461632    5.069903  (   0.00,   0.00,-317.85)
 |    42 Air                    7   14.784   0.0012  30528.7508   71299.2615      0.150   318.00   14.461637    5.069905  (   0.00,   0.00,-318.00)
 |    43 Polystyrene            6   11.077   1.0320     42.5383      70.1339      0.500   318.50   14.473391    5.077035  (   0.00,   0.00,-318.50)
 |    44 Steel235              26   55.757   7.8500      1.7652      16.9882      1.000   319.50   15.039883    5.135899  (   0.00,   0.00,-319.50)
 |    45 Air                    7   14.784   0.0012  30528.7508   71299.2615      0.150   319.65   15.039888    5.135901  (   0.00,   0.00,-319.65)
 |    46 Polystyrene            6   11.077   1.0320     42.5383      70.1339      0.500   320.15   15.051642    5.143030  (   0.00,   0.00,-320.15)
 |    47 Steel235              26   55.757   7.8500      1.7652      16.9882      1.000   321.15   15.618134    5.201895  (   0.00,   0.00,-321.15)
 |    48 Air                    7   14.784   0.0012  30528.7508   71299.2615      0.150   321.30   15.618139    5.201897  (   0.00,   0.00,-321.30)
 |    49 Polystyrene            6   11.077   1.0320     42.5383      70.1339      0.500   321.80   15.629893    5.209026  (   0.00,   0.00,-321.80)
 |    50 Steel235              26   55.757   7.8500      1.7652      16.9882      1.000   322.80   16.196385    5.267891  (   0.00,   0.00,-322.80)
 |    51 Air                    7   14.784   0.0012  30528.7508   71299.2615      0.150   322.95   16.196390    5.267893  (   0.00,   0.00,-322.95)
 |    52 Polystyrene            6   11.077   1.0320     42.5383      70.1339      0.500   323.45   16.208144    5.275022  (   0.00,   0.00,-323.45)
 |    53 Steel235              26   55.757   7.8500      1.7652      16.9882      1.000   324.45   16.774637    5.333886  (   0.00,   0.00,-324.45)
 |    54 Air                    7   14.784   0.0012  30528.7508   71299.2615      0.150   324.60   16.774642    5.333889  (   0.00,   0.00,-324.60)
 |    55 Polystyrene            6   11.077   1.0320     42.5383      70.1339      0.500   325.10   16.786396    5.341018  (   0.00,   0.00,-325.10)
 |    56 Steel235              26   55.757   7.8500      1.7652      16.9882      1.000   326.10   17.352888    5.399882  (   0.00,   0.00,-326.10)
 |    57 Air                    7   14.784   0.0012  30528.7508   71299.2615      0.150   326.25   17.352893    5.399884  (   0.00,   0.00,-326.25)
 |    58 Polystyrene            6   11.077   1.0320     42.5383      70.1339      0.500   326.75   17.364647    5.407014  (   0.00,   0.00,-326.75)
 |    59 Steel235              26   55.757   7.8500      1.7652      16.9882      1.000   327.75   17.931139    5.465878  (   0.00,   0.00,-327.75)
 |    60 Air                    7   14.784   0.0012  30528.7508   71299.2615      0.150   327.90   17.931144    5.465880  (   0.00,   0.00,-327.90)
 |    61 Polystyrene            6   11.077   1.0320     42.5383      70.1339      0.500   328.40   17.942898    5.473009  (   0.00,   0.00,-328.40)
 |    62 Steel235              26   55.757   7.8500      1.7652      16.9882      1.000   329.40   18.509390    5.531874  (   0.00,   0.00,-329.40)
 |    63 Air                    7   14.784   0.0012  30528.7508   71299.2615      0.150   329.55   18.509395    5.531876  (   0.00,   0.00,-329.55)
 |    64 Polystyrene            6   11.077   1.0320     42.5383      70.1339      0.500   330.05   18.521149    5.539005  (   0.00,   0.00,-330.05)
 |    65 Steel235              26   55.757   7.8500      1.7652      16.9882      1.000   331.05   19.087641    5.597870  (   0.00,   0.00,-331.05)
 |    66 Air                    7   14.784   0.0012  30528.7508   71299.2615      0.150   331.20   19.087646    5.597872  (   0.00,   0.00,-331.20)
 |    67 Polystyrene            6   11.077   1.0320     42.5383      70.1339      0.500   331.70   19.099400    5.605001  (   0.00,   0.00,-331.70)
 |    68 Steel235              26   55.757   7.8500      1.7652      16.9882      1.000   332.70   19.665893    5.663865  (   0.00,   0.00,-332.70)
 |    69 Air                    7   14.784   0.0012  30528.7508   71299.2615      0.150   332.85   19.665898    5.663868  (   0.00,   0.00,-332.85)
 |    70 Polystyrene            6   11.077   1.0320     42.5383      70.1339      0.500   333.35   19.677652    5.670997  (   0.00,   0.00,-333.35)
 |    71 Steel235              26   55.757   7.8500      1.7652      16.9882      1.000   334.35   20.244144    5.729861  (   0.00,   0.00,-334.35)
 |    72 Air                    7   14.784   0.0012  30528.7508   71299.2615      0.150   334.50   20.244149    5.729863  (   0.00,   0.00,-334.50)
 |    73 Polystyrene            6   11.077   1.0320     42.5383      70.1339      0.500   335.00   20.255903    5.736993  (   0.00,   0.00,-335.00)
 |    74 Steel235              26   55.757   7.8500      1.7652      16.9882      1.000   336.00   20.822395    5.795857  (   0.00,   0.00,-336.00)
 |    75 Air                    7   14.784   0.0012  30528.7508   71299.2615      0.150   336.15   20.822400    5.795859  (   0.00,   0.00,-336.15)
 |    76 Polystyrene            6   11.077   1.0320     42.5383      70.1339      0.500   336.65   20.834154    5.802988  (   0.00,   0.00,-336.65)
 |    77 Steel235              26   55.757   7.8500      1.7652      16.9882      1.000   337.65   21.400646    5.861853  (   0.00,   0.00,-337.65)
 |    78 Air                    7   14.784   0.0012  30528.7508   71299.2615      0.150   337.80   21.400651    5.861855  (   0.00,   0.00,-337.80)
 |    79 Polystyrene            6   11.077   1.0320     42.5383      70.1339      0.500   338.30   21.412405    5.868984  (   0.00,   0.00,-338.30)
 |    80 Steel235              26   55.757   7.8500      1.7652      16.9882      1.000   339.30   21.978897    5.927849  (   0.00,   0.00,-339.30)
 |    81 Air                    7   14.784   0.0012  30528.7508   71299.2615      0.150   339.45   21.978902    5.927851  (   0.00,   0.00,-339.45)
 |    82 Polystyrene            6   11.077   1.0320     42.5383      70.1339      0.500   339.95   21.990657    5.934980  (   0.00,   0.00,-339.95)
 |    83 Steel235              26   55.757   7.8500      1.7652      16.9882      1.000   340.95   22.557149    5.993844  (   0.00,   0.00,-340.95)
 |    84 Air                    7   14.784   0.0012  30528.7508   71299.2615      0.150   341.10   22.557154    5.993846  (   0.00,   0.00,-341.10)
 |    85 Polystyrene            6   11.077   1.0320     42.5383      70.1339      0.500   341.60   22.568908    6.000976  (   0.00,   0.00,-341.60)
 |    86 Steel235              26   55.757   7.8500      1.7652      16.9882      1.000   342.60   23.135400    6.059840  (   0.00,   0.00,-342.60)
 |    87 Air                    7   14.784   0.0012  30528.7508   71299.2615      0.150   342.75   23.135405    6.059842  (   0.00,   0.00,-342.75)
 |    88 Polystyrene            6   11.077   1.0320     42.5383      70.1339      0.500   343.25   23.147159    6.066972  (   0.00,   0.00,-343.25)
 |    89 Steel235              26   55.757   7.8500      1.7652      16.9882      1.000   344.25   23.713651    6.125836  (   0.00,   0.00,-344.25)
 |    90 Air                    7   14.784   0.0012  30528.7508   71299.2615      0.150   344.40   23.713656    6.125838  (   0.00,   0.00,-344.40)
 |    91 Polystyrene            6   11.077   1.0320     42.5383      70.1339      0.500   344.90   23.725410    6.132967  (   0.00,   0.00,-344.90)
 |    92 Steel235              26   55.757   7.8500      1.7652      16.9882      1.000   345.90   24.291902    6.191832  (   0.00,   0.00,-345.90)
 |    93 Air                    7   14.784   0.0012  30528.7508   71299.2615      0.150   346.05   24.291907    6.191834  (   0.00,   0.00,-346.05)
 |    94 Polystyrene            6   11.077   1.0320     42.5383      70.1339      0.500   346.55   24.303661    6.198963  (   0.00,   0.00,-346.55)
 |    95 Steel235              26   55.757   7.8500      1.7652      16.9882      1.000   347.55   24.870153    6.257828  (   0.00,   0.00,-347.55)
 |    96 Air                    7   14.784   0.0012  30528.7508   71299.2615      0.150   347.70   24.870158    6.257830  (   0.00,   0.00,-347.70)
 |    97 Polystyrene            6   11.077   1.0320     42.5383      70.1339      0.500   348.20   24.881913    6.264959  (   0.00,   0.00,-348.20)
 |    98 Steel235              26   55.757   7.8500      1.7652      16.9882      1.000   349.20   25.448405    6.323823  (   0.00,   0.00,-349.20)
 |    99 Air                    7   14.784   0.0012  30528.7508   71299.2615      0.150   349.35   25.448410    6.323825  (   0.00,   0.00,-349.35)
 |   100 Polystyrene            6   11.077   1.0320     42.5383      70.1339      0.500   349.85   25.460164    6.330955  (   0.00,   0.00,-349.85)
 |   101 Steel235              26   55.757   7.8500      1.7652      16.9882      1.000   350.85   26.026656    6.389819  (   0.00,   0.00,-350.85)
 |   102 Air                    7   14.784   0.0012  30528.7508   71299.2615      0.150   351.00   26.026661    6.389821  (   0.00,   0.00,-351.00)
 |   103 Polystyrene            6   11.077   1.0320     42.5383      70.1339      0.500   351.50   26.038415    6.396950  (   0.00,   0.00,-351.50)
 |   104 Steel235              26   55.757   7.8500      1.7652      16.9882      1.000   352.50   26.604907    6.455815  (   0.00,   0.00,-352.50)
 |   105 Air                    7   14.784   0.0012  30528.7508   71299.2615      0.150   352.65   26.604912    6.455817  (   0.00,   0.00,-352.65)
 |   106 Polystyrene            6   11.077   1.0320     42.5383      70.1339      0.500   353.15   26.616666    6.462946  (   0.00,   0.00,-353.15)
 |   107 Steel235              26   55.757   7.8500      1.7652      16.9882      1.000   354.15   27.183158    6.521811  (   0.00,   0.00,-354.15)
 |   108 Air                    7   14.784   0.0012  30528.7508   71299.2615      0.150   354.30   27.183163    6.521813  (   0.00,   0.00,-354.30)
 |   109 Polystyrene            6   11.077   1.0320     42.5383      70.1339      0.500   354.80   27.194917    6.528942  (   0.00,   0.00,-354.80)
 |   110 Steel235              26   55.757   7.8500      1.7652      16.9882      1.000   355.80   27.761410    6.587807  (   0.00,   0.00,-355.80)
 |   111 Air                    7   14.784   0.0012  30528.7508   71299.2615      0.150   355.95   27.761414    6.587809  (   0.00,   0.00,-355.95)
 |   112 Polystyrene            6   11.077   1.0320     42.5383      70.1339      0.500   356.45   27.773169    6.594938  (   0.00,   0.00,-356.45)
 |   113 Steel235              26   55.757   7.8500      1.7652      16.9882      1.000   357.45   28.339661    6.653802  (   0.00,   0.00,-357.45)
 |   114 Air                    7   14.784   0.0012  30528.7508   71299.2615      0.150   357.60   28.339666    6.653804  (   0.00,   0.00,-357.60)
 |   115 Polystyrene            6   11.077   1.0320     42.5383      70.1339      0.500   358.10   28.351420    6.660934  (   0.00,   0.00,-358.10)
 |   116 Steel235              26   55.757   7.8500      1.7652      16.9882      1.000   359.10   28.917912    6.719798  (   0.00,   0.00,-359.10)
 |   117 Air                    7   14.784   0.0012  30528.7508   71299.2615      0.150   359.25   28.917917    6.719800  (   0.00,   0.00,-359.25)
 |   118 Polystyrene            6   11.077   1.0320     42.5383      70.1339      0.500   359.75   28.929671    6.726929  (   0.00,   0.00,-359.75)
 |   119 Steel235              26   55.757   7.8500      1.7652      16.9882      1.000   360.75   29.496163    6.785794  (   0.00,   0.00,-360.75)
 |   120 Air                    7   14.784   0.0012  30528.7508   71299.2615      0.150   360.90   29.496168    6.785796  (   0.00,   0.00,-360.90)
 |   121 Polystyrene            6   11.077   1.0320     42.5383      70.1339      0.500   361.40   29.507922    6.792925  (   0.00,   0.00,-361.40)
 |   122 Steel235              26   55.757   7.8500      1.7652      16.9882      1.000   362.40   30.074414    6.851790  (   0.00,   0.00,-362.40)
 |   123 Air                    7   14.784   0.0012  30528.7508   71299.2615      0.150   362.55   30.074419    6.851792  (   0.00,   0.00,-362.55)
 |   124 Polystyrene            6   11.077   1.0320     42.5383      70.1339      0.500   363.05   30.086173    6.858921  (   0.00,   0.00,-363.05)
 |   125 Steel235              26   55.757   7.8500      1.7652      16.9882      1.000   364.05   30.652666    6.917785  (   0.00,   0.00,-364.05)
 |   126 Air                    7   14.784   0.0012  30528.7508   71299.2615      0.150   364.20   30.652670    6.917788  (   0.00,   0.00,-364.20)
 |   127 Polystyrene            6   11.077   1.0320     42.5383      70.1339      0.500   364.70   30.664425    6.924917  (   0.00,   0.00,-364.70)
 |   128 Steel235              26   55.757   7.8500      1.7652      16.9882      1.000   365.70   31.230917    6.983781  (   0.00,   0.00,-365.70)
 |   129 Air                    7   14.784   0.0012  30528.7508   71299.2615      0.150   365.85   31.230922    6.983783  (   0.00,   0.00,-365.85)
 |   130 Polystyrene            6   11.077   1.0320     42.5383      70.1339      0.500   366.35   31.242676    6.990913  (   0.00,   0.00,-366.35)
 |   131 Steel235              26   55.757   7.8500      1.7652      16.9882      1.000   367.35   31.809168    7.049777  (   0.00,   0.00,-367.35)
 |   132 Air                    7   14.784   0.0012  30528.7508   71299.2615      0.150   367.50   31.809173    7.049779  (   0.00,   0.00,-367.50)
 |   133 Polystyrene            6   11.077   1.0320     42.5383      70.1339      0.500   368.00   31.820927    7.056908  (   0.00,   0.00,-368.00)
 |   134 Steel235              26   55.757   7.8500      1.7652      16.9882      1.000   369.00   32.387419    7.115773  (   0.00,   0.00,-369.00)
 |   135 Air                    7   14.784   0.0012  30528.7508   71299.2615      0.150   369.15   32.387424    7.115775  (   0.00,   0.00,-369.15)
 |   136 Polystyrene            6   11.077   1.0320     42.5383      70.1339      0.500   369.65   32.399178    7.122904  (   0.00,   0.00,-369.65)
 |   137 Steel235              26   55.757   7.8500      1.7652      16.9882      1.000   370.65   32.965670    7.181769  (   0.00,   0.00,-370.65)
 |   138 Air                    7   14.784   0.0012  30528.7508   71299.2615      0.150   370.80   32.965675    7.181771  (   0.00,   0.00,-370.80)
 |   139 Polystyrene            6   11.077   1.0320     42.5383      70.1339      0.500   371.30   32.977429    7.188900  (   0.00,   0.00,-371.30)
 |   140 Steel235              26   55.757   7.8500      1.7652      16.9882      1.000   372.30   33.543922    7.247764  (   0.00,   0.00,-372.30)
 |   141 Air                    7   14.784   0.0012  30528.7508   71299.2615      0.150   372.45   33.543926    7.247767  (   0.00,   0.00,-372.45)
 |   142 Polystyrene            6   11.077   1.0320     42.5383      70.1339      0.500   372.95   33.555681    7.254896  (   0.00,   0.00,-372.95)
 |   143 Steel235              26   55.757   7.8500      1.7652      16.9882      1.000   373.95   34.122173    7.313760  (   0.00,   0.00,-373.95)
 |   144 Air                    7   14.784   0.0012  30528.7508   71299.2615      0.150   374.10   34.122178    7.313762  (   0.00,   0.00,-374.10)
 |   145 Polystyrene            6   11.077   1.0320     42.5383      70.1339      0.500   374.60   34.133932    7.320892  (   0.00,   0.00,-374.60)
 |   146 Steel235              26   55.757   7.8500      1.7652      16.9882      1.000   375.60   34.700424    7.379756  (   0.00,   0.00,-375.60)
 |   147 Air                    7   14.784   0.0012  30528.7508   71299.2615      0.150   375.75   34.700429    7.379758  (   0.00,   0.00,-375.75)
 |   148 Polystyrene            6   11.077   1.0320     42.5383      70.1339      0.500   376.25   34.712183    7.386887  (   0.00,   0.00,-376.25)
 |   149 Steel235              26   55.757   7.8500      1.7652      16.9882      1.000   377.25   35.278675    7.445752  (   0.00,   0.00,-377.25)
 |   150 Air                    7   14.784   0.0012  30528.7508   71299.2615      0.150   377.40   35.278680    7.445754  (   0.00,   0.00,-377.40)
 |   151 Polystyrene            6   11.077   1.0320     42.5383      70.1339      0.500   377.90   35.290434    7.452883  (   0.00,   0.00,-377.90)
 |   152 Steel235              26   55.757   7.8500      1.7652      16.9882      1.000   378.90   35.856926    7.511748  (   0.00,   0.00,-378.90)
 |   153 Air                    7   14.784   0.0012  30528.7508   71299.2615      0.150   379.05   35.856931    7.511750  (   0.00,   0.00,-379.05)
 |   154 Polystyrene            6   11.077   1.0320     42.5383      70.1339      0.500   379.55   35.868685    7.518879  (   0.00,   0.00,-379.55)
 |   155 Steel235              26   55.757   7.8500      1.7652      16.9882      1.000   380.55   36.435178    7.577743  (   0.00,   0.00,-380.55)
 |   156 Air                    7   14.784   0.0012  30528.7508   71299.2615      0.150   380.70   36.435183    7.577746  (   0.00,   0.00,-380.70)
 |   157 Polystyrene            6   11.077   1.0320     42.5383      70.1339      0.500   381.20   36.446937    7.584875  (   0.00,   0.00,-381.20)
 |   158 Steel235              26   55.757   7.8500      1.7652      16.9882      1.000   382.20   37.013429    7.643739  (   0.00,   0.00,-382.20)
 |   159 Air                    7   14.784   0.0012  30528.7508   71299.2615      0.150   382.35   37.013434    7.643741  (   0.00,   0.00,-382.35)
 |   160 Polystyrene            6   11.077   1.0320     42.5383      70.1339      0.500   382.85   37.025188    7.650871  (   0.00,   0.00,-382.85)
 |   161 Steel235              26   55.757   7.8500      1.7652      16.9882      1.000   383.85   37.591680    7.709735  (   0.00,   0.00,-383.85)
 |   162 Air                    7   14.784   0.0012  30528.7508   71299.2615      0.150   384.00   37.591685    7.709737  (   0.00,   0.00,-384.00)
 |   163 Polystyrene            6   11.077   1.0320     42.5383      70.1339      0.500   384.50   37.603439    7.716866  (   0.00,   0.00,-384.50)
 |   164 Steel235              26   55.757   7.8500      1.7652      16.9882      1.000   385.50   38.169931    7.775731  (   0.00,   0.00,-385.50)
 |   165 Air                    7   14.784   0.0012  30528.7508   71299.2615      0.150   385.65   38.169936    7.775733  (   0.00,   0.00,-385.65)
 |   166 Polystyrene            6   11.077   1.0320     42.5383      70.1339      0.500   386.15   38.181690    7.782862  (   0.00,   0.00,-386.15)
 |   167 Steel235              26   55.757   7.8500      1.7652      16.9882      1.000   387.15   38.748182    7.841727  (   0.00,   0.00,-387.15)
 |   168 Air                    7   14.784   0.0012  30528.7508   71299.2615      0.150   387.30   38.748187    7.841729  (   0.00,   0.00,-387.30)
 |   169 Polystyrene            6   11.077   1.0320     42.5383      70.1339      0.500   387.80   38.759941    7.848858  (   0.00,   0.00,-387.80)
 |   170 Steel235              26   55.757   7.8500      1.7652      16.9882      1.000   388.80   39.326434    7.907722  (   0.00,   0.00,-388.80)
 |   171 Air                    7   14.784   0.0012  30528.7508   71299.2615      0.150   388.95   39.326439    7.907724  (   0.00,   0.00,-388.95)
 |   172 Polystyrene            6   11.077   1.0320     42.5383      70.1339      0.500   389.45   39.338193    7.914854  (   0.00,   0.00,-389.45)
 |   173 Steel235              26   55.757   7.8500      1.7652      16.9882      1.000   390.45   39.904685    7.973718  (   0.00,   0.00,-390.45)
 |   174 Air                    7   14.784   0.0012  30528.7508   71299.2615      0.150   390.60   39.904690    7.973720  (   0.00,   0.00,-390.60)
 |   175 Polystyrene            6   11.077   1.0320     42.5383      70.1339      0.500   391.10   39.916444    7.980849  (   0.00,   0.00,-391.10)
 |   176 Steel235              26   55.757   7.8500      1.7652      16.9882      1.000   392.10   40.482936    8.039714  (   0.00,   0.00,-392.10)
 |   177 Air                    7   14.784   0.0012  30528.7508   71299.2615      0.150   392.25   40.482941    8.039716  (   0.00,   0.00,-392.25)
 |   178 Polystyrene            6   11.077   1.0320     42.5383      70.1339      0.500   392.75   40.494695    8.046845  (   0.00,   0.00,-392.75)
 |   179 Steel235              26   55.757   7.8500      1.7652      16.9882      1.000   393.75   41.061187    8.105710  (   0.00,   0.00,-393.75)
 |   180 Air                    7   14.784   0.0012  30528.7508   71299.2615      0.150   393.90   41.061192    8.105712  (   0.00,   0.00,-393.90)
 |   181 Polystyrene            6   11.077   1.0320     42.5383      70.1339      0.500   394.40   41.072946    8.112841  (   0.00,   0.00,-394.40)
 |   182 Steel235              26   55.757   7.8500      1.7652      16.9882      1.000   395.40   41.639438    8.171706  (   0.00,   0.00,-395.40)
 |   183 Air                    7   14.784   0.0012  30528.7508   71299.2615      0.150   395.55   41.639443    8.171708  (   0.00,   0.00,-395.55)
 |   184 Polystyrene            6   11.077   1.0320     42.5383      70.1339      0.500   396.05   41.651197    8.178837  (   0.00,   0.00,-396.05)
 |   185 Steel235              26   55.757   7.8500      1.7652      16.9882      1.000   397.05   42.217690    8.237701  (   0.00,   0.00,-397.05)
 |   186 Air                    7   14.784   0.0012  30528.7508   71299.2615      0.150   397.20   42.217695    8.237703  (   0.00,   0.00,-397.20)
 |   187 Polystyrene            6   11.077   1.0320     42.5383      70.1339      0.500   397.70   42.229449    8.244833  (   0.00,   0.00,-397.70)
 |   188 Steel235              26   55.757   7.8500      1.7652      16.9882      1.000   398.70   42.795941    8.303697  (   0.00,   0.00,-398.70)
 |   189 Air                    7   14.784   0.0012  30528.7508   71299.2615      0.150   398.85   42.795946    8.303699  (   0.00,   0.00,-398.85)
 |   190 Polystyrene            6   11.077   1.0320     42.5383      70.1339      0.500   399.35   42.807700    8.310828  (   0.00,   0.00,-399.35)
 |   191 Steel235              26   55.757   7.8500      1.7652      16.9882      1.000   400.35   43.374192    8.369693  (   0.00,   0.00,-400.35)
 |   192 Air                    7   14.784   0.0012  30528.7508   71299.2615      0.150   400.50   43.374197    8.369695  (   0.00,   0.00,-400.50)
 |   193 Polystyrene            6   11.077   1.0320     42.5383      70.1339      0.500   401.00   43.385951    8.376824  (   0.00,   0.00,-401.00)
 |   194 Steel235              26   55.757   7.8500      1.7652      16.9882      1.000   402.00   43.952443    8.435689  (   0.00,   0.00,-402.00)
 |   195 Air                    7   14.784   0.0012  30528.7508   71299.2615      0.150   402.15   43.952448    8.435691  (   0.00,   0.00,-402.15)
 |   196 Polystyrene            6   11.077   1.0320     42.5383      70.1339      0.500   402.65   43.964202    8.442820  (   0.00,   0.00,-402.65)
 |   197 Steel235              26   55.757   7.8500      1.7652      16.9882      1.000   403.65   44.530694    8.501685  (   0.00,   0.00,-403.65)
 |   198 Air                    7   14.784   0.0012  30528.7508   71299.2615      0.150   403.80   44.530699    8.501687  (   0.00,   0.00,-403.80)
 |   199 Polystyrene            6   11.077   1.0320     42.5383      70.1339      0.500   404.30   44.542454    8.508816  (   0.00,   0.00,-404.30)
 |   200 Steel235              26   55.757   7.8500      1.7652      16.9882      1.000   405.30   45.108946    8.567680  (   0.00,   0.00,-405.30)
 |   201 Air                    7   14.784   0.0012  30528.7508   71299.2615      0.150   405.45   45.108951    8.567682  (   0.00,   0.00,-405.45)
 |   202 Polystyrene            6   11.077   1.0320     42.5383      70.1339      0.500   405.95   45.120705    8.574812  (   0.00,   0.00,-405.95)
 |   203 Steel235              26   55.757   7.8500      1.7652      16.9882      1.000   406.95   45.687197    8.633676  (   0.00,   0.00,-406.95)
 |   204 Air                    7   14.784   0.0012  30528.7508   71299.2615      0.150   407.10   45.687202    8.633678  (   0.00,   0.00,-407.10)
 |   205 Polystyrene            6   11.077   1.0320     42.5383      70.1339      0.500   407.60   45.698956    8.640807  (   0.00,   0.00,-407.60)
 |   206 Steel235              26   55.757   7.8500      1.7652      16.9882      1.000   408.60   46.265448    8.699672  (   0.00,   0.00,-408.60)
 |   207 Air                    7   14.784   0.0012  30528.7508   71299.2615      0.150   408.75   46.265453    8.699674  (   0.00,   0.00,-408.75)
 |   208 Polystyrene            6   11.077   1.0320     42.5383      70.1339      0.500   409.25   46.277207    8.706803  (   0.00,   0.00,-409.25)
 |   209 Steel235              26   55.757   7.8500      1.7652      16.9882      1.000   410.25   46.843699    8.765668  (   0.00,   0.00,-410.25)
 |   210 Air                    7   14.784   0.0012  30528.7508   71299.2615      0.150   410.40   46.843704    8.765670  (   0.00,   0.00,-410.40)
 |   211 Polystyrene            6   11.077   1.0320     42.5383      70.1339      0.500   410.90   46.855458    8.772799  (   0.00,   0.00,-410.90)
 |   212 Steel235              26   55.757   7.8500      1.7652      16.9882      1.000   411.90   47.421951    8.831663  (   0.00,   0.00,-411.90)
 |   213 Air                    7   14.784   0.0012  30528.7508   71299.2615      0.150   412.05   47.421955    8.831666  (   0.00,   0.00,-412.05)
 |   214 Polystyrene            6   11.077   1.0320     42.5383      70.1339      0.500   412.55   47.433710    8.838795  (   0.00,   0.00,-412.55)
 |   215 Steel235              26   55.757   7.8500      1.7652      16.9882      1.000   413.55   48.000202    8.897659  (   0.00,   0.00,-413.55)
 |   216 Air                    7   14.784   0.0012  30528.7508   71299.2615      0.150   413.70   48.000207    8.897661  (   0.00,   0.00,-413.70)
 |   217 Polystyrene            6   11.077   1.0320     42.5383      70.1339      0.500   414.20   48.011961    8.904791  (   0.00,   0.00,-414.20)
 |   218 Steel235              26   55.757   7.8500      1.7652      16.9882      1.000   415.20   48.578453    8.963655  (   0.00,   0.00,-415.20)
 |   219 Air                    7   14.784   0.0012  30528.7508   71299.2615      0.150   415.35   48.578458    8.963657  (   0.00,   0.00,-415.35)
 |   220 Polystyrene            6   11.077   1.0320     42.5383      70.1339      0.500   415.85   48.590212    8.970786  (   0.00,   0.00,-415.85)
 |   221 Steel235              26   55.757   7.8500      1.7652      16.9882      1.000   416.85   49.156704    9.029651  (   0.00,   0.00,-416.85)
 |   222 Air                    7   14.784   0.0012  30528.7508   71299.2615      0.150   417.00   49.156709    9.029653  (   0.00,   0.00,-417.00)
 |   223 Polystyrene            6   11.077   1.0320     42.5383      70.1339      0.500   417.50   49.168463    9.036782  (   0.00,   0.00,-417.50)
 |   224 Steel235              26   55.757   7.8500      1.7652      16.9882      1.000   418.50   49.734955    9.095647  (   0.00,   0.00,-418.50)
 |   225 Air                    7   14.784   0.0012  30528.7508   71299.2615      0.150   418.65   49.734960    9.095649  (   0.00,   0.00,-418.65)
 |   226 Polystyrene            6   11.077   1.0320     42.5383      70.1339      0.500   419.15   49.746714    9.102778  (   0.00,   0.00,-419.15)
 |   227 Steel235              26   55.757   7.8500      1.7652      16.9882      1.000   420.15   50.313207    9.161642  (   0.00,   0.00,-420.15)
 |   228 Air                    7   14.784   0.0012  30528.7508   71299.2615      0.150   420.30   50.313211    9.161645  (   0.00,   0.00,-420.30)
 |   229 Polystyrene            6   11.077   1.0320     42.5383      70.1339      0.500   420.80   50.324966    9.168774  (   0.00,   0.00,-420.80)
 |   230 Steel235              26   55.757   7.8500      1.7652      16.9882      1.000   421.80   50.891458    9.227638  (   0.00,   0.00,-421.80)
 |   231 Air                    7   14.784   0.0012  30528.7508   71299.2615      0.150   421.95   50.891463    9.227640  (   0.00,   0.00,-421.95)
 |   232 Polystyrene            6   11.077   1.0320     42.5383      70.1339      0.500   422.45   50.903217    9.234770  (   0.00,   0.00,-422.45)
 |   233 Steel235              26   55.757   7.8500      1.7652      16.9882      1.000   423.45   51.469709    9.293634  (   0.00,   0.00,-423.45)
 |   234 Air                    7   14.784   0.0012  30528.7508   71299.2615      0.150   423.60   51.469714    9.293636  (   0.00,   0.00,-423.60)
 |   235 Polystyrene            6   11.077   1.0320     42.5383      70.1339      0.500   424.10   51.481468    9.300765  (   0.00,   0.00,-424.10)
 |   236 Steel235              26   55.757   7.8500      1.7652      16.9882      1.000   425.10   52.047960    9.359630  (   0.00,   0.00,-425.10)
 |   237 Air                    7   14.784   0.0012  30528.7508   71299.2615      0.150   425.25   52.047965    9.359632  (   0.00,   0.00,-425.25)
 |   238 Polystyrene            6   11.077   1.0320     42.5383      70.1339      0.500   425.75   52.059719    9.366761  (   0.00,   0.00,-425.75)
 |   239 Steel235              26   55.757   7.8500      1.7652      16.9882      1.000   426.75   52.626211    9.425626  (   0.00,   0.00,-426.75)
 |   240 Air                    7   14.784   0.0012  30528.7508   71299.2615      0.150   426.90   52.626216    9.425628  (   0.00,   0.00,-426.90)
 |   241 Polystyrene            6   11.077   1.0320     42.5383      70.1339      0.500   427.40   52.637970    9.432757  (   0.00,   0.00,-427.40)
 |   242 Steel235              26   55.757   7.8500      1.7652      16.9882      1.000   428.40   53.204463    9.491621  (   0.00,   0.00,-428.40)
 |   243 Air                    7   14.784   0.0012  30528.7508   71299.2615      0.150   428.55   53.204467    9.491623  (   0.00,   0.00,-428.55)
 |   244 Polystyrene            6   11.077   1.0320     42.5383      70.1339      0.500   429.05   53.216222    9.498753  (   0.00,   0.00,-429.05)
 |   245 Steel235              26   55.757   7.8500      1.7652      16.9882      1.000   430.05   53.782714    9.557617  (   0.00,   0.00,-430.05)
 |   246 Air                    7   14.784   0.0012  30528.7508   71299.2615      0.150   430.20   53.782719    9.557619  (   0.00,   0.00,-430.20)
 |   247 Polystyrene            6   11.077   1.0320     42.5383      70.1339      0.500   430.70   53.794473    9.564749  (   0.00,   0.00,-430.70)
 |   248 Steel235              26   55.757   7.8500      1.7652      16.9882      1.000   431.70   54.360965    9.623613  (   0.00,   0.00,-431.70)
 |   249 Air                    7   14.784   0.0012  30528.7508   71299.2615      0.150   431.85   54.360970    9.623615  (   0.00,   0.00,-431.85)
 |   250 Polystyrene            6   11.077   1.0320     42.5383      70.1339      0.500   432.35   54.372724    9.630744  (   0.00,   0.00,-432.35)
 |   251 Steel235              26   55.757   7.8500      1.7652      16.9882      1.000   433.35   54.939216    9.689609  (   0.00,   0.00,-433.35)
 |   252 Air                    7   14.784   0.0012  30528.7508   71299.2615      0.150   433.50   54.939221    9.689611  (   0.00,   0.00,-433.50)
 |   253 Polystyrene            6   11.077   1.0320     42.5383      70.1339      0.500   434.00   54.950975    9.696740  (   0.00,   0.00,-434.00)
 |   254 Steel235              26   55.757   7.8500      1.7652      16.9882      1.000   435.00   55.517467    9.755605  (   0.00,   0.00,-435.00)
 |   255 Air                    7   14.784   0.0012  30528.7508   71299.2615      0.150   435.15   55.517472    9.755607  (   0.00,   0.00,-435.15)
 |   256 Polystyrene            6   11.077   1.0320     42.5383      70.1339      0.500   435.65   55.529226    9.762736  (   0.00,   0.00,-435.65)
 |   257 Steel235              26   55.757   7.8500      1.7652      16.9882      1.000   436.65   56.095719    9.821600  (   0.00,   0.00,-436.65)
 |   258 Air                    7   14.784   0.0012  30528.7508   71299.2615      0.150   436.80   56.095723    9.821602  (   0.00,   0.00,-436.80)
 |   259 Polystyrene            6   11.077   1.0320     42.5383      70.1339      0.500   437.30   56.107478    9.828732  (   0.00,   0.00,-437.30)
 |   260 Steel235              26   55.757   7.8500      1.7652      16.9882      1.000   438.30   56.673970    9.887596  (   0.00,   0.00,-438.30)
 |   261 Air                    7   14.784   0.0012  30528.7508   71299.2615      0.150   438.45   56.673975    9.887598  (   0.00,   0.00,-438.45)
 |   262 Polystyrene            6   11.077   1.0320     42.5383      70.1339      0.500   438.95   56.685729    9.894727  (   0.00,   0.00,-438.95)
 |   263 Steel235              26   55.757   7.8500      1.7652      16.9882      1.000   439.95   57.252221    9.953592  (   0.00,   0.00,-439.95)
 |   264 Air                    7   14.784   0.0012  30528.7508   71299.2615      0.150   440.10   57.252226    9.953594  (   0.00,   0.00,-440.10)
 |   265 Polystyrene            6   11.077   1.0320     42.5383      70.1339      0.500   440.60   57.263980    9.960723  (   0.00,   0.00,-440.60)
 |   266 Steel235              26   55.757   7.8500      1.7652      16.9882      1.000   441.60   57.830472   10.019588  (   0.00,   0.00,-441.60)
 |   267 Air                    7   14.784   0.0012  30528.7508   71299.2615      0.150   441.75   57.830477   10.019590  (   0.00,   0.00,-441.75)
 |   268 Polystyrene            6   11.077   1.0320     42.5383      70.1339      0.500   442.25   57.842231   10.026719  (   0.00,   0.00,-442.25)
 |   269 Steel235              26   55.757   7.8500      1.7652      16.9882      1.000   443.25   58.408723   10.085584  (   0.00,   0.00,-443.25)
 |   270 Air                    7   14.784   0.0012  30528.7508   71299.2615      0.150   443.40   58.408728   10.085586  (   0.00,   0.00,-443.40)
 |   271 Polystyrene            6   11.077   1.0320     42.5383      70.1339      0.500   443.90   58.420482   10.092715  (   0.00,   0.00,-443.90)
 |   272 Steel235              26   55.757   7.8500      1.7652      16.9882      1.000   444.90   58.986975   10.151579  (   0.00,   0.00,-444.90)
 |   273 Air                    7   14.784   0.0012  30528.7508   71299.2615      0.150   445.05   58.986980   10.151581  (   0.00,   0.00,-445.05)
 |   274 Polystyrene            6   11.077   1.0320     42.5383      70.1339      0.500   445.55   58.998734   10.158711  (   0.00,   0.00,-445.55)
 |   275 Steel235              26   55.757   7.8500      1.7652      16.9882      1.000   446.55   59.565226   10.217575  (   0.00,   0.00,-446.55)
 |   276 Air                    7   14.784   0.0012  30528.7508   71299.2615      0.150   446.70   59.565231   10.217577  (   0.00,   0.00,-446.70)
 |   277 Polystyrene            6   11.077   1.0320     42.5383      70.1339      0.500   447.20   59.576985   10.224706  (   0.00,   0.00,-447.20)
 |   278 Steel235              26   55.757   7.8500      1.7652      16.9882      1.000   448.20   60.143477   10.283571  (   0.00,   0.00,-448.20)
 |   279 Air                    7   14.784   0.0012  30528.7508   71299.2615      0.150   448.35   60.143482   10.283573  (   0.00,   0.00,-448.35)
 |   280 Polystyrene            6   11.077   1.0320     42.5383      70.1339      0.500   448.85   60.155236   10.290702  (   0.00,   0.00,-448.85)
 |   281 Steel235              26   55.757   7.8500      1.7652      16.9882      1.000   449.85   60.721728   10.349567  (   0.00,   0.00,-449.85)
 |   282 Air                    7   14.784   0.0012  30528.7508   71299.2615      0.150   450.00   60.721733   10.349569  (   0.00,   0.00,-450.00)
 |   283 Polystyrene            6   11.077   1.0320     42.5383      70.1339      0.500   450.50   60.733487   10.356698  (   0.00,   0.00,-450.50)
 |   284 Steel235              26   55.757   7.8500      1.7652      16.9882      1.000   451.50   61.299979   10.415562  (   0.00,   0.00,-451.50)
 |   285 Air                    7   14.784   0.0012  30528.7508   71299.2615      0.150   451.65   61.299984   10.415565  (   0.00,   0.00,-451.65)
 |   286 Polystyrene            6   11.077   1.0320     42.5383      70.1339      0.500   452.15   61.311738   10.422694  (   0.00,   0.00,-452.15)
 |   287 Steel235              26   55.757   7.8500      1.7652      16.9882      1.000   453.15   61.878231   10.481558  (   0.00,   0.00,-453.15)
 |   288 Air                    7   14.784   0.0012  30528.7508   71299.2615      0.150   453.30   61.878236   10.481560  (   0.00,   0.00,-453.30)
 |   289 Polystyrene            6   11.077   1.0320     42.5383      70.1339      0.500   453.80   61.889990   10.488690  (   0.00,   0.00,-453.80)
 |   290 Steel235              26   55.757   7.8500      1.7652      16.9882      1.000   454.80   62.456482   10.547554  (   0.00,   0.00,-454.80)
 |   291 Air                    7   14.784   0.0012  30528.7508   71299.2615      0.150   454.95   62.456487   10.547556  (   0.00,   0.00,-454.95)
 |   292 Polystyrene            6   11.077   1.0320     42.5383      70.1339      0.500   455.45   62.468241   10.554685  (   0.00,   0.00,-455.45)
 |   293 Steel235              26   55.757   7.8500      1.7652      16.9882      1.000   456.45   63.034733   10.613550  (   0.00,   0.00,-456.45)
 |   294 Air                    7   14.784   0.0012  30528.7508   71299.2615      0.150   456.60   63.034738   10.613552  (   0.00,   0.00,-456.60)
 |   295 Polystyrene            6   11.077   1.0320     42.5383      70.1339      0.500   457.10   63.046492   10.620681  (   0.00,   0.00,-457.10)
 |   296 Steel235              26   55.757   7.8500      1.7652      16.9882      1.000   458.10   63.612984   10.679546  (   0.00,   0.00,-458.10)
 |   297 Air                    7   14.784   0.0012  30528.7508   71299.2615      0.150   458.25   63.612989   10.679548  (   0.00,   0.00,-458.25)
 |   298 Polystyrene            6   11.077   1.0320     42.5383      70.1339      0.500   458.75   63.624743   10.686677  (   0.00,   0.00,-458.75)
 |   299 Steel235              26   55.757   7.8500      1.7652      16.9882      1.000   459.75   64.191235   10.745541  (   0.00,   0.00,-459.75)
 |   300 Air                    7   14.784   0.0012  30528.7508   71299.2615      0.150   459.90   64.191240   10.745544  (   0.00,   0.00,-459.90)
 |   301 Polystyrene            6   11.077   1.0320     42.5383      70.1339      0.500   460.40   64.202994   10.752673  (   0.00,   0.00,-460.40)
 |   302 Steel235              26   55.757   7.8500      1.7652      16.9882      1.000   461.40   64.769487   10.811537  (   0.00,   0.00,-461.40)
 |   303 Air                    7   14.784   0.0012  30528.7508   71299.2615      0.150   461.55   64.769492   10.811539  (   0.00,   0.00,-461.55)
 |   304 Polystyrene            6   11.077   1.0320     42.5383      70.1339      0.500   462.05   64.781246   10.818669  (   0.00,   0.00,-462.05)
 |   305 Steel235              26   55.757   7.8500      1.7652      16.9882      1.000   463.05   65.347738   10.877533  (   0.00,   0.00,-463.05)
 |   306 Air                    7   14.784   0.0012  30528.7508   71299.2615      0.150   463.20   65.347743   10.877535  (   0.00,   0.00,-463.20)
 |   307 Polystyrene            6   11.077   1.0320     42.5383      70.1339      0.500   463.70   65.359497   10.884664  (   0.00,   0.00,-463.70)
 |   308 Steel235              26   55.757   7.8500      1.7652      16.9882      1.000   464.70   65.925989   10.943529  (   0.00,   0.00,-464.70)
 |   309 Air                    7   14.784   0.0012  30528.7508   71299.2615      0.150   464.85   65.925994   10.943531  (   0.00,   0.00,-464.85)
 |   310 Polystyrene            6   11.077   1.0320     42.5383      70.1339      0.500   465.35   65.937748   10.950660  (   0.00,   0.00,-465.35)
 |   311 Steel235              26   55.757   7.8500      1.7652      16.9882      1.000   466.35   66.504240   11.009525  (   0.00,   0.00,-466.35)
 |   312 Air                    7   14.784   0.0012  30528.7508   71299.2615      0.150   466.50   66.504245   11.009527  (   0.00,   0.00,-466.50)
 |   313 Polystyrene            6   11.077   1.0320     42.5383      70.1339      0.500   467.00   66.515999   11.016656  (   0.00,   0.00,-467.00)
 |   314 Steel235              26   55.757   7.8500      1.7652      16.9882      1.000   468.00   67.082491   11.075520  (   0.00,   0.00,-468.00)
 |   315 Air                    7   14.784   0.0012  30528.7508   71299.2615      0.150   468.15   67.082496   11.075523  (   0.00,   0.00,-468.15)
 |   316 Polystyrene            6   11.077   1.0320     42.5383      70.1339      0.500   468.65   67.094251   11.082652  (   0.00,   0.00,-468.65)
 |   317 Steel235              26   55.757   7.8500      1.7652      16.9882      1.000   469.65   67.660743   11.141516  (   0.00,   0.00,-469.65)
 |   318 Air                    7   14.784   0.0012  30528.7508   71299.2615      0.150   469.80   67.660748   11.141518  (   0.00,   0.00,-469.80)
 |   319 Polystyrene            6   11.077   1.0320     42.5383      70.1339      0.500   470.30   67.672502   11.148648  (   0.00,   0.00,-470.30)
 |   320 Steel235              26   55.757   7.8500      1.7652      16.9882      1.000   471.30   68.238994   11.207512  (   0.00,   0.00,-471.30)
 |   321 Air                    7   14.784   0.0012  30528.7508   71299.2615      0.150   471.45   68.238999   11.207514  (   0.00,   0.00,-471.45)
 |   322 Polystyrene            6   11.077   1.0320     42.5383      70.1339      0.500   471.95   68.250753   11.214643  (   0.00,   0.00,-471.95)
 |   323 Steel235              26   55.757   7.8500      1.7652      16.9882      1.000   472.95   68.817245   11.273508  (   0.00,   0.00,-472.95)
 |   324 Air                    7   14.784   0.0012  30528.7508   71299.2615      0.150   473.10   68.817250   11.273510  (   0.00,   0.00,-473.10)
 |   325 Polystyrene            6   11.077   1.0320     42.5383      70.1339      0.500   473.60   68.829004   11.280639  (   0.00,   0.00,-473.60)
 |   326 Steel235              26   55.757   7.8500      1.7652      16.9882      1.000   474.60   69.395496   11.339504  (   0.00,   0.00,-474.60)
 |   327 Air                    7   14.784   0.0012  30528.7508   71299.2615      0.150   474.75   69.395501   11.339506  (   0.00,   0.00,-474.75)
 |   328 Polystyrene            6   11.077   1.0320     42.5383      70.1339      0.500   475.25   69.407255   11.346635  (   0.00,   0.00,-475.25)
 |   329 Steel235              26   55.757   7.8500      1.7652      16.9882      1.000   476.25   69.973748   11.405499  (   0.00,   0.00,-476.25)
 |   330 Air                    7   14.784   0.0012  30528.7508   71299.2615      0.150   476.40   69.973752   11.405501  (   0.00,   0.00,-476.40)
 |   331 Polystyrene            6   11.077   1.0320     42.5383      70.1339      0.500   476.90   69.985507   11.412631  (   0.00,   0.00,-476.90)
 |   332 Steel235              26   55.757   7.8500      1.7652      16.9882      1.000   477.90   70.551999   11.471495  (   0.00,   0.00,-477.90)
 |   333 Air                    7   14.784   0.0012  30528.7508   71299.2615      0.150   478.05   70.552004   11.471497  (   0.00,   0.00,-478.05)
 |   334 Polystyrene            6   11.077   1.0320     42.5383      70.1339      0.500   478.55   70.563758   11.478627  (   0.00,   0.00,-478.55)
 |   335 Steel235              26   55.757   7.8500      1.7652      16.9882      1.000   479.55   71.130250   11.537491  (   0.00,   0.00,-479.55)
 |   336 Air                    7   14.784   0.0012  30528.7508   71299.2615      0.150   479.70   71.130255   11.537493  (   0.00,   0.00,-479.70)
 |   337 Polystyrene            6   11.077   1.0320     42.5383      70.1339      0.500   480.20   71.142009   11.544622  (   0.00,   0.00,-480.20)
 |   338 Steel235              26   55.757   7.8500      1.7652      16.9882      1.000   481.20   71.708501   11.603487  (   0.00,   0.00,-481.20)
 |   339 Air                    7   14.784   0.0012  30528.7508   71299.2615      0.150   481.35   71.708506   11.603489  (   0.00,   0.00,-481.35)
 |   340 Polystyrene            6   11.077   1.0320     42.5383      70.1339      0.500   481.85   71.720260   11.610618  (   0.00,   0.00,-481.85)
 |   341 Steel235              26   55.757   7.8500      1.7652      16.9882      1.000   482.85   72.286752   11.669483  (   0.00,   0.00,-482.85)
 |   342 Air                    7   14.784   0.0012  30528.7508   71299.2615      0.150   483.00   72.286757   11.669485  (   0.00,   0.00,-483.00)
 |   343 Polystyrene            6   11.077   1.0320     42.5383      70.1339      0.500   483.50   72.298511   11.676614  (   0.00,   0.00,-483.50)
 |   344 Steel235              26   55.757   7.8500      1.7652      16.9882      1.000   484.50   72.865004   11.735478  (   0.00,   0.00,-484.50)
 |   345 Air                    7   14.784   0.0012  30528.7508   71299.2615      0.150   484.65   72.865008   11.735480  (   0.00,   0.00,-484.65)
 |   346 Polystyrene            6   11.077   1.0320     42.5383      70.1339      0.500   485.15   72.876763   11.742610  (   0.00,   0.00,-485.15)
 |   347 Steel235              26   55.757   7.8500      1.7652      16.9882      1.000   486.15   73.443255   11.801474  (   0.00,   0.00,-486.15)
 |   348 Air                    7   14.784   0.0012  30528.7508   71299.2615      0.150   486.30   73.443260   11.801476  (   0.00,   0.00,-486.30)
 |   349 Polystyrene            6   11.077   1.0320     42.5383      70.1339      0.500   486.80   73.455014   11.808605  (   0.00,   0.00,-486.80)
 |   350 Steel235              26   55.757   7.8500      1.7652      16.9882      1.000   487.80   74.021506   11.867470  (   0.00,   0.00,-487.80)
 |   351 Air                    7   14.784   0.0012  30528.7508   71299.2615      0.150   487.95   74.021511   11.867472  (   0.00,   0.00,-487.95)
 |   352 Polystyrene            6   11.077   1.0320     42.5383      70.1339      0.500   488.45   74.033265   11.874601  (   0.00,   0.00,-488.45)
 |   353 Steel235              26   55.757   7.8500      1.7652      16.9882      1.000   489.45   74.599757   11.933466  (   0.00,   0.00,-489.45)
 |   354 Air                    7   14.784   0.0012  30528.7508   71299.2615      0.150   489.60   74.599762   11.933468  (   0.00,   0.00,-489.60)
 |   355 Polystyrene            6   11.077   1.0320     42.5383      70.1339      0.500   490.10   74.611516   11.940597  (   0.00,   0.00,-490.10)
 |   356 Steel235              26   55.757   7.8500      1.7652      16.9882      1.000   491.10   75.178008   11.999462  (   0.00,   0.00,-491.10)
 |   357 Air                    7   14.784   0.0012  30528.7508   71299.2615      0.150   491.25   75.178013   11.999464  (   0.00,   0.00,-491.25)
 |   358 Polystyrene            6   11.077   1.0320     42.5383      70.1339      0.500   491.75   75.189767   12.006593  (   0.00,   0.00,-491.75)
 |   359 Steel235              26   55.757   7.8500      1.7652      16.9882      1.000   492.75   75.756260   12.065457  (   0.00,   0.00,-492.75)
 |   360 Air                    7   14.784   0.0012  30528.7508   71299.2615      0.150   492.90   75.756264   12.065459  (   0.00,   0.00,-492.90)
 |   361 Polystyrene            6   11.077   1.0320     42.5383      70.1339      0.500   493.40   75.768019   12.072589  (   0.00,   0.00,-493.40)
 |   362 Steel235              26   55.757   7.8500      1.7652      16.9882      1.000   494.40   76.334511   12.131453  (   0.00,   0.00,-494.40)
 |   363 Air                    7   14.784   0.0012  30528.7508   71299.2615      0.150   494.55   76.334516   12.131455  (   0.00,   0.00,-494.55)
 |   364 Polystyrene            6   11.077   1.0320     42.5383      70.1339      0.500   495.05   76.346270   12.138584  (   0.00,   0.00,-495.05)
 |   365 Steel235              26   55.757   7.8500      1.7652      16.9882      1.000   496.05   76.912762   12.197449  (   0.00,   0.00,-496.05)
 |   366 Air                    7   14.784   0.0012  30528.7508   71299.2615      0.150   496.20   76.912767   12.197451  (   0.00,   0.00,-496.20)
 |   367 Polystyrene            6   11.077   1.0320     42.5383      70.1339      0.500   496.70   76.924521   12.204580  (   0.00,   0.00,-496.70)
 |   368 Steel235              26   55.757   7.8500      1.7652      16.9882      1.000   497.70   77.491013   12.263445  (   0.00,   0.00,-497.70)
 |   369 Air                    7   14.784   0.0012  30528.7508   71299.2615      0.150   497.85   77.491018   12.263447  (   0.00,   0.00,-497.85)
 |   370 Polystyrene            6   11.077   1.0320     42.5383      70.1339      0.500   498.35   77.502772   12.270576  (   0.00,   0.00,-498.35)
 |   371 Steel235              26   55.757   7.8500      1.7652      16.9882      1.000   499.35   78.069264   12.329440  (   0.00,   0.00,-499.35)
 |   372 Air                    7   14.784   0.0012  30528.7508   71299.2615      0.150   499.50   78.069269   12.329443  (   0.00,   0.00,-499.50)
 |   373 Polystyrene            6   11.077   1.0320     42.5383      70.1339      0.500   500.00   78.081023   12.336572  (   0.00,   0.00,-500.00)
 |   374 Steel235              26   55.757   7.8500      1.7652      16.9882      1.000   501.00   78.647516   12.395436  (   0.00,   0.00,-501.00)
 |   375 Air                    7   14.784   0.0012  30528.7508   71299.2615      0.150   501.15   78.647521   12.395438  (   0.00,   0.00,-501.15)
 |   376 Polystyrene            6   11.077   1.0320     42.5383      70.1339      0.500   501.65   78.659275   12.402568  (   0.00,   0.00,-501.65)
 |   377 Steel235              26   55.757   7.8500      1.7652      16.9882      1.000   502.65   79.225767   12.461432  (   0.00,   0.00,-502.65)
 |   378 Air                    7   14.784   0.0012  30528.7508   71299.2615      0.150   502.80   79.225772   12.461434  (   0.00,   0.00,-502.80)
 |   379 Polystyrene            6   11.077   1.0320     42.5383      70.1339      0.500   503.30   79.237526   12.468563  (   0.00,   0.00,-503.30)
 |   380 Steel235              26   55.757   7.8500      1.7652      16.9882      1.000   504.30   79.804018   12.527428  (   0.00,   0.00,-504.30)
 |   381 Air                    7   14.784   0.0012  30528.7508   71299.2615      0.150   504.45   79.804023   12.527430  (   0.00,   0.00,-504.45)
 |   382 Polystyrene            6   11.077   1.0320     42.5383      70.1339      0.500   504.95   79.815777   12.534559  (   0.00,   0.00,-504.95)
 |   383 Steel235              26   55.757   7.8500      1.7652      16.9882      1.000   505.95   80.382269   12.593424  (   0.00,   0.00,-505.95)
 |   384 Air                    7   14.784   0.0012  30528.7508   71299.2615      0.150   506.10   80.382274   12.593426  (   0.00,   0.00,-506.10)
 |   385 Polystyrene            6   11.077   1.0320     42.5383      70.1339      0.500   506.60   80.394028   12.600555  (   0.00,   0.00,-506.60)
 |   386 Steel235              26   55.757   7.8500      1.7652      16.9882      1.000   507.60   80.960520   12.659419  (   0.00,   0.00,-507.60)
 |   387 Air                    7   14.784   0.0012  30528.7508   71299.2615      0.150   507.75   80.960525   12.659422  (   0.00,   0.00,-507.75)
 |   388 Polystyrene            6   11.077   1.0320     42.5383      70.1339      0.500   508.25   80.972279   12.666551  (   0.00,   0.00,-508.25)
 |   389 Steel235              26   55.757   7.8500      1.7652      16.9882      1.000   509.25   81.538772   12.725415  (   0.00,   0.00,-509.25)
 |   390 Air                    7   14.784   0.0012  30528.7508   71299.2615      0.150   509.40   81.538777   12.725417  (   0.00,   0.00,-509.40)
 |   391 Polystyrene            6   11.077   1.0320     42.5383      70.1339      0.500   509.90   81.550531   12.732547  (   0.00,   0.00,-509.90)
 |   392 Steel235              26   55.757   7.8500      1.7652      16.9882      1.000   510.90   82.117023   12.791411  (   0.00,   0.00,-510.90)
 |   393 Air                    7   14.784   0.0012  30528.7508   71299.2615      0.150   511.05   82.117028   12.791413  (   0.00,   0.00,-511.05)
 |   394 Polystyrene            6   11.077   1.0320     42.5383      70.1339      0.500   511.55   82.128782   12.798542  (   0.00,   0.00,-511.55)
 |   395 Steel235              26   55.757   7.8500      1.7652      16.9882      1.000   512.55   82.695274   12.857407  (   0.00,   0.00,-512.55)
 |   396 Air                    7   14.784   0.0012  30528.7508   71299.2615      0.150   512.70   82.695279   12.857409  (   0.00,   0.00,-512.70)
 |   397 Polystyrene            6   11.077   1.0320     42.5383      70.1339      0.500   513.20   82.707033   12.864538  (   0.00,   0.00,-513.20)
 |   398 Steel235              26   55.757   7.8500      1.7652      16.9882      1.000   514.20   83.273525   12.923403  (   0.00,   0.00,-514.20)
 |   399 Air                    7   14.784   0.0012  30528.7508   71299.2615      0.150   514.35   83.273530   12.923405  (   0.00,   0.00,-514.35)
 |   400 Polystyrene            6   11.077   1.0320     42.5383      70.1339      0.500   514.85   83.285284   12.930534  (   0.00,   0.00,-514.85)
 |   401 Steel235              26   55.757   7.8500      1.7652      16.9882      1.000   515.85   83.851776   12.989398  (   0.00,   0.00,-515.85)
 |   402 Air                    7   14.784   0.0012  30528.7508   71299.2615      0.150   516.00   83.851781   12.989401  (   0.00,   0.00,-516.00)
 |   403 Polystyrene            6   11.077   1.0320     42.5383      70.1339      0.500   516.50   83.863535   12.996530  (   0.00,   0.00,-516.50)
 |   404 Steel235              26   55.757   7.8500      1.7652      16.9882      1.000   517.50   84.430028   13.055394  (   0.00,   0.00,-517.50)
 |   405 Air                    7   14.784   0.0012  30528.7508   71299.2615      0.150   517.65   84.430033   13.055396  (   0.00,   0.00,-517.65)
 |   406 Polystyrene            6   11.077   1.0320     42.5383      70.1339      0.500   518.15   84.441787   13.062526  (   0.00,   0.00,-518.15)
 |   407 Steel235              26   55.757   7.8500      1.7652      16.9882      1.000   519.15   85.008279   13.121390  (   0.00,   0.00,-519.15)
 |   408 Air                    7   14.784   0.0012  30528.7508   71299.2615      0.150   519.30   85.008284   13.121392  (   0.00,   0.00,-519.30)
 |   409 Polystyrene            6   11.077   1.0320     42.5383      70.1339      0.500   519.80   85.020038   13.128521  (   0.00,   0.00,-519.80)
 |   410 Steel235              26   55.757   7.8500      1.7652      16.9882      1.000   520.80   85.586530   13.187386  (   0.00,   0.00,-520.80)
 |   411 Air                    7   14.784   0.0012  30528.7508   71299.2615      0.150   520.95   85.586535   13.187388  (   0.00,   0.00,-520.95)
 |   412 Polystyrene            6   11.077   1.0320     42.5383      70.1339      0.500   521.45   85.598289   13.194517  (   0.00,   0.00,-521.45)
 |   413 Steel235              26   55.757   7.8500      1.7652      16.9882      1.000   522.45   86.164781   13.253382  (   0.00,   0.00,-522.45)
 |   414 Air                    7   14.784   0.0012  30528.7508   71299.2615      0.150   522.60   86.164786   13.253384  (   0.00,   0.00,-522.60)
 |   415 Polystyrene            6   11.077   1.0320     42.5383      70.1339      0.500   523.10   86.176540   13.260513  (   0.00,   0.00,-523.10)
 |   416 Steel235              26   55.757   7.8500      1.7652      16.9882      1.000   524.10   86.743032   13.319377  (   0.00,   0.00,-524.10)
 |   417 Air                    7   14.784   0.0012  30528.7508   71299.2615      0.150   524.25   86.743037   13.319379  (   0.00,   0.00,-524.25)
 |   418 Polystyrene            6   11.077   1.0320     42.5383      70.1339      0.500   524.75   86.754792   13.326509  (   0.00,   0.00,-524.75)
 |   419 Steel235              26   55.757   7.8500      1.7652      16.9882      1.000   525.75   87.321284   13.385373  (   0.00,   0.00,-525.75)
 |   420 Air                    7   14.784   0.0012  30528.7508   71299.2615      0.150   525.90   87.321289   13.385375  (   0.00,   0.00,-525.90)
 |   421 Polystyrene            6   11.077   1.0320     42.5383      70.1339      0.500   526.40   87.333043   13.392504  (   0.00,   0.00,-526.40)
 |   422 Steel235              26   55.757   7.8500      1.7652      16.9882      1.000   527.40   87.899535   13.451369  (   0.00,   0.00,-527.40)
 |   423 Air                    7   14.784   0.0012  30528.7508   71299.2615      0.150   527.55   87.899540   13.451371  (   0.00,   0.00,-527.55)
 |   424 Polystyrene            6   11.077   1.0320     42.5383      70.1339      0.500   528.05   87.911294   13.458500  (   0.00,   0.00,-528.05)
 |   425 Steel235              26   55.757   7.8500      1.7652      16.9882      1.000   529.05   88.477786   13.517365  (   0.00,   0.00,-529.05)
 |   426 Air                    7   14.784   0.0012  30528.7508   71299.2615      0.150   529.20   88.477791   13.517367  (   0.00,   0.00,-529.20)
 |   427 Polystyrene            6   11.077   1.0320     42.5383      70.1339      0.500   529.70   88.489545   13.524496  (   0.00,   0.00,-529.70)
 |   428 Steel235              26   55.757   7.8500      1.7652      16.9882      1.000   530.70   89.056037   13.583361  (   0.00,   0.00,-530.70)
 |   429 Air                    7   14.784   0.0012  30528.7508   71299.2615      0.150   530.85   89.056042   13.583363  (   0.00,   0.00,-530.85)
 |   430 Polystyrene            6   11.077   1.0320     42.5383      70.1339      0.500   531.35   89.067796   13.590492  (   0.00,   0.00,-531.35)
 |   431 Steel235              26   55.757   7.8500      1.7652      16.9882      1.000   532.35   89.634288   13.649356  (   0.00,   0.00,-532.35)
 |   432 Air                    7   14.784   0.0012  30528.7508   71299.2615      0.150   532.50   89.634293   13.649358  (   0.00,   0.00,-532.50)
 |   433 Polystyrene            6   11.077   1.0320     42.5383      70.1339      0.500   533.00   89.646048   13.656488  (   0.00,   0.00,-533.00)
 |   434 Steel235              26   55.757   7.8500      1.7652      16.9882      1.000   534.00   90.212540   13.715352  (   0.00,   0.00,-534.00)
 |   435 Air                    7   14.784   0.0012  30528.7508   71299.2615      0.150   534.15   90.212545   13.715354  (   0.00,   0.00,-534.15)
 |   436 Polystyrene            6   11.077   1.0320     42.5383      70.1339      0.500   534.65   90.224299   13.722483  (   0.00,   0.00,-534.65)
 |   437 Steel235              26   55.757   7.8500      1.7652      16.9882      1.000   535.65   90.790791   13.781348  (   0.00,   0.00,-535.65)
 |   438 Air                    7   14.784   0.0012  30528.7508   71299.2615      0.150   535.80   90.790796   13.781350  (   0.00,   0.00,-535.80)
 |   439 Polystyrene            6   11.077   1.0320     42.5383      70.1339      0.500   536.30   90.802550   13.788479  (   0.00,   0.00,-536.30)
 |   440 Steel235              26   55.757   7.8500      1.7652      16.9882      1.000   537.30   91.369042   13.847344  (   0.00,   0.00,-537.30)
 |   441 Air                    7   14.784   0.0012  30528.7508   71299.2615      5.900   543.20   91.369235   13.847426  (   0.00,   0.00,-543.20)
 |   442 Iron                  26   55.845   7.8740      1.7575      16.9589     10.000   553.20   97.059168   14.437087  (   0.00,   0.00,-553.20)
 |   443 Aluminum              13   26.982   2.6990      8.8963      38.8767      0.100   553.30   97.070409   14.439659  (   0.00,   0.00,-553.30)
 |   444 Air                    7   14.784   0.0012  30528.7508   71299.2615      0.350   553.65   97.070420   14.439664  (   0.00,   0.00,-553.65)
 |   445 PyrexGlass            10   20.495   2.2300     12.6748      42.3068      0.200   553.85   97.086200   14.444391  (   0.00,   0.00,-553.85)
 |   446 RPCGasDefault          8   16.809   0.0037   9559.7023   23347.6182      0.200   554.05   97.086220   14.444400  (   0.00,   0.00,-554.05)
 |   447 PyrexGlass            10   20.495   2.2300     12.6748      42.3068      0.200   554.25   97.102000   14.449127  (   0.00,   0.00,-554.25)
 |   448 Air                    7   14.784   0.0012  30528.7508   71299.2615      0.350   554.60   97.102011   14.449132  (   0.00,   0.00,-554.60)
 |   449 Aluminum              13   26.982   2.6990      8.8963      38.8767      0.100   554.70   97.113252   14.451704  (   0.00,   0.00,-554.70)
 |   450 Aluminum              13   26.982   2.6990      8.8963      38.8767      0.100   554.80   97.124493   14.454276  (   0.00,   0.00,-554.80)
 |   451 Air                    7   14.784   0.0012  30528.7508   71299.2615      0.350   555.15   97.124504   14.454281  (   0.00,   0.00,-555.15)
 |   452 PyrexGlass            10   20.495   2.2300     12.6748      42.3068      0.200   555.35   97.140283   14.459009  (   0.00,   0.00,-555.35)
 |   453 RPCGasDefault          8   16.809   0.0037   9559.7023   23347.6182      0.200   555.55   97.140304   14.459017  (   0.00,   0.00,-555.55)
 |   454 PyrexGlass            10   20.495   2.2300     12.6748      42.3068      0.200   555.75   97.156084   14.463745  (   0.00,   0.00,-555.75)
 |   455 Air                    7   14.784   0.0012  30528.7508   71299.2615      0.350   556.10   97.156095   14.463750  (   0.00,   0.00,-556.10)
 |   456 Aluminum              13   26.982   2.6990      8.8963      38.8767      0.100   556.20   97.167336   14.466322  (   0.00,   0.00,-556.20)
 |   457 Air                    7   14.784   0.0012  30528.7508   71299.2615      1.000   557.20   97.167368   14.466336  (   0.00,   0.00,-557.20)
 |   458 Iron                  26   55.845   7.8740      1.7575      16.9589     10.000   567.20  102.857301   15.055996  (   0.00,   0.00,-567.20)
 |   459 Aluminum              13   26.982   2.6990      8.8963      38.8767      0.100   567.30  102.868542   15.058568  (   0.00,   0.00,-567.30)
 |   460 Air                    7   14.784   0.0012  30528.7508   71299.2615      0.350   567.65  102.868553   15.058573  (   0.00,   0.00,-567.65)
 |   461 PyrexGlass            10   20.495   2.2300     12.6748      42.3068      0.200   567.85  102.884333   15.063300  (   0.00,   0.00,-567.85)
 |   462 RPCGasDefault          8   16.809   0.0037   9559.7023   23347.6182      0.200   568.05  102.884354   15.063309  (   0.00,   0.00,-568.05)
 |   463 PyrexGlass            10   20.495   2.2300     12.6748      42.3068      0.200   568.25  102.900133   15.068036  (   0.00,   0.00,-568.25)
 |   464 Air                    7   14.784   0.0012  30528.7508   71299.2615      0.350   568.60  102.900144   15.068041  (   0.00,   0.00,-568.60)
 |   465 Aluminum              13   26.982   2.6990      8.8963      38.8767      0.100   568.70  102.911385   15.070613  (   0.00,   0.00,-568.70)
 |   466 Aluminum              13   26.982   2.6990      8.8963      38.8767      0.100   568.80  102.922626   15.073186  (   0.00,   0.00,-568.80)
 |   467 Air                    7   14.784   0.0012  30528.7508   71299.2615      0.350   569.15  102.922637   15.073191  (   0.00,   0.00,-569.15)
 |   468 PyrexGlass            10   20.495   2.2300     12.6748      42.3068      0.200   569.35  102.938416   15.077918  (   0.00,   0.00,-569.35)
 |   469 RPCGasDefault          8   16.809   0.0037   9559.7023   23347.6182      0.200   569.55  102.938437   15.077927  (   0.00,   0.00,-569.55)
 |   470 PyrexGlass            10   20.495   2.2300     12.6748      42.3068      0.200   569.75  102.954217   15.082654  (   0.00,   0.00,-569.75)
 |   471 Air                    7   14.784   0.0012  30528.7508   71299.2615      0.350   570.10  102.954228   15.082659  (   0.00,   0.00,-570.10)
 |   472 Aluminum              13   26.982   2.6990      8.8963      38.8767      0.100   570.20  102.965469   15.085231  (   0.00,   0.00,-570.20)
 |   473 Air                    7   14.784   0.0012  30528.7508   71299.2615      1.000   571.20  102.965502   15.085245  (   0.00,   0.00,-571.20)
 |   474 Iron                  26   55.845   7.8740      1.7575      16.9589     10.000   581.20  108.655434   15.674905  (   0.00,   0.00,-581.20)
 |   475 Aluminum              13   26.982   2.6990      8.8963      38.8767      0.100   581.30  108.666675   15.677477  (   0.00,   0.00,-581.30)
 |   476 Air                    7   14.784   0.0012  30528.7508   71299.2615      0.350   581.65  108.666686   15.677482  (   0.00,   0.00,-581.65)
 |   477 PyrexGlass            10   20.495   2.2300     12.6748      42.3068      0.200   581.85  108.682466   15.682210  (   0.00,   0.00,-581.85)
 |   478 RPCGasDefault          8   16.809   0.0037   9559.7023   23347.6182      0.200   582.05  108.682487   15.682218  (   0.00,   0.00,-582.05)
 |   479 PyrexGlass            10   20.495   2.2300     12.6748      42.3068      0.200   582.25  108.698266   15.686946  (   0.00,   0.00,-582.25)
 |   480 Air                    7   14.784   0.0012  30528.7508   71299.2615      0.350   582.60  108.698278   15.686951  (   0.00,   0.00,-582.60)
 |   481 Aluminum              13   26.982   2.6990      8.8963      38.8767      0.100   582.70  108.709518   15.689523  (   0.00,   0.00,-582.70)
 |   482 Aluminum              13   26.982   2.6990      8.8963      38.8767      0.100   582.80  108.720759   15.692095  (   0.00,   0.00,-582.80)
 |   483 Air                    7   14.784   0.0012  30528.7508   71299.2615      0.350   583.15  108.720770   15.692100  (   0.00,   0.00,-583.15)
 |   484 PyrexGlass            10   20.495   2.2300     12.6748      42.3068      0.200   583.35  108.736550   15.696827  (   0.00,   0.00,-583.35)
 |   485 RPCGasDefault          8   16.809   0.0037   9559.7023   23347.6182      0.200   583.55  108.736570   15.696836  (   0.00,   0.00,-583.55)
 |   486 PyrexGlass            10   20.495   2.2300     12.6748      42.3068      0.200   583.75  108.752350   15.701563  (   0.00,   0.00,-583.75)
 |   487 Air                    7   14.784   0.0012  30528.7508   71299.2615      0.350   584.10  108.752361   15.701568  (   0.00,   0.00,-584.10)
 |   488 Aluminum              13   26.982   2.6990      8.8963      38.8767      0.100   584.20  108.763602   15.704140  (   0.00,   0.00,-584.20)
 |   489 Air                    7   14.784   0.0012  30528.7508   71299.2615      1.000   585.20  108.763635   15.704154  (   0.00,   0.00,-585.20)
 |   490 Iron                  26   55.845   7.8740      1.7575      16.9589     10.000   595.20  114.453567   16.293815  (   0.00,   0.00,-595.20)
 |   491 Aluminum              13   26.982   2.6990      8.8963      38.8767      0.100   595.30  114.464808   16.296387  (   0.00,   0.00,-595.30)
 |   492 Air                    7   14.784   0.0012  30528.7508   71299.2615      0.350   595.65  114.464819   16.296392  (   0.00,   0.00,-595.65)
 |   493 PyrexGlass            10   20.495   2.2300     12.6748      42.3068      0.200   595.85  114.480599   16.301119  (   0.00,   0.00,-595.85)
 |   494 RPCGasDefault          8   16.809   0.0037   9559.7023   23347.6182      0.200   596.05  114.480620   16.301128  (   0.00,   0.00,-596.05)
 |   495 PyrexGlass            10   20.495   2.2300     12.6748      42.3068      0.200   596.25  114.496399   16.305855  (   0.00,   0.00,-596.25)
 |   496 Air                    7   14.784   0.0012  30528.7508   71299.2615      0.350   596.60  114.496411   16.305860  (   0.00,   0.00,-596.60)
 |   497 Aluminum              13   26.982   2.6990      8.8963      38.8767      0.100   596.70  114.507651   16.308432  (   0.00,   0.00,-596.70)
 |   498 Aluminum              13   26.982   2.6990      8.8963      38.8767      0.100   596.80  114.518892   16.311004  (   0.00,   0.00,-596.80)
 |   499 Air                    7   14.784   0.0012  30528.7508   71299.2615      0.350   597.15  114.518903   16.311009  (   0.00,   0.00,-597.15)
 |   500 PyrexGlass            10   20.495   2.2300     12.6748      42.3068      0.200   597.35  114.534683   16.315737  (   0.00,   0.00,-597.35)
 |   501 RPCGasDefault          8   16.809   0.0037   9559.7023   23347.6182      0.200   597.55  114.534704   16.315745  (   0.00,   0.00,-597.55)
 |   502 PyrexGlass            10   20.495   2.2300     12.6748      42.3068      0.200   597.75  114.550483   16.320473  (   0.00,   0.00,-597.75)
 |   503 Air                    7   14.784   0.0012  30528.7508   71299.2615      0.350   598.10  114.550494   16.320477  (   0.00,   0.00,-598.10)
 |   504 Aluminum              13   26.982   2.6990      8.8963      38.8767      0.100   598.20  114.561735   16.323050  (   0.00,   0.00,-598.20)
 |   505 Air                    7   14.784   0.0012  30528.7508   71299.2615      1.000   599.20  114.561768   16.323064  (   0.00,   0.00,-599.20)
 |   506 Iron                  26   55.845   7.8740      1.7575      16.9589     10.000   609.20  120.251700   16.912724  (   0.00,   0.00,-609.20)
 |   507 Aluminum              13   26.982   2.6990      8.8963      38.8767      0.100   609.30  120.262941   16.915296  (   0.00,   0.00,-609.30)
 |   508 Air                    7   14.784   0.0012  30528.7508   71299.2615      0.350   609.65  120.262953   16.915301  (   0.00,   0.00,-609.65)
 |   509 PyrexGlass            10   20.495   2.2300     12.6748      42.3068      0.200   609.85  120.278732   16.920028  (   0.00,   0.00,-609.85)
 |   510 RPCGasDefault          8   16.809   0.0037   9559.7023   23347.6182      0.200   610.05  120.278753   16.920037  (   0.00,   0.00,-610.05)
 |   511 PyrexGlass            10   20.495   2.2300     12.6748      42.3068      0.200   610.25  120.294532   16.924764  (   0.00,   0.00,-610.25)
 |   512 Air                    7   14.784   0.0012  30528.7508   71299.2615      0.350   610.60  120.294544   16.924769  (   0.00,   0.00,-610.60)
 |   513 Aluminum              13   26.982   2.6990      8.8963      38.8767      0.100   610.70  120.305784   16.927341  (   0.00,   0.00,-610.70)
 |   514 Aluminum              13   26.982   2.6990      8.8963      38.8767      0.100   610.80  120.317025   16.929914  (   0.00,   0.00,-610.80)
 |   515 Air                    7   14.784   0.0012  30528.7508   71299.2615      0.350   611.15  120.317036   16.929919  (   0.00,   0.00,-611.15)
 |   516 PyrexGlass            10   20.495   2.2300     12.6748      42.3068      0.200   611.35  120.332816   16.934646  (   0.00,   0.00,-611.35)
 |   517 RPCGasDefault          8   16.809   0.0037   9559.7023   23347.6182      0.200   611.55  120.332837   16.934655  (   0.00,   0.00,-611.55)
 |   518 PyrexGlass            10   20.495   2.2300     12.6748      42.3068      0.200   611.75  120.348616   16.939382  (   0.00,   0.00,-611.75)
 |   519 Air                    7   14.784   0.0012  30528.7508   71299.2615      0.350   612.10  120.348627   16.939387  (   0.00,   0.00,-612.10)
 |   520 Aluminum              13   26.982   2.6990      8.8963      38.8767      0.100   612.20  120.359868   16.941959  (   0.00,   0.00,-612.20)
 |   521 Air                    7   14.784   0.0012  30528.7508   71299.2615      1.000   613.20  120.359901   16.941973  (   0.00,   0.00,-613.20)
 |   522 Iron                  26   55.845   7.8740      1.7575      16.9589     10.000   623.20  126.049834   17.531633  (   0.00,   0.00,-623.20)
 |   523 Aluminum              13   26.982   2.6990      8.8963      38.8767      0.100   623.30  126.061074   17.534205  (   0.00,   0.00,-623.30)
 |   524 Air                    7   14.784   0.0012  30528.7508   71299.2615      0.350   623.65  126.061086   17.534210  (   0.00,   0.00,-623.65)
 |   525 PyrexGlass            10   20.495   2.2300     12.6748      42.3068      0.200   623.85  126.076865   17.538938  (   0.00,   0.00,-623.85)
 |   526 RPCGasDefault          8   16.809   0.0037   9559.7023   23347.6182      0.200   624.05  126.076886   17.538946  (   0.00,   0.00,-624.05)
 |   527 PyrexGlass            10   20.495   2.2300     12.6748      42.3068      0.200   624.25  126.092665   17.543674  (   0.00,   0.00,-624.25)
 |   528 Air                    7   14.784   0.0012  30528.7508   71299.2615      0.350   624.60  126.092677   17.543679  (   0.00,   0.00,-624.60)
 |   529 Aluminum              13   26.982   2.6990      8.8963      38.8767      0.100   624.70  126.103917   17.546251  (   0.00,   0.00,-624.70)
 |   530 Aluminum              13   26.982   2.6990      8.8963      38.8767      0.100   624.80  126.115158   17.548823  (   0.00,   0.00,-624.80)
 |   531 Air                    7   14.784   0.0012  30528.7508   71299.2615      0.350   625.15  126.115169   17.548828  (   0.00,   0.00,-625.15)
 |   532 PyrexGlass            10   20.495   2.2300     12.6748      42.3068      0.200   625.35  126.130949   17.553555  (   0.00,   0.00,-625.35)
 |   533 RPCGasDefault          8   16.809   0.0037   9559.7023   23347.6182      0.200   625.55  126.130970   17.553564  (   0.00,   0.00,-625.55)
 |   534 PyrexGlass            10   20.495   2.2300     12.6748      42.3068      0.200   625.75  126.146749   17.558291  (   0.00,   0.00,-625.75)
 |   535 Air                    7   14.784   0.0012  30528.7508   71299.2615      0.350   626.10  126.146761   17.558296  (   0.00,   0.00,-626.10)
 |   536 Aluminum              13   26.982   2.6990      8.8963      38.8767      0.100   626.20  126.158001   17.560868  (   0.00,   0.00,-626.20)
 |   537 Air                    7   14.784   0.0012  30528.7508   71299.2615      1.000   627.20  126.158034   17.560882  (   0.00,   0.00,-627.20)
 |   538 Iron                  26   55.845   7.8740      1.7575      16.9589     10.000   637.20  131.847967   18.150543  (   0.00,   0.00,-637.20)
 |   539 Aluminum              13   26.982   2.6990      8.8963      38.8767      0.100   637.30  131.859207   18.153115  (   0.00,   0.00,-637.30)
 |   540 Air                    7   14.784   0.0012  30528.7508   71299.2615      0.350   637.65  131.859219   18.153120  (   0.00,   0.00,-637.65)
 |   541 PyrexGlass            10   20.495   2.2300     12.6748      42.3068      0.200   637.85  131.874998   18.157847  (   0.00,   0.00,-637.85)
 |   542 RPCGasDefault          8   16.809   0.0037   9559.7023   23347.6182      0.200   638.05  131.875019   18.157856  (   0.00,   0.00,-638.05)
 |   543 PyrexGlass            10   20.495   2.2300     12.6748      42.3068      0.200   638.25  131.890798   18.162583  (   0.00,   0.00,-638.25)
 |   544 Air                    7   14.784   0.0012  30528.7508   71299.2615      0.350   638.60  131.890810   18.162588  (   0.00,   0.00,-638.60)
 |   545 Aluminum              13   26.982   2.6990      8.8963      38.8767      0.100   638.70  131.902050   18.165160  (   0.00,   0.00,-638.70)
 |   546 Aluminum              13   26.982   2.6990      8.8963      38.8767      0.100   638.80  131.913291   18.167732  (   0.00,   0.00,-638.80)
 |   547 Air                    7   14.784   0.0012  30528.7508   71299.2615      0.350   639.15  131.913302   18.167737  (   0.00,   0.00,-639.15)
 |   548 PyrexGlass            10   20.495   2.2300     12.6748      42.3068      0.200   639.35  131.929082   18.172465  (   0.00,   0.00,-639.35)
 |   549 RPCGasDefault          8   16.809   0.0037   9559.7023   23347.6182      0.200   639.55  131.929103   18.172473  (   0.00,   0.00,-639.55)
 |   550 PyrexGlass            10   20.495   2.2300     12.6748      42.3068      0.200   639.75  131.944882   18.177201  (   0.00,   0.00,-639.75)
 |   551 Air                    7   14.784   0.0012  30528.7508   71299.2615      0.350   640.10  131.944894   18.177205  (   0.00,   0.00,-640.10)
 |   552 Aluminum              13   26.982   2.6990      8.8963      38.8767      0.100   640.20  131.956134   18.179778  (   0.00,   0.00,-640.20)
 |   553 Air                    7   14.784   0.0012  30528.7508   71299.2615      1.000   641.20  131.956167   18.179792  (   0.00,   0.00,-641.20)
 |   554 Iron                  26   55.845   7.8740      1.7575      16.9589     10.000   651.20  137.646100   18.769452  (   0.00,   0.00,-651.20)
 |   555 Aluminum              13   26.982   2.6990      8.8963      38.8767      0.100   651.30  137.657340   18.772024  (   0.00,   0.00,-651.30)
 |   556 Air                    7   14.784   0.0012  30528.7508   71299.2615      0.350   651.65  137.657352   18.772029  (   0.00,   0.00,-651.65)
 |   557 PyrexGlass            10   20.495   2.2300     12.6748      42.3068      0.200   651.85  137.673131   18.776756  (   0.00,   0.00,-651.85)
 |   558 RPCGasDefault          8   16.809   0.0037   9559.7023   23347.6182      0.200   652.05  137.673152   18.776765  (   0.00,   0.00,-652.05)
 |   559 PyrexGlass            10   20.495   2.2300     12.6748      42.3068      0.200   652.25  137.688931   18.781492  (   0.00,   0.00,-652.25)
 |   560 Air                    7   14.784   0.0012  30528.7508   71299.2615      0.350   652.60  137.688943   18.781497  (   0.00,   0.00,-652.60)
 |   561 Aluminum              13   26.982   2.6990      8.8963      38.8767      0.100   652.70  137.700184   18.784069  (   0.00,   0.00,-652.70)
 |   562 Aluminum              13   26.982   2.6990      8.8963      38.8767      0.100   652.80  137.711424   18.786642  (   0.00,   0.00,-652.80)
 |   563 Air                    7   14.784   0.0012  30528.7508   71299.2615      0.350   653.15  137.711436   18.786647  (   0.00,   0.00,-653.15)
 |   564 PyrexGlass            10   20.495   2.2300     12.6748      42.3068      0.200   653.35  137.727215   18.791374  (   0.00,   0.00,-653.35)
 |   565 RPCGasDefault          8   16.809   0.0037   9559.7023   23347.6182      0.200   653.55  137.727236   18.791382  (   0.00,   0.00,-653.55)
 |   566 PyrexGlass            10   20.495   2.2300     12.6748      42.3068      0.200   653.75  137.743015   18.796110  (   0.00,   0.00,-653.75)
 |   567 Air                    7   14.784   0.0012  30528.7508   71299.2615      0.350   654.10  137.743027   18.796115  (   0.00,   0.00,-654.10)
 |   568 Aluminum              13   26.982   2.6990      8.8963      38.8767      0.100   654.20  137.754267   18.798687  (   0.00,   0.00,-654.20)
 |   569 Air                    7   14.784   0.0012  30528.7508   71299.2615      1.000   655.20  137.754300   18.798701  (   0.00,   0.00,-655.20)
 |   570 Iron                  26   55.845   7.8740      1.7575      16.9589     10.000   665.20  143.444233   19.388361  (   0.00,   0.00,-665.20)
 |   571 Aluminum              13   26.982   2.6990      8.8963      38.8767      0.100   665.30  143.455473   19.390933  (   0.00,   0.00,-665.30)
 |   572 Air                    7   14.784   0.0012  30528.7508   71299.2615      0.350   665.65  143.455485   19.390938  (   0.00,   0.00,-665.65)
 |   573 PyrexGlass            10   20.495   2.2300     12.6748      42.3068      0.200   665.85  143.471264   19.395666  (   0.00,   0.00,-665.85)
 |   574 RPCGasDefault          8   16.809   0.0037   9559.7023   23347.6182      0.200   666.05  143.471285   19.395674  (   0.00,   0.00,-666.05)
 |   575 PyrexGlass            10   20.495   2.2300     12.6748      42.3068      0.200   666.25  143.487065   19.400402  (   0.00,   0.00,-666.25)
 |   576 Air                    7   14.784   0.0012  30528.7508   71299.2615      0.350   666.60  143.487076   19.400406  (   0.00,   0.00,-666.60)
 |   577 Aluminum              13   26.982   2.6990      8.8963      38.8767      0.100   666.70  143.498317   19.402979  (   0.00,   0.00,-666.70)
 |   578 Aluminum              13   26.982   2.6990      8.8963      38.8767      0.100   666.80  143.509557   19.405551  (   0.00,   0.00,-666.80)
 |   579 Air                    7   14.784   0.0012  30528.7508   71299.2615      0.350   667.15  143.509569   19.405556  (   0.00,   0.00,-667.15)
 |   580 PyrexGlass            10   20.495   2.2300     12.6748      42.3068      0.200   667.35  143.525348   19.410283  (   0.00,   0.00,-667.35)
 |   581 RPCGasDefault          8   16.809   0.0037   9559.7023   23347.6182      0.200   667.55  143.525369   19.410292  (   0.00,   0.00,-667.55)
 |   582 PyrexGlass            10   20.495   2.2300     12.6748      42.3068      0.200   667.75  143.541148   19.415019  (   0.00,   0.00,-667.75)
 |   583 Air                    7   14.784   0.0012  30528.7508   71299.2615      0.350   668.10  143.541160   19.415024  (   0.00,   0.00,-668.10)
 |   584 Aluminum              13   26.982   2.6990      8.8963      38.8767      0.100   668.20  143.552400   19.417596  (   0.00,   0.00,-668.20)
 |   585 Air                    7   14.784   0.0012  30528.7508   71299.2615      1.000   669.20  143.552433   19.417610  (   0.00,   0.00,-669.20)
 |   586 Iron                  26   55.845   7.8740      1.7575      16.9589     10.000   679.20  149.242366   20.007270  (   0.00,   0.00,-679.20)
 |   587 Aluminum              13   26.982   2.6990      8.8963      38.8767      0.100   679.30  149.253606   20.009843  (   0.00,   0.00,-679.30)
 |   588 Air                    7   14.784   0.0012  30528.7508   71299.2615      0.350   679.65  149.253618   20.009848  (   0.00,   0.00,-679.65)
 |   589 PyrexGlass            10   20.495   2.2300     12.6748      42.3068      0.200   679.85  149.269397   20.014575  (   0.00,   0.00,-679.85)
 |   590 RPCGasDefault          8   16.809   0.0037   9559.7023   23347.6182      0.200   680.05  149.269418   20.014584  (   0.00,   0.00,-680.05)
 |   591 PyrexGlass            10   20.495   2.2300     12.6748      42.3068      0.200   680.25  149.285198   20.019311  (   0.00,   0.00,-680.25)
 |   592 Air                    7   14.784   0.0012  30528.7508   71299.2615      0.350   680.60  149.285209   20.019316  (   0.00,   0.00,-680.60)
 |   593 Aluminum              13   26.982   2.6990      8.8963      38.8767      0.100   680.70  149.296450   20.021888  (   0.00,   0.00,-680.70)
 |   594 Aluminum              13   26.982   2.6990      8.8963      38.8767      0.100   680.80  149.307690   20.024460  (   0.00,   0.00,-680.80)
 |   595 Air                    7   14.784   0.0012  30528.7508   71299.2615      0.350   681.15  149.307702   20.024465  (   0.00,   0.00,-681.15)
 |   596 PyrexGlass            10   20.495   2.2300     12.6748      42.3068      0.200   681.35  149.323481   20.029193  (   0.00,   0.00,-681.35)
 |   597 RPCGasDefault          8   16.809   0.0037   9559.7023   23347.6182      0.200   681.55  149.323502   20.029201  (   0.00,   0.00,-681.55)
 |   598 PyrexGlass            10   20.495   2.2300     12.6748      42.3068      0.200   681.75  149.339281   20.033928  (   0.00,   0.00,-681.75)
 |   599 Air                    7   14.784   0.0012  30528.7508   71299.2615      0.350   682.10  149.339293   20.033933  (   0.00,   0.00,-682.10)
 |   600 Aluminum              13   26.982   2.6990      8.8963      38.8767      0.100   682.20  149.350533   20.036506  (   0.00,   0.00,-682.20)
 |   601 Air                    7   14.784   0.0012  30528.7508   71299.2615      1.000   683.20  149.350566   20.036520  (   0.00,   0.00,-683.20)
 |   602 Iron                  26   55.845   7.8740      1.7575      16.9589     10.000   693.20  155.040499   20.626180  (   0.00,   0.00,-693.20)
 |   603 Aluminum              13   26.982   2.6990      8.8963      38.8767      0.100   693.30  155.051740   20.628752  (   0.00,   0.00,-693.30)
 |   604 Air                    7   14.784   0.0012  30528.7508   71299.2615      0.350   693.65  155.051751   20.628757  (   0.00,   0.00,-693.65)
 |   605 PyrexGlass            10   20.495   2.2300     12.6748      42.3068      0.200   693.85  155.067530   20.633484  (   0.00,   0.00,-693.85)
 |   606 RPCGasDefault          8   16.809   0.0037   9559.7023   23347.6182      0.200   694.05  155.067551   20.633493  (   0.00,   0.00,-694.05)
 |   607 PyrexGlass            10   20.495   2.2300     12.6748      42.3068      0.200   694.25  155.083331   20.638220  (   0.00,   0.00,-694.25)
 |   608 Air                    7   14.784   0.0012  30528.7508   71299.2615      0.350   694.60  155.083342   20.638225  (   0.00,   0.00,-694.60)
 |   609 Aluminum              13   26.982   2.6990      8.8963      38.8767      0.100   694.70  155.094583   20.640797  (   0.00,   0.00,-694.70)
 |   610 Aluminum              13   26.982   2.6990      8.8963      38.8767      0.100   694.80  155.105823   20.643370  (   0.00,   0.00,-694.80)
 |   611 Air                    7   14.784   0.0012  30528.7508   71299.2615      0.350   695.15  155.105835   20.643375  (   0.00,   0.00,-695.15)
 |   612 PyrexGlass            10   20.495   2.2300     12.6748      42.3068      0.200   695.35  155.121614   20.648102  (   0.00,   0.00,-695.35)
 |   613 RPCGasDefault          8   16.809   0.0037   9559.7023   23347.6182      0.200   695.55  155.121635   20.648110  (   0.00,   0.00,-695.55)
 |   614 PyrexGlass            10   20.495   2.2300     12.6748      42.3068      0.200   695.75  155.137414   20.652838  (   0.00,   0.00,-695.75)
 |   615 Air                    7   14.784   0.0012  30528.7508   71299.2615      0.350   696.10  155.137426   20.652843  (   0.00,   0.00,-696.10)
 |   616 Aluminum              13   26.982   2.6990      8.8963      38.8767      0.100   696.20  155.148667   20.655415  (   0.00,   0.00,-696.20)
 |   617 Air                    7   14.784   0.0012  30528.7508   71299.2615      1.000   697.20  155.148699   20.655429  (   0.00,   0.00,-697.20)
 |   618 Iron                  26   55.845   7.8740      1.7575      16.9589     10.000   707.20  160.838632   21.245089  (   0.00,   0.00,-707.20)
 |   619 Aluminum              13   26.982   2.6990      8.8963      38.8767      0.100   707.30  160.849873   21.247661  (   0.00,   0.00,-707.30)
 |   620 Air                    7   14.784   0.0012  30528.7508   71299.2615      0.350   707.65  160.849884   21.247666  (   0.00,   0.00,-707.65)
 |   621 PyrexGlass            10   20.495   2.2300     12.6748      42.3068      0.200   707.85  160.865664   21.252394  (   0.00,   0.00,-707.85)
 |   622 RPCGasDefault          8   16.809   0.0037   9559.7023   23347.6182      0.200   708.05  160.865684   21.252402  (   0.00,   0.00,-708.05)
 |   623 PyrexGlass            10   20.495   2.2300     12.6748      42.3068      0.200   708.25  160.881464   21.257130  (   0.00,   0.00,-708.25)
 |   624 Air                    7   14.784   0.0012  30528.7508   71299.2615      0.350   708.60  160.881475   21.257134  (   0.00,   0.00,-708.60)
 |   625 Aluminum              13   26.982   2.6990      8.8963      38.8767      0.100   708.70  160.892716   21.259707  (   0.00,   0.00,-708.70)
 |   626 Aluminum              13   26.982   2.6990      8.8963      38.8767      0.100   708.80  160.903956   21.262279  (   0.00,   0.00,-708.80)
 |   627 Air                    7   14.784   0.0012  30528.7508   71299.2615      0.350   709.15  160.903968   21.262284  (   0.00,   0.00,-709.15)
 |   628 PyrexGlass            10   20.495   2.2300     12.6748      42.3068      0.200   709.35  160.919747   21.267011  (   0.00,   0.00,-709.35)
 |   629 RPCGasDefault          8   16.809   0.0037   9559.7023   23347.6182      0.200   709.55  160.919768   21.267020  (   0.00,   0.00,-709.55)
 |   630 PyrexGlass            10   20.495   2.2300     12.6748      42.3068      0.200   709.75  160.935548   21.271747  (   0.00,   0.00,-709.75)
 |   631 Air                    7   14.784   0.0012  30528.7508   71299.2615      0.350   710.10  160.935559   21.271752  (   0.00,   0.00,-710.10)
 |   632 Aluminum              13   26.982   2.6990      8.8963      38.8767      0.100   710.20  160.946800   21.274324  (   0.00,   0.00,-710.20)
 |   633 Air                    7   14.784   0.0012  30528.7508   71299.2615      1.000   711.20  160.946832   21.274338  (   0.00,   0.00,-711.20)
 |   634 Air                    7   14.784   0.0012  30528.7508   71299.2615     88.800   800.00  160.949741   21.275584  (   0.00,   0.00,-800.00)
 +--------------------------------------------------------------------------------------------------------------------------------------------------
 |     0 Average Material      16   34.168   3.1322      4.9705      37.6018    800.000   800.00  160.949741   21.275584  (   0.00,   0.00,-800.00)
 +--------------------------------------------------------------------------------------------------------------------------------------------------
