> materialScan compact_Fhe_dip_sol_ell.xml 0. 0. 5. 0. 1000. 5. >| materialScan_compact_Fhe_dip_sol_ell_0_0_5_0_1000_5_90deg_up.txt
VertexBarrelSupports_layer0 2.5 2.5 50.625
VertexBarrelSupports_layer1 4.5 4.5 51.7
 +--------------------------------------------------------------------------------------------------------------------------------------------------
 + Material scan between: x_0 = (   0.00,   0.00,   5.00) [cm] and x_1 = (   0.00,1000.00,   5.00) [cm] : 
 +--------------------------------------------------------------------------------------------------------------------------------------------------
 |     \   Material           Atomic                 Radiation   Interaction               Path   Integrated  Integrated    Material
 | Num. \  Name          Number/Z   Mass/A  Density    Length       Length    Thickness   Length      X0        Lambda      Endpoint  
 | Layer \                        [g/mole]  [g/cm3]     [cm]        [cm]          [cm]      [cm]     [cm]        [cm]     (     cm,     cm,     cm)
 +--------------------------------------------------------------------------------------------------------------------------------------------------
 |     1 Air                    7   14.784   0.0012  30528.7508   71299.2615      0.001     0.00    0.000000    0.000000  (   0.00,   0.00,   5.00)
 |     2 Vacuum                 7   14.784   0.0000 3.66345e+11  8.55591e+11      2.000     2.00    0.000000    0.000000  (   0.00,   2.00,   5.00)
 |     3 Beryllium              4    9.012   1.8480     35.2760      39.4488      0.399     2.40    0.011311    0.010114  (   0.00,   2.40,   5.00)
 |     4 Air                    7   14.784   0.0012  30528.7508   71299.2615      0.100     2.50    0.011314    0.010116  (   0.00,   2.50,   5.00)
 |     5 Air                    7   14.784   0.0012  30528.7508   71299.2615      0.750     3.25    0.011339    0.010126  (   0.00,   3.25,   5.00)
 |     6 Air                    7   14.784   0.0012  30528.7508   71299.2615      0.232     3.48    0.011346    0.010130  (   0.00,   3.48,   5.00)
 |     7 CarbonFiber_50D        6   11.968   0.7500     56.1492     102.0193      0.013     3.49    0.011578    0.010257  (   0.00,   3.49,   5.00)
 |     8 Air                    7   14.784   0.0012  30528.7508   71299.2615      0.026     3.52    0.011579    0.010257  (   0.00,   3.52,   5.00)
 |     9 Silicon               14   28.085   2.3300      9.3661      45.7533      0.005     3.52    0.012112    0.010367  (   0.00,   3.52,   5.00)
 |    10 Air                    7   14.784   0.0012  30528.7508   71299.2615      0.111     3.64    0.012116    0.010368  (   0.00,   3.64,   5.00)
 |    11 Kapton                 6   12.701   1.4300     28.3749      55.4761      0.004     3.64    0.012250    0.010437  (   0.00,   3.64,   5.00)
 |    12 Air                    7   14.784   0.0012  30528.7508   71299.2615      0.006     3.65    0.012250    0.010437  (   0.00,   3.65,   5.00)
 |    13 Copper                29   63.546   8.9600      1.4356      15.5142      0.000     3.65    0.012515    0.010461  (   0.00,   3.65,   5.00)
 |    14 Air                    7   14.784   0.0012  30528.7508   71299.2615      0.104     3.75    0.012518    0.010463  (   0.00,   3.75,   5.00)
 |    15 Air                    7   14.784   0.0012  30528.7508   71299.2615      0.750     4.50    0.012543    0.010473  (   0.00,   4.50,   5.00)
 |    16 Air                    7   14.784   0.0012  30528.7508   71299.2615      0.800     5.30    0.012569    0.010484  (   0.00,   5.30,   5.00)
 |    17 Air                    7   14.784   0.0012  30528.7508   71299.2615      3.700     9.00    0.012690    0.010536  (   0.00,   9.00,   5.00)
 |    18 Air                    7   14.784   0.0012  30528.7508   71299.2615      1.624    10.62    0.012743    0.010559  (   0.00,  10.62,   5.00)
 |    19 PEEK                   6   12.213   1.3700     30.3288      56.3795      0.021    10.65    0.013447    0.010937  (   0.00,  10.65,   5.00)
 |    20 CarbonFiber_50D        6   11.968   0.7500     56.1492     102.0193      0.017    10.66    0.013750    0.011105  (   0.00,  10.66,   5.00)
 |    21 Rohacell31_50D         6   12.079   0.0160   2584.8782    4648.6381      0.192    10.85    0.013825    0.011146  (   0.00,  10.85,   5.00)
 |    22 Epoxy                  6   11.888   1.3000     31.5900      54.2275      0.019    10.87    0.014415    0.011490  (   0.00,  10.87,   5.00)
 |    23 CarbonFiber_50D        6   11.968   0.7500     56.1492     102.0193      0.017    10.89    0.014719    0.011657  (   0.00,  10.89,   5.00)
 |    24 Air                    7   14.784   0.0012  30528.7508   71299.2615      0.032    10.92    0.014720    0.011658  (   0.00,  10.92,   5.00)
 |    25 Silicon               14   28.085   2.3300      9.3661      45.7533      0.001    10.92    0.014775    0.011669  (   0.00,  10.92,   5.00)
 |    26 Air                    7   14.784   0.0012  30528.7508   71299.2615      0.006    10.93    0.014775    0.011669  (   0.00,  10.93,   5.00)
 |    27 Kapton                 6   12.701   1.4300     28.3749      55.4761      0.004    10.93    0.014918    0.011742  (   0.00,  10.93,   5.00)
 |    28 Air                    7   14.784   0.0012  30528.7508   71299.2615      0.007    10.94    0.014918    0.011742  (   0.00,  10.94,   5.00)
 |    29 Copper                29   63.546   8.9600      1.4356      15.5142      0.000    10.94    0.015200    0.011768  (   0.00,  10.94,   5.00)
 |    30 Air                    7   14.784   0.0012  30528.7508   71299.2615      0.004    10.94    0.015201    0.011768  (   0.00,  10.94,   5.00)
 |    31 Air                    7   14.784   0.0012  30528.7508   71299.2615      4.956    15.90    0.015363    0.011838  (   0.00,  15.90,   5.00)
 |    32 Air                    7   14.784   0.0012  30528.7508   71299.2615      6.000    21.90    0.015559    0.011922  (   0.00,  21.90,   5.00)
 |    33 Air                    7   14.784   0.0012  30528.7508   71299.2615      6.000    27.90    0.015756    0.012006  (   0.00,  27.90,   5.00)
 |    34 Air                    7   14.784   0.0012  30528.7508   71299.2615      5.100    33.00    0.015923    0.012078  (   0.00,  33.00,   5.00)
 |    35 Air                    7   14.784   0.0012  30528.7508   71299.2615      8.300    41.30    0.016195    0.012194  (   0.00,  41.30,   5.00)
 |    36 CarbonFiber            6   11.968   1.5000     28.0746      51.0096      0.050    41.35    0.017976    0.013174  (   0.00,  41.35,   5.00)
 |    37 Rohacell31_15percent   6   12.079   0.0048   8616.2607   15495.4602      0.807    42.16    0.018070    0.013226  (   0.00,  42.16,   5.00)
 |    38 CarbonFiber            6   11.968   1.5000     28.0746      51.0096      0.050    42.21    0.019851    0.014207  (   0.00,  42.21,   5.00)
 |    39 Air                    7   14.784   0.0012  30528.7508   71299.2615      1.099    43.31    0.019887    0.014222  (   0.00,  43.31,   5.00)
 |    40 PEEK                   6   12.213   1.3700     30.3288      56.3795      0.020    43.33    0.020562    0.014585  (   0.00,  43.33,   5.00)
 |    41 CarbonFiber_50D        6   11.968   0.7500     56.1492     102.0193      0.016    43.34    0.020854    0.014746  (   0.00,  43.34,   5.00)
 |    42 Rohacell31_50D         6   12.079   0.0160   2584.8782    4648.6381      0.184    43.53    0.020925    0.014785  (   0.00,  43.53,   5.00)
 |    43 Epoxy                  6   11.888   1.3000     31.5900      54.2275      0.018    43.55    0.021492    0.015116  (   0.00,  43.55,   5.00)
 |    44 CarbonFiber_50D        6   11.968   0.7500     56.1492     102.0193      0.016    43.56    0.021784    0.015276  (   0.00,  43.56,   5.00)
 |    45 Air                    7   14.784   0.0012  30528.7508   71299.2615      0.031    43.59    0.021785    0.015277  (   0.00,  43.59,   5.00)
 |    46 Silicon               14   28.085   2.3300      9.3661      45.7533      0.000    43.59    0.021837    0.015288  (   0.00,  43.59,   5.00)
 |    47 Air                    7   14.784   0.0012  30528.7508   71299.2615      0.005    43.60    0.021838    0.015288  (   0.00,  43.60,   5.00)
 |    48 Kapton                 6   12.701   1.4300     28.3749      55.4761      0.005    43.60    0.022022    0.015382  (   0.00,  43.60,   5.00)
 |    49 Air                    7   14.784   0.0012  30528.7508   71299.2615      0.006    43.61    0.022022    0.015382  (   0.00,  43.61,   5.00)
 |    50 Copper                29   63.546   8.9600      1.4356      15.5142      0.001    43.61    0.022393    0.015416  (   0.00,  43.61,   5.00)
 |    51 Air                    7   14.784   0.0012  30528.7508   71299.2615      0.004    43.61    0.022393    0.015416  (   0.00,  43.61,   5.00)
 |    52 Air                    7   14.784   0.0012  30528.7508   71299.2615      4.387    48.00    0.022537    0.015478  (   0.00,  48.00,   5.00)
 |    53 Air                    7   14.784   0.0012  30528.7508   71299.2615      8.100    56.10    0.022802    0.015591  (   0.00,  56.10,   5.00)
 |    54 CarbonFiber            6   11.968   1.5000     28.0746      51.0096      0.050    56.15    0.024583    0.016572  (   0.00,  56.15,   5.00)
 |    55 Rohacell31_15percent   6   12.079   0.0048   8616.2607   15495.4602      0.807    56.96    0.024677    0.016624  (   0.00,  56.96,   5.00)
 |    56 CarbonFiber            6   11.968   1.5000     28.0746      51.0096      0.050    57.01    0.026458    0.017604  (   0.00,  57.01,   5.00)
 |    57 Air                    7   14.784   0.0012  30528.7508   71299.2615      0.978    57.99    0.026490    0.017618  (   0.00,  57.99,   5.00)
 |    58 PEEK                   6   12.213   1.3700     30.3288      56.3795      0.020    58.01    0.027161    0.017979  (   0.00,  58.01,   5.00)
 |    59 CarbonFiber_50D        6   11.968   0.7500     56.1492     102.0193      0.016    58.02    0.027451    0.018138  (   0.00,  58.02,   5.00)
 |    60 Rohacell31_50D         6   12.079   0.0160   2584.8782    4648.6381      0.183    58.21    0.027522    0.018178  (   0.00,  58.21,   5.00)
 |    61 Epoxy                  6   11.888   1.3000     31.5900      54.2275      0.018    58.22    0.028086    0.018506  (   0.00,  58.22,   5.00)
 |    62 CarbonFiber_50D        6   11.968   0.7500     56.1492     102.0193      0.016    58.24    0.028376    0.018666  (   0.00,  58.24,   5.00)
 |    63 Air                    7   14.784   0.0012  30528.7508   71299.2615      0.031    58.27    0.028377    0.018666  (   0.00,  58.27,   5.00)
 |    64 Silicon               14   28.085   2.3300      9.3661      45.7533      0.000    58.27    0.028429    0.018677  (   0.00,  58.27,   5.00)
 |    65 Air                    7   14.784   0.0012  30528.7508   71299.2615      0.004    58.28    0.028429    0.018677  (   0.00,  58.28,   5.00)
 |    66 Kapton                 6   12.701   1.4300     28.3749      55.4761      0.007    58.28    0.028659    0.018795  (   0.00,  58.28,   5.00)
 |    67 Air                    7   14.784   0.0012  30528.7508   71299.2615      0.005    58.29    0.028659    0.018795  (   0.00,  58.29,   5.00)
 |    68 Copper                29   63.546   8.9600      1.4356      15.5142      0.001    58.29    0.029120    0.018837  (   0.00,  58.29,   5.00)
 |    69 Air                    7   14.784   0.0012  30528.7508   71299.2615      0.004    58.29    0.029120    0.018837  (   0.00,  58.29,   5.00)
 |    70 Air                    7   14.784   0.0012  30528.7508   71299.2615      4.709    63.00    0.029274    0.018903  (   0.00,  63.00,   5.00)
 |    71 Air                    7   14.784   0.0012  30528.7508   71299.2615      2.222    65.22    0.029347    0.018935  (   0.00,  65.22,   5.00)
 |    72 Kapton                 6   12.701   1.4300     28.3749      55.4761      0.030    65.25    0.030404    0.019475  (   0.00,  65.25,   5.00)
 |    73 Polystyrene            6   11.077   1.0320     42.5383      70.1339      0.800    66.05    0.049211    0.030882  (   0.00,  66.05,   5.00)
 |    74 Lead                  82  207.200  11.3500      0.5612      18.2592      0.500    66.55    0.940147    0.058266  (   0.00,  66.55,   5.00)
 |    75 Polystyrene            6   11.077   1.0320     42.5383      70.1339      0.800    67.35    0.958954    0.069672  (   0.00,  67.35,   5.00)
 |    76 Air                    7   14.784   0.0012  30528.7508   71299.2615      0.150    67.50    0.958959    0.069674  (   0.00,  67.50,   5.00)
 |    77 Lead                  82  207.200  11.3500      0.5612      18.2592      0.500    68.00    1.849895    0.097058  (   0.00,  68.00,   5.00)
 |    78 Polystyrene            6   11.077   1.0320     42.5383      70.1339      0.800    68.80    1.868702    0.108465  (   0.00,  68.80,   5.00)
 |    79 Air                    7   14.784   0.0012  30528.7508   71299.2615      0.150    68.95    1.868707    0.108467  (   0.00,  68.95,   5.00)
 |    80 Lead                  82  207.200  11.3500      0.5612      18.2592      0.500    69.45    2.759643    0.135850  (   0.00,  69.45,   5.00)
 |    81 Polystyrene            6   11.077   1.0320     42.5383      70.1339      0.800    70.25    2.778450    0.147257  (   0.00,  70.25,   5.00)
 |    82 Air                    7   14.784   0.0012  30528.7508   71299.2615      0.150    70.40    2.778455    0.147259  (   0.00,  70.40,   5.00)
 |    83 Lead                  82  207.200  11.3500      0.5612      18.2592      0.500    70.90    3.669391    0.174643  (   0.00,  70.90,   5.00)
 |    84 Polystyrene            6   11.077   1.0320     42.5383      70.1339      0.800    71.70    3.688198    0.186049  (   0.00,  71.70,   5.00)
 |    85 Air                    7   14.784   0.0012  30528.7508   71299.2615      0.150    71.85    3.688203    0.186051  (   0.00,  71.85,   5.00)
 |    86 Lead                  82  207.200  11.3500      0.5612      18.2592      0.500    72.35    4.579139    0.213435  (   0.00,  72.35,   5.00)
 |    87 Polystyrene            6   11.077   1.0320     42.5383      70.1339      0.800    73.15    4.597946    0.224842  (   0.00,  73.15,   5.00)
 |    88 Air                    7   14.784   0.0012  30528.7508   71299.2615      0.150    73.30    4.597951    0.224844  (   0.00,  73.30,   5.00)
 |    89 Lead                  82  207.200  11.3500      0.5612      18.2592      0.500    73.80    5.488887    0.252227  (   0.00,  73.80,   5.00)
 |    90 Polystyrene            6   11.077   1.0320     42.5383      70.1339      0.800    74.60    5.507694    0.263634  (   0.00,  74.60,   5.00)
 |    91 Air                    7   14.784   0.0012  30528.7508   71299.2615      0.150    74.75    5.507699    0.263636  (   0.00,  74.75,   5.00)
 |    92 Lead                  82  207.200  11.3500      0.5612      18.2592      0.500    75.25    6.398635    0.291019  (   0.00,  75.25,   5.00)
 |    93 Polystyrene            6   11.077   1.0320     42.5383      70.1339      0.800    76.05    6.417442    0.302426  (   0.00,  76.05,   5.00)
 |    94 Air                    7   14.784   0.0012  30528.7508   71299.2615      0.150    76.20    6.417447    0.302428  (   0.00,  76.20,   5.00)
 |    95 Lead                  82  207.200  11.3500      0.5612      18.2592      0.500    76.70    7.308383    0.329812  (   0.00,  76.70,   5.00)
 |    96 Polystyrene            6   11.077   1.0320     42.5383      70.1339      0.800    77.50    7.327190    0.341219  (   0.00,  77.50,   5.00)
 |    97 Air                    7   14.784   0.0012  30528.7508   71299.2615      0.150    77.65    7.327195    0.341221  (   0.00,  77.65,   5.00)
 |    98 Lead                  82  207.200  11.3500      0.5612      18.2592      0.500    78.15    8.218131    0.368604  (   0.00,  78.15,   5.00)
 |    99 Polystyrene            6   11.077   1.0320     42.5383      70.1339      0.800    78.95    8.236938    0.380011  (   0.00,  78.95,   5.00)
 |   100 Air                    7   14.784   0.0012  30528.7508   71299.2615      0.150    79.10    8.236943    0.380013  (   0.00,  79.10,   5.00)
 |   101 Lead                  82  207.200  11.3500      0.5612      18.2592      0.500    79.60    9.127879    0.407396  (   0.00,  79.60,   5.00)
 |   102 Polystyrene            6   11.077   1.0320     42.5383      70.1339      0.800    80.40    9.146686    0.418803  (   0.00,  80.40,   5.00)
 |   103 Air                    7   14.784   0.0012  30528.7508   71299.2615      0.150    80.55    9.146691    0.418805  (   0.00,  80.55,   5.00)
 |   104 Lead                  82  207.200  11.3500      0.5612      18.2592      0.500    81.05   10.037627    0.446189  (   0.00,  81.05,   5.00)
 |   105 Polystyrene            6   11.077   1.0320     42.5383      70.1339      0.800    81.85   10.056434    0.457596  (   0.00,  81.85,   5.00)
 |   106 Air                    7   14.784   0.0012  30528.7508   71299.2615      0.150    82.00   10.056439    0.457598  (   0.00,  82.00,   5.00)
 |   107 Lead                  82  207.200  11.3500      0.5612      18.2592      0.500    82.50   10.947375    0.484981  (   0.00,  82.50,   5.00)
 |   108 Polystyrene            6   11.077   1.0320     42.5383      70.1339      0.800    83.30   10.966182    0.496388  (   0.00,  83.30,   5.00)
 |   109 Air                    7   14.784   0.0012  30528.7508   71299.2615      0.150    83.45   10.966187    0.496390  (   0.00,  83.45,   5.00)
 |   110 Lead                  82  207.200  11.3500      0.5612      18.2592      0.600    84.05   12.035311    0.529250  (   0.00,  84.05,   5.00)
 |   111 Polystyrene            6   11.077   1.0320     42.5383      70.1339      0.800    84.85   12.054117    0.540657  (   0.00,  84.85,   5.00)
 |   112 Air                    7   14.784   0.0012  30528.7508   71299.2615      0.150    85.00   12.054122    0.540659  (   0.00,  85.00,   5.00)
 |   113 Lead                  82  207.200  11.3500      0.5612      18.2592      0.600    85.60   13.123246    0.573519  (   0.00,  85.60,   5.00)
 |   114 Polystyrene            6   11.077   1.0320     42.5383      70.1339      0.800    86.40   13.142052    0.584926  (   0.00,  86.40,   5.00)
 |   115 Air                    7   14.784   0.0012  30528.7508   71299.2615      0.150    86.55   13.142057    0.584928  (   0.00,  86.55,   5.00)
 |   116 Lead                  82  207.200  11.3500      0.5612      18.2592      0.600    87.15   14.211181    0.617788  (   0.00,  87.15,   5.00)
 |   117 Polystyrene            6   11.077   1.0320     42.5383      70.1339      0.800    87.95   14.229988    0.629195  (   0.00,  87.95,   5.00)
 |   118 Air                    7   14.784   0.0012  30528.7508   71299.2615      0.150    88.10   14.229993    0.629197  (   0.00,  88.10,   5.00)
 |   119 Lead                  82  207.200  11.3500      0.5612      18.2592      0.600    88.70   15.299116    0.662057  (   0.00,  88.70,   5.00)
 |   120 Polystyrene            6   11.077   1.0320     42.5383      70.1339      0.800    89.50   15.317923    0.673464  (   0.00,  89.50,   5.00)
 |   121 Air                    7   14.784   0.0012  30528.7508   71299.2615      0.150    89.65   15.317928    0.673466  (   0.00,  89.65,   5.00)
 |   122 Lead                  82  207.200  11.3500      0.5612      18.2592      0.600    90.25   16.387052    0.706326  (   0.00,  90.25,   5.00)
 |   123 Polystyrene            6   11.077   1.0320     42.5383      70.1339      0.800    91.05   16.405858    0.717733  (   0.00,  91.05,   5.00)
 |   124 Air                    7   14.784   0.0012  30528.7508   71299.2615      0.150    91.20   16.405863    0.717735  (   0.00,  91.20,   5.00)
 |   125 Lead                  82  207.200  11.3500      0.5612      18.2592      0.600    91.80   17.474987    0.750595  (   0.00,  91.80,   5.00)
 |   126 Polystyrene            6   11.077   1.0320     42.5383      70.1339      0.800    92.60   17.493794    0.762002  (   0.00,  92.60,   5.00)
 |   127 Air                    7   14.784   0.0012  30528.7508   71299.2615      0.150    92.75   17.493799    0.762004  (   0.00,  92.75,   5.00)
 |   128 Lead                  82  207.200  11.3500      0.5612      18.2592      0.600    93.35   18.562922    0.794864  (   0.00,  93.35,   5.00)
 |   129 Polystyrene            6   11.077   1.0320     42.5383      70.1339      0.800    94.15   18.581729    0.806271  (   0.00,  94.15,   5.00)
 |   130 Air                    7   14.784   0.0012  30528.7508   71299.2615      0.150    94.30   18.581734    0.806273  (   0.00,  94.30,   5.00)
 |   131 Lead                  82  207.200  11.3500      0.5612      18.2592      0.600    94.90   19.650858    0.839133  (   0.00,  94.90,   5.00)
 |   132 Polystyrene            6   11.077   1.0320     42.5383      70.1339      0.800    95.70   19.669664    0.850540  (   0.00,  95.70,   5.00)
 |   133 Air                    7   14.784   0.0012  30528.7508   71299.2615      0.150    95.85   19.669669    0.850542  (   0.00,  95.85,   5.00)
 |   134 Lead                  82  207.200  11.3500      0.5612      18.2592      0.600    96.45   20.738793    0.883402  (   0.00,  96.45,   5.00)
 |   135 Polystyrene            6   11.077   1.0320     42.5383      70.1339      0.800    97.25   20.757600    0.894809  (   0.00,  97.25,   5.00)
 |   136 Air                    7   14.784   0.0012  30528.7508   71299.2615      0.150    97.40   20.757604    0.894811  (   0.00,  97.40,   5.00)
 |   137 Lead                  82  207.200  11.3500      0.5612      18.2592      0.600    98.00   21.826728    0.927671  (   0.00,  98.00,   5.00)
 |   138 Polystyrene            6   11.077   1.0320     42.5383      70.1339      0.800    98.80   21.845535    0.939078  (   0.00,  98.80,   5.00)
 |   139 Air                    7   14.784   0.0012  30528.7508   71299.2615      0.150    98.95   21.845540    0.939080  (   0.00,  98.95,   5.00)
 |   140 Lead                  82  207.200  11.3500      0.5612      18.2592      0.600    99.55   22.914664    0.971940  (   0.00,  99.55,   5.00)
 |   141 Polystyrene            6   11.077   1.0320     42.5383      70.1339      0.800   100.35   22.933470    0.983347  (   0.00, 100.35,   5.00)
 |   142 Air                    7   14.784   0.0012  30528.7508   71299.2615      0.150   100.50   22.933475    0.983349  (   0.00, 100.50,   5.00)
 |   143 Lead                  82  207.200  11.3500      0.5612      18.2592      0.600   101.10   24.002599    1.016209  (   0.00, 101.10,   5.00)
 |   144 Polystyrene            6   11.077   1.0320     42.5383      70.1339      0.800   101.90   24.021405    1.027616  (   0.00, 101.90,   5.00)
 |   145 Air                    7   14.784   0.0012  30528.7508   71299.2615      0.150   102.05   24.021410    1.027618  (   0.00, 102.05,   5.00)
 |   146 Lead                  82  207.200  11.3500      0.5612      18.2592      0.600   102.65   25.090534    1.060478  (   0.00, 102.65,   5.00)
 |   147 Polystyrene            6   11.077   1.0320     42.5383      70.1339      0.800   103.45   25.109341    1.071885  (   0.00, 103.45,   5.00)
 |   148 Air                    7   14.784   0.0012  30528.7508   71299.2615      0.150   103.60   25.109346    1.071887  (   0.00, 103.60,   5.00)
 |   149 Lead                  82  207.200  11.3500      0.5612      18.2592      0.600   104.20   26.178469    1.104747  (   0.00, 104.20,   5.00)
 |   150 Polystyrene            6   11.077   1.0320     42.5383      70.1339      0.800   105.00   26.197276    1.116154  (   0.00, 105.00,   5.00)
 |   151 Air                    7   14.784   0.0012  30528.7508   71299.2615      0.150   105.15   26.197281    1.116156  (   0.00, 105.15,   5.00)
 |   152 Lead                  82  207.200  11.3500      0.5612      18.2592      0.600   105.75   27.266405    1.149016  (   0.00, 105.75,   5.00)
 |   153 Polystyrene            6   11.077   1.0320     42.5383      70.1339      0.800   106.55   27.285211    1.160423  (   0.00, 106.55,   5.00)
 |   154 Air                    7   14.784   0.0012  30528.7508   71299.2615      0.150   106.70   27.285216    1.160425  (   0.00, 106.70,   5.00)
 |   155 Lead                  82  207.200  11.3500      0.5612      18.2592      0.600   107.30   28.354340    1.193285  (   0.00, 107.30,   5.00)
 |   156 Polystyrene            6   11.077   1.0320     42.5383      70.1339      0.800   108.10   28.373147    1.204692  (   0.00, 108.10,   5.00)
 |   157 Air                    7   14.784   0.0012  30528.7508   71299.2615      0.150   108.25   28.373152    1.204694  (   0.00, 108.25,   5.00)
 |   158 Lead                  82  207.200  11.3500      0.5612      18.2592      0.600   108.85   29.442275    1.237554  (   0.00, 108.85,   5.00)
 |   159 Polystyrene            6   11.077   1.0320     42.5383      70.1339      0.800   109.65   29.461082    1.248961  (   0.00, 109.65,   5.00)
 |   160 Air                    7   14.784   0.0012  30528.7508   71299.2615      0.150   109.80   29.461087    1.248963  (   0.00, 109.80,   5.00)
 |   161 Lead                  82  207.200  11.3500      0.5612      18.2592      0.600   110.40   30.530211    1.281823  (   0.00, 110.40,   5.00)
 |   162 Polystyrene            6   11.077   1.0320     42.5383      70.1339      0.800   111.20   30.549017    1.293230  (   0.00, 111.20,   5.00)
 |   163 Air                    7   14.784   0.0012  30528.7508   71299.2615      0.150   111.35   30.549022    1.293232  (   0.00, 111.35,   5.00)
 |   164 Lead                  82  207.200  11.3500      0.5612      18.2592      1.100   112.45   32.509082    1.353476  (   0.00, 112.45,   5.00)
 |   165 Polystyrene            6   11.077   1.0320     42.5383      70.1339      0.800   113.25   32.527889    1.364882  (   0.00, 113.25,   5.00)
 |   166 Air                    7   14.784   0.0012  30528.7508   71299.2615      0.150   113.40   32.527894    1.364885  (   0.00, 113.40,   5.00)
 |   167 Lead                  82  207.200  11.3500      0.5612      18.2592      1.100   114.50   34.487954    1.425128  (   0.00, 114.50,   5.00)
 |   168 Polystyrene            6   11.077   1.0320     42.5383      70.1339      0.800   115.30   34.506761    1.436535  (   0.00, 115.30,   5.00)
 |   169 Air                    7   14.784   0.0012  30528.7508   71299.2615      0.150   115.45   34.506766    1.436537  (   0.00, 115.45,   5.00)
 |   170 Lead                  82  207.200  11.3500      0.5612      18.2592      1.100   116.55   36.466826    1.496781  (   0.00, 116.55,   5.00)
 |   171 Polystyrene            6   11.077   1.0320     42.5383      70.1339      0.800   117.35   36.485633    1.508187  (   0.00, 117.35,   5.00)
 |   172 Air                    7   14.784   0.0012  30528.7508   71299.2615      0.150   117.50   36.485638    1.508189  (   0.00, 117.50,   5.00)
 |   173 Lead                  82  207.200  11.3500      0.5612      18.2592      1.100   118.60   38.445698    1.568433  (   0.00, 118.60,   5.00)
 |   174 Polystyrene            6   11.077   1.0320     42.5383      70.1339      0.800   119.40   38.464504    1.579840  (   0.00, 119.40,   5.00)
 |   175 Air                    7   14.784   0.0012  30528.7508   71299.2615      0.150   119.55   38.464509    1.579842  (   0.00, 119.55,   5.00)
 |   176 Lead                  82  207.200  11.3500      0.5612      18.2592      1.100   120.65   40.424570    1.640086  (   0.00, 120.65,   5.00)
 |   177 Polystyrene            6   11.077   1.0320     42.5383      70.1339      0.800   121.45   40.443376    1.651492  (   0.00, 121.45,   5.00)
 |   178 Air                    7   14.784   0.0012  30528.7508   71299.2615      0.150   121.60   40.443381    1.651494  (   0.00, 121.60,   5.00)
 |   179 Lead                  82  207.200  11.3500      0.5612      18.2592      1.100   122.70   42.403441    1.711738  (   0.00, 122.70,   5.00)
 |   180 Polystyrene            6   11.077   1.0320     42.5383      70.1339      0.800   123.50   42.422248    1.723145  (   0.00, 123.50,   5.00)
 |   181 Air                    7   14.784   0.0012  30528.7508   71299.2615      0.150   123.65   42.422253    1.723147  (   0.00, 123.65,   5.00)
 |   182 Lead                  82  207.200  11.3500      0.5612      18.2592      1.100   124.75   44.382313    1.783390  (   0.00, 124.75,   5.00)
 |   183 Polystyrene            6   11.077   1.0320     42.5383      70.1339      0.800   125.55   44.401120    1.794797  (   0.00, 125.55,   5.00)
 |   184 Air                    7   14.784   0.0012  30528.7508   71299.2615      0.150   125.70   44.401125    1.794799  (   0.00, 125.70,   5.00)
 |   185 Lead                  82  207.200  11.3500      0.5612      18.2592      1.100   126.80   46.361185    1.855043  (   0.00, 126.80,   5.00)
 |   186 Polystyrene            6   11.077   1.0320     42.5383      70.1339      0.800   127.60   46.379992    1.866450  (   0.00, 127.60,   5.00)
 |   187 Air                    7   14.784   0.0012  30528.7508   71299.2615      0.150   127.75   46.379997    1.866452  (   0.00, 127.75,   5.00)
 |   188 Lead                  82  207.200  11.3500      0.5612      18.2592      1.100   128.85   48.340057    1.926695  (   0.00, 128.85,   5.00)
 |   189 Polystyrene            6   11.077   1.0320     42.5383      70.1339      0.800   129.65   48.358863    1.938102  (   0.00, 129.65,   5.00)
 |   190 Air                    7   14.784   0.0012  30528.7508   71299.2615      0.150   129.80   48.358868    1.938104  (   0.00, 129.80,   5.00)
 |   191 Lead                  82  207.200  11.3500      0.5612      18.2592      1.100   130.90   50.318929    1.998348  (   0.00, 130.90,   5.00)
 |   192 Polystyrene            6   11.077   1.0320     42.5383      70.1339      0.800   131.70   50.337735    2.009755  (   0.00, 131.70,   5.00)
 |   193 Air                    7   14.784   0.0012  30528.7508   71299.2615      0.150   131.85   50.337740    2.009757  (   0.00, 131.85,   5.00)
 |   194 Lead                  82  207.200  11.3500      0.5612      18.2592      1.100   132.95   52.297800    2.070000  (   0.00, 132.95,   5.00)
 |   195 Polystyrene            6   11.077   1.0320     42.5383      70.1339      0.800   133.75   52.316607    2.081407  (   0.00, 133.75,   5.00)
 |   196 Air                    7   14.784   0.0012  30528.7508   71299.2615      0.150   133.90   52.316612    2.081409  (   0.00, 133.90,   5.00)
 |   197 Lead                  82  207.200  11.3500      0.5612      18.2592      1.100   135.00   54.276672    2.141653  (   0.00, 135.00,   5.00)
 |   198 Polystyrene            6   11.077   1.0320     42.5383      70.1339      0.800   135.80   54.295479    2.153060  (   0.00, 135.80,   5.00)
 |   199 Air                    7   14.784   0.0012  30528.7508   71299.2615      0.150   135.95   54.295484    2.153062  (   0.00, 135.95,   5.00)
 |   200 Lead                  82  207.200  11.3500      0.5612      18.2592      1.100   137.05   56.255544    2.213305  (   0.00, 137.05,   5.00)
 |   201 Polystyrene            6   11.077   1.0320     42.5383      70.1339      0.800   137.85   56.274351    2.224712  (   0.00, 137.85,   5.00)
 |   202 Air                    7   14.784   0.0012  30528.7508   71299.2615      0.150   138.00   56.274356    2.224714  (   0.00, 138.00,   5.00)
 |   203 Lead                  82  207.200  11.3500      0.5612      18.2592      1.100   139.10   58.234416    2.284958  (   0.00, 139.10,   5.00)
 |   204 Polystyrene            6   11.077   1.0320     42.5383      70.1339      0.800   139.90   58.253222    2.296365  (   0.00, 139.90,   5.00)
 |   205 Air                    7   14.784   0.0012  30528.7508   71299.2615      0.150   140.05   58.253227    2.296367  (   0.00, 140.05,   5.00)
 |   206 Lead                  82  207.200  11.3500      0.5612      18.2592      1.100   141.15   60.213288    2.356610  (   0.00, 141.15,   5.00)
 |   207 Polystyrene            6   11.077   1.0320     42.5383      70.1339      0.800   141.95   60.232094    2.368017  (   0.00, 141.95,   5.00)
 |   208 Air                    7   14.784   0.0012  30528.7508   71299.2615      0.150   142.10   60.232099    2.368019  (   0.00, 142.10,   5.00)
 |   209 Lead                  82  207.200  11.3500      0.5612      18.2592      1.100   143.20   62.192159    2.428263  (   0.00, 143.20,   5.00)
 |   210 Polystyrene            6   11.077   1.0320     42.5383      70.1339      0.800   144.00   62.210966    2.439669  (   0.00, 144.00,   5.00)
 |   211 Air                    7   14.784   0.0012  30528.7508   71299.2615      0.150   144.15   62.210971    2.439672  (   0.00, 144.15,   5.00)
 |   212 Lead                  82  207.200  11.3500      0.5612      18.2592      1.100   145.25   64.171031    2.499915  (   0.00, 145.25,   5.00)
 |   213 Polystyrene            6   11.077   1.0320     42.5383      70.1339      0.800   146.05   64.189838    2.511322  (   0.00, 146.05,   5.00)
 |   214 Air                    7   14.784   0.0012  30528.7508   71299.2615      0.150   146.20   64.189843    2.511324  (   0.00, 146.20,   5.00)
 |   215 Lead                  82  207.200  11.3500      0.5612      18.2592      1.100   147.30   66.149903    2.571568  (   0.00, 147.30,   5.00)
 |   216 Polystyrene            6   11.077   1.0320     42.5383      70.1339      0.800   148.10   66.168710    2.582974  (   0.00, 148.10,   5.00)
 |   217 Air                    7   14.784   0.0012  30528.7508   71299.2615      0.150   148.25   66.168714    2.582976  (   0.00, 148.25,   5.00)
 |   218 Air                    7   14.784   0.0012  30528.7508   71299.2615     18.265   166.52   66.169313    2.583233  (   0.00, 166.52,   5.00)
 |   219 Aluminum              13   26.982   2.6990      8.8963      38.8767      3.000   169.52   66.506530    2.660400  (   0.00, 169.52,   5.00)
 |   220 Vacuum                 7   14.784   0.0000 3.66345e+11  8.55591e+11      1.500   171.02   66.506530    2.660400  (   0.00, 171.02,   5.00)
 |   221 Aluminum              13   26.982   2.6990      8.8963      38.8767      3.000   174.02   66.843748    2.737567  (   0.00, 174.02,   5.00)
 |   222 Air                    7   14.784   0.0012  30528.7508   71299.2615      2.000   176.02   66.843814    2.737595  (   0.00, 176.02,   5.00)
 |   223 Aluminum              13   26.982   2.6990      8.8963      38.8767      6.000   182.02   67.518249    2.891929  (   0.00, 182.02,   5.00)
 |   224 Aluminum              13   26.982   2.6990      8.8963      38.8767      5.000   187.02   68.080279    3.020541  (   0.00, 187.02,   5.00)
 |   225 Air                    7   14.784   0.0012  30528.7508   71299.2615      6.500   193.52   68.080491    3.020632  (   0.00, 193.52,   5.00)
 |   226 Aluminum              13   26.982   2.6990      8.8963      38.8767      1.500   195.02   68.249100    3.059215  (   0.00, 195.02,   5.00)
 |   227 Aluminum              13   26.982   2.6990      8.8963      38.8767      3.000   198.02   68.586318    3.136382  (   0.00, 198.02,   5.00)
 |   228 Vacuum                 7   14.784   0.0000 3.66345e+11  8.55591e+11      3.000   201.02   68.586318    3.136382  (   0.00, 201.02,   5.00)
 |   229 Aluminum              13   26.982   2.6990      8.8963      38.8767      4.000   205.02   69.035942    3.239272  (   0.00, 205.02,   5.00)
 |   230 Air                    7   14.784   0.0012  30528.7508   71299.2615      0.500   205.52   69.035958    3.239279  (   0.00, 205.52,   5.00)
 |   231 Steel235              26   55.757   7.8500      1.7652      16.9882      9.000   214.52   74.134388    3.769059  (   0.00, 214.52,   5.00)
 |   232 Polystyrene            6   11.077   1.0320     42.5383      70.1339      0.800   215.32   74.153194    3.780466  (   0.00, 215.32,   5.00)
 |   233 Air                    7   14.784   0.0012  30528.7508   71299.2615      0.150   215.47   74.153199    3.780468  (   0.00, 215.47,   5.00)
 |   234 Steel235              26   55.757   7.8500      1.7652      16.9882      9.000   224.47   79.251629    4.310248  (   0.00, 224.47,   5.00)
 |   235 Polystyrene            6   11.077   1.0320     42.5383      70.1339      0.800   225.27   79.270435    4.321655  (   0.00, 225.27,   5.00)
 |   236 Air                    7   14.784   0.0012  30528.7508   71299.2615      0.150   225.42   79.270440    4.321657  (   0.00, 225.42,   5.00)
 |   237 Steel235              26   55.757   7.8500      1.7652      16.9882      9.000   234.42   84.368870    4.851437  (   0.00, 234.42,   5.00)
 |   238 Polystyrene            6   11.077   1.0320     42.5383      70.1339      0.800   235.22   84.387676    4.862844  (   0.00, 235.22,   5.00)
 |   239 Air                    7   14.784   0.0012  30528.7508   71299.2615      0.150   235.37   84.387681    4.862846  (   0.00, 235.37,   5.00)
 |   240 Steel235              26   55.757   7.8500      1.7652      16.9882      9.000   244.37   89.486111    5.392626  (   0.00, 244.37,   5.00)
 |   241 Polystyrene            6   11.077   1.0320     42.5383      70.1339      0.800   245.17   89.504917    5.404033  (   0.00, 245.17,   5.00)
 |   242 Air                    7   14.784   0.0012  30528.7508   71299.2615      0.150   245.32   89.504922    5.404035  (   0.00, 245.32,   5.00)
 |   243 Steel235              26   55.757   7.8500      1.7652      16.9882      9.000   254.32   94.603352    5.933815  (   0.00, 254.32,   5.00)
 |   244 Polystyrene            6   11.077   1.0320     42.5383      70.1339      0.800   255.12   94.622158    5.945222  (   0.00, 255.12,   5.00)
 |   245 Air                    7   14.784   0.0012  30528.7508   71299.2615      0.150   255.27   94.622163    5.945224  (   0.00, 255.27,   5.00)
 |   246 Steel235              26   55.757   7.8500      1.7652      16.9882     15.000   270.27  103.119546    6.828191  (   0.00, 270.27,   5.00)
 |   247 Polystyrene            6   11.077   1.0320     42.5383      70.1339      0.800   271.07  103.138352    6.839598  (   0.00, 271.07,   5.00)
 |   248 Air                    7   14.784   0.0012  30528.7508   71299.2615      0.150   271.22  103.138357    6.839600  (   0.00, 271.22,   5.00)
 |   249 Steel235              26   55.757   7.8500      1.7652      16.9882     15.000   286.22  111.635740    7.722567  (   0.00, 286.22,   5.00)
 |   250 Polystyrene            6   11.077   1.0320     42.5383      70.1339      0.800   287.02  111.654547    7.733974  (   0.00, 287.02,   5.00)
 |   251 Air                    7   14.784   0.0012  30528.7508   71299.2615      0.150   287.17  111.654551    7.733976  (   0.00, 287.17,   5.00)
 |   252 Steel235              26   55.757   7.8500      1.7652      16.9882     15.000   302.17  120.151934    8.616943  (   0.00, 302.17,   5.00)
 |   253 Polystyrene            6   11.077   1.0320     42.5383      70.1339      0.800   302.97  120.170741    8.628350  (   0.00, 302.97,   5.00)
 |   254 Air                    7   14.784   0.0012  30528.7508   71299.2615      0.150   303.12  120.170746    8.628352  (   0.00, 303.12,   5.00)
 |   255 Steel235              26   55.757   7.8500      1.7652      16.9882     15.000   318.12  128.668128    9.511319  (   0.00, 318.12,   5.00)
 |   256 Polystyrene            6   11.077   1.0320     42.5383      70.1339      0.800   318.92  128.686935    9.522726  (   0.00, 318.92,   5.00)
 |   257 Air                    7   14.784   0.0012  30528.7508   71299.2615      0.150   319.07  128.686940    9.522728  (   0.00, 319.07,   5.00)
 |   258 Steel235              26   55.757   7.8500      1.7652      16.9882     15.000   334.07  137.184322   10.405695  (   0.00, 334.07,   5.00)
 |   259 Polystyrene            6   11.077   1.0320     42.5383      70.1339      0.800   334.87  137.203129   10.417101  (   0.00, 334.87,   5.00)
 |   260 Air                    7   14.784   0.0012  30528.7508   71299.2615      0.150   335.02  137.203134   10.417104  (   0.00, 335.02,   5.00)
 |   261 Steel235              26   55.757   7.8500      1.7652      16.9882     15.000   350.02  145.700516   11.300071  (   0.00, 350.02,   5.00)
 |   262 Polystyrene            6   11.077   1.0320     42.5383      70.1339      0.800   350.82  145.719323   11.311477  (   0.00, 350.82,   5.00)
 |   263 Air                    7   14.784   0.0012  30528.7508   71299.2615      0.150   350.97  145.719328   11.311479  (   0.00, 350.97,   5.00)
 |   264 Steel235              26   55.757   7.8500      1.7652      16.9882     18.000   368.97  155.916187   12.371040  (   0.00, 368.97,   5.00)
 |   265 Polystyrene            6   11.077   1.0320     42.5383      70.1339      0.800   369.77  155.934994   12.382447  (   0.00, 369.77,   5.00)
 |   266 Air                    7   14.784   0.0012  30528.7508   71299.2615      0.150   369.92  155.934999   12.382449  (   0.00, 369.92,   5.00)
 |   267 Steel235              26   55.757   7.8500      1.7652      16.9882     18.000   387.92  166.131858   13.442009  (   0.00, 387.92,   5.00)
 |   268 Polystyrene            6   11.077   1.0320     42.5383      70.1339      0.800   388.72  166.150664   13.453416  (   0.00, 388.72,   5.00)
 |   269 Air                    7   14.784   0.0012  30528.7508   71299.2615      0.150   388.87  166.150669   13.453418  (   0.00, 388.87,   5.00)
 |   270 Steel235              26   55.757   7.8500      1.7652      16.9882     18.000   406.87  176.347528   14.512978  (   0.00, 406.87,   5.00)
 |   271 Polystyrene            6   11.077   1.0320     42.5383      70.1339      0.800   407.67  176.366335   14.524385  (   0.00, 407.67,   5.00)
 |   272 Air                    7   14.784   0.0012  30528.7508   71299.2615      0.150   407.82  176.366340   14.524387  (   0.00, 407.82,   5.00)
 |   273 Steel235              26   55.757   7.8500      1.7652      16.9882     18.000   425.82  186.563199   15.583948  (   0.00, 425.82,   5.00)
 |   274 Polystyrene            6   11.077   1.0320     42.5383      70.1339      0.800   426.62  186.582005   15.595354  (   0.00, 426.62,   5.00)
 |   275 Air                    7   14.784   0.0012  30528.7508   71299.2615      0.150   426.77  186.582010   15.595356  (   0.00, 426.77,   5.00)
 |   276 Steel235              26   55.757   7.8500      1.7652      16.9882     18.000   444.77  196.778869   16.654917  (   0.00, 444.77,   5.00)
 |   277 Polystyrene            6   11.077   1.0320     42.5383      70.1339      0.800   445.57  196.797676   16.666324  (   0.00, 445.57,   5.00)
 |   278 Air                    7   14.784   0.0012  30528.7508   71299.2615      0.150   445.72  196.797681   16.666326  (   0.00, 445.72,   5.00)
 |   279 Steel235              26   55.757   7.8500      1.7652      16.9882     18.000   463.72  206.994540   17.725886  (   0.00, 463.72,   5.00)
 |   280 Polystyrene            6   11.077   1.0320     42.5383      70.1339      0.800   464.52  207.013347   17.737293  (   0.00, 464.52,   5.00)
 |   281 Air                    7   14.784   0.0012  30528.7508   71299.2615      0.150   464.67  207.013352   17.737295  (   0.00, 464.67,   5.00)
 |   282 Steel235              26   55.757   7.8500      1.7652      16.9882     18.000   482.67  217.210211   18.796855  (   0.00, 482.67,   5.00)
 |   283 Polystyrene            6   11.077   1.0320     42.5383      70.1339      0.800   483.47  217.229017   18.808262  (   0.00, 483.47,   5.00)
 |   284 Air                    7   14.784   0.0012  30528.7508   71299.2615      0.150   483.62  217.229022   18.808264  (   0.00, 483.62,   5.00)
 |   285 Steel235              26   55.757   7.8500      1.7652      16.9882     18.000   501.62  227.425881   19.867825  (   0.00, 501.62,   5.00)
 |   286 Polystyrene            6   11.077   1.0320     42.5383      70.1339      0.800   502.42  227.444688   19.879231  (   0.00, 502.42,   5.00)
 |   287 Air                    7   14.784   0.0012  30528.7508   71299.2615      0.150   502.57  227.444693   19.879234  (   0.00, 502.57,   5.00)
 |   288 Air                    7   14.784   0.0012  30528.7508   71299.2615     38.153   540.72  227.445943   19.879769  (   0.00, 540.72,   5.00)
 |   289 Aluminum              13   26.982   2.6990      8.8963      38.8767      0.100   540.82  227.457183   19.882341  (   0.00, 540.82,   5.00)
 |   290 Air                    7   14.784   0.0012  30528.7508   71299.2615      0.350   541.17  227.457195   19.882346  (   0.00, 541.17,   5.00)
 |   291 PyrexGlass            10   20.495   2.2300     12.6748      42.3068      0.200   541.37  227.472974   19.887073  (   0.00, 541.37,   5.00)
 |   292 RPCGasDefault          8   16.809   0.0037   9559.7023   23347.6182      0.200   541.57  227.472995   19.887082  (   0.00, 541.57,   5.00)
 |   293 PyrexGlass            10   20.495   2.2300     12.6748      42.3068      0.200   541.77  227.488774   19.891809  (   0.00, 541.77,   5.00)
 |   294 Air                    7   14.784   0.0012  30528.7508   71299.2615      0.350   542.12  227.488786   19.891814  (   0.00, 542.12,   5.00)
 |   295 Aluminum              13   26.982   2.6990      8.8963      38.8767      0.100   542.22  227.500026   19.894386  (   0.00, 542.22,   5.00)
 |   296 Aluminum              13   26.982   2.6990      8.8963      38.8767      0.100   542.32  227.511267   19.896959  (   0.00, 542.32,   5.00)
 |   297 Air                    7   14.784   0.0012  30528.7508   71299.2615      0.350   542.67  227.511278   19.896963  (   0.00, 542.67,   5.00)
 |   298 PyrexGlass            10   20.495   2.2300     12.6748      42.3068      0.200   542.87  227.527058   19.901691  (   0.00, 542.87,   5.00)
 |   299 RPCGasDefault          8   16.809   0.0037   9559.7023   23347.6182      0.200   543.07  227.527079   19.901699  (   0.00, 543.07,   5.00)
 |   300 PyrexGlass            10   20.495   2.2300     12.6748      42.3068      0.200   543.27  227.542858   19.906427  (   0.00, 543.27,   5.00)
 |   301 Air                    7   14.784   0.0012  30528.7508   71299.2615      0.350   543.62  227.542870   19.906432  (   0.00, 543.62,   5.00)
 |   302 Aluminum              13   26.982   2.6990      8.8963      38.8767      0.100   543.72  227.554110   19.909004  (   0.00, 543.72,   5.00)
 |   303 Air                    7   14.784   0.0012  30528.7508   71299.2615      1.000   544.72  227.554143   19.909018  (   0.00, 544.72,   5.00)
 |   304 Iron                  26   55.845   7.8740      1.7575      16.9589      5.000   549.72  230.399109   20.203848  (   0.00, 549.72,   5.00)
 |   305 Aluminum              13   26.982   2.6990      8.8963      38.8767      0.100   549.82  230.410350   20.206420  (   0.00, 549.82,   5.00)
 |   306 Air                    7   14.784   0.0012  30528.7508   71299.2615      0.350   550.17  230.410361   20.206425  (   0.00, 550.17,   5.00)
 |   307 PyrexGlass            10   20.495   2.2300     12.6748      42.3068      0.200   550.37  230.426141   20.211152  (   0.00, 550.37,   5.00)
 |   308 RPCGasDefault          8   16.809   0.0037   9559.7023   23347.6182      0.200   550.57  230.426162   20.211161  (   0.00, 550.57,   5.00)
 |   309 PyrexGlass            10   20.495   2.2300     12.6748      42.3068      0.200   550.77  230.441941   20.215888  (   0.00, 550.77,   5.00)
 |   310 Air                    7   14.784   0.0012  30528.7508   71299.2615      0.350   551.12  230.441952   20.215893  (   0.00, 551.12,   5.00)
 |   311 Aluminum              13   26.982   2.6990      8.8963      38.8767      0.100   551.22  230.453193   20.218466  (   0.00, 551.22,   5.00)
 |   312 Aluminum              13   26.982   2.6990      8.8963      38.8767      0.100   551.32  230.464434   20.221038  (   0.00, 551.32,   5.00)
 |   313 Air                    7   14.784   0.0012  30528.7508   71299.2615      0.350   551.67  230.464445   20.221043  (   0.00, 551.67,   5.00)
 |   314 PyrexGlass            10   20.495   2.2300     12.6748      42.3068      0.200   551.87  230.480225   20.225770  (   0.00, 551.87,   5.00)
 |   315 RPCGasDefault          8   16.809   0.0037   9559.7023   23347.6182      0.200   552.07  230.480245   20.225779  (   0.00, 552.07,   5.00)
 |   316 PyrexGlass            10   20.495   2.2300     12.6748      42.3068      0.200   552.27  230.496025   20.230506  (   0.00, 552.27,   5.00)
 |   317 Air                    7   14.784   0.0012  30528.7508   71299.2615      0.350   552.62  230.496036   20.230511  (   0.00, 552.62,   5.00)
 |   318 Aluminum              13   26.982   2.6990      8.8963      38.8767      0.100   552.72  230.507277   20.233083  (   0.00, 552.72,   5.00)
 |   319 Air                    7   14.784   0.0012  30528.7508   71299.2615      1.000   553.72  230.507310   20.233097  (   0.00, 553.72,   5.00)
 |   320 Iron                  26   55.845   7.8740      1.7575      16.9589     20.000   573.72  241.887175   21.412417  (   0.00, 573.72,   5.00)
 |   321 Aluminum              13   26.982   2.6990      8.8963      38.8767      0.100   573.82  241.898416   21.414990  (   0.00, 573.82,   5.00)
 |   322 Air                    7   14.784   0.0012  30528.7508   71299.2615      0.350   574.17  241.898427   21.414995  (   0.00, 574.17,   5.00)
 |   323 PyrexGlass            10   20.495   2.2300     12.6748      42.3068      0.200   574.37  241.914207   21.419722  (   0.00, 574.37,   5.00)
 |   324 RPCGasDefault          8   16.809   0.0037   9559.7023   23347.6182      0.200   574.57  241.914228   21.419730  (   0.00, 574.57,   5.00)
 |   325 PyrexGlass            10   20.495   2.2300     12.6748      42.3068      0.200   574.77  241.930007   21.424458  (   0.00, 574.77,   5.00)
 |   326 Air                    7   14.784   0.0012  30528.7508   71299.2615      0.350   575.12  241.930018   21.424463  (   0.00, 575.12,   5.00)
 |   327 Aluminum              13   26.982   2.6990      8.8963      38.8767      0.100   575.22  241.941259   21.427035  (   0.00, 575.22,   5.00)
 |   328 Aluminum              13   26.982   2.6990      8.8963      38.8767      0.100   575.32  241.952500   21.429607  (   0.00, 575.32,   5.00)
 |   329 Air                    7   14.784   0.0012  30528.7508   71299.2615      0.350   575.67  241.952511   21.429612  (   0.00, 575.67,   5.00)
 |   330 PyrexGlass            10   20.495   2.2300     12.6748      42.3068      0.200   575.87  241.968290   21.434339  (   0.00, 575.87,   5.00)
 |   331 RPCGasDefault          8   16.809   0.0037   9559.7023   23347.6182      0.200   576.07  241.968311   21.434348  (   0.00, 576.07,   5.00)
 |   332 PyrexGlass            10   20.495   2.2300     12.6748      42.3068      0.200   576.27  241.984091   21.439075  (   0.00, 576.27,   5.00)
 |   333 Air                    7   14.784   0.0012  30528.7508   71299.2615      0.350   576.62  241.984102   21.439080  (   0.00, 576.62,   5.00)
 |   334 Aluminum              13   26.982   2.6990      8.8963      38.8767      0.100   576.72  241.995343   21.441653  (   0.00, 576.72,   5.00)
 |   335 Air                    7   14.784   0.0012  30528.7508   71299.2615      1.000   577.72  241.995375   21.441667  (   0.00, 577.72,   5.00)
 |   336 Iron                  26   55.845   7.8740      1.7575      16.9589     10.000   587.72  247.685308   22.031327  (   0.00, 587.72,   5.00)
 |   337 Aluminum              13   26.982   2.6990      8.8963      38.8767      0.100   587.82  247.696549   22.033899  (   0.00, 587.82,   5.00)
 |   338 Air                    7   14.784   0.0012  30528.7508   71299.2615      0.350   588.17  247.696560   22.033904  (   0.00, 588.17,   5.00)
 |   339 PyrexGlass            10   20.495   2.2300     12.6748      42.3068      0.200   588.37  247.712340   22.038631  (   0.00, 588.37,   5.00)
 |   340 RPCGasDefault          8   16.809   0.0037   9559.7023   23347.6182      0.200   588.57  247.712361   22.038640  (   0.00, 588.57,   5.00)
 |   341 PyrexGlass            10   20.495   2.2300     12.6748      42.3068      0.200   588.77  247.728140   22.043367  (   0.00, 588.77,   5.00)
 |   342 Air                    7   14.784   0.0012  30528.7508   71299.2615      0.350   589.12  247.728151   22.043372  (   0.00, 589.12,   5.00)
 |   343 Aluminum              13   26.982   2.6990      8.8963      38.8767      0.100   589.22  247.739392   22.045944  (   0.00, 589.22,   5.00)
 |   344 Aluminum              13   26.982   2.6990      8.8963      38.8767      0.100   589.32  247.750633   22.048517  (   0.00, 589.32,   5.00)
 |   345 Air                    7   14.784   0.0012  30528.7508   71299.2615      0.350   589.67  247.750644   22.048521  (   0.00, 589.67,   5.00)
 |   346 PyrexGlass            10   20.495   2.2300     12.6748      42.3068      0.200   589.87  247.766423   22.053249  (   0.00, 589.87,   5.00)
 |   347 RPCGasDefault          8   16.809   0.0037   9559.7023   23347.6182      0.200   590.07  247.766444   22.053257  (   0.00, 590.07,   5.00)
 |   348 PyrexGlass            10   20.495   2.2300     12.6748      42.3068      0.200   590.27  247.782224   22.057985  (   0.00, 590.27,   5.00)
 |   349 Air                    7   14.784   0.0012  30528.7508   71299.2615      0.350   590.62  247.782235   22.057990  (   0.00, 590.62,   5.00)
 |   350 Aluminum              13   26.982   2.6990      8.8963      38.8767      0.100   590.72  247.793476   22.060562  (   0.00, 590.72,   5.00)
 |   351 Air                    7   14.784   0.0012  30528.7508   71299.2615      1.000   591.72  247.793509   22.060576  (   0.00, 591.72,   5.00)
 |   352 Iron                  26   55.845   7.8740      1.7575      16.9589     10.000   601.72  253.483441   22.650236  (   0.00, 601.72,   5.00)
 |   353 Aluminum              13   26.982   2.6990      8.8963      38.8767      0.100   601.82  253.494682   22.652808  (   0.00, 601.82,   5.00)
 |   354 Air                    7   14.784   0.0012  30528.7508   71299.2615      0.350   602.17  253.494693   22.652813  (   0.00, 602.17,   5.00)
 |   355 PyrexGlass            10   20.495   2.2300     12.6748      42.3068      0.200   602.37  253.510473   22.657541  (   0.00, 602.37,   5.00)
 |   356 RPCGasDefault          8   16.809   0.0037   9559.7023   23347.6182      0.200   602.57  253.510494   22.657549  (   0.00, 602.57,   5.00)
 |   357 PyrexGlass            10   20.495   2.2300     12.6748      42.3068      0.200   602.77  253.526273   22.662276  (   0.00, 602.77,   5.00)
 |   358 Air                    7   14.784   0.0012  30528.7508   71299.2615      0.350   603.12  253.526285   22.662281  (   0.00, 603.12,   5.00)
 |   359 Aluminum              13   26.982   2.6990      8.8963      38.8767      0.100   603.22  253.537525   22.664854  (   0.00, 603.22,   5.00)
 |   360 Aluminum              13   26.982   2.6990      8.8963      38.8767      0.100   603.32  253.548766   22.667426  (   0.00, 603.32,   5.00)
 |   361 Air                    7   14.784   0.0012  30528.7508   71299.2615      0.350   603.67  253.548777   22.667431  (   0.00, 603.67,   5.00)
 |   362 PyrexGlass            10   20.495   2.2300     12.6748      42.3068      0.200   603.87  253.564557   22.672158  (   0.00, 603.87,   5.00)
 |   363 RPCGasDefault          8   16.809   0.0037   9559.7023   23347.6182      0.200   604.07  253.564577   22.672167  (   0.00, 604.07,   5.00)
 |   364 PyrexGlass            10   20.495   2.2300     12.6748      42.3068      0.200   604.27  253.580357   22.676894  (   0.00, 604.27,   5.00)
 |   365 Air                    7   14.784   0.0012  30528.7508   71299.2615      0.350   604.62  253.580368   22.676899  (   0.00, 604.62,   5.00)
 |   366 Aluminum              13   26.982   2.6990      8.8963      38.8767      0.100   604.72  253.591609   22.679471  (   0.00, 604.72,   5.00)
 |   367 Air                    7   14.784   0.0012  30528.7508   71299.2615      1.000   605.72  253.591642   22.679485  (   0.00, 605.72,   5.00)
 |   368 Iron                  26   55.845   7.8740      1.7575      16.9589     10.000   615.72  259.281574   23.269145  (   0.00, 615.72,   5.00)
 |   369 Aluminum              13   26.982   2.6990      8.8963      38.8767      0.100   615.82  259.292815   23.271718  (   0.00, 615.82,   5.00)
 |   370 Air                    7   14.784   0.0012  30528.7508   71299.2615      0.350   616.17  259.292826   23.271722  (   0.00, 616.17,   5.00)
 |   371 PyrexGlass            10   20.495   2.2300     12.6748      42.3068      0.200   616.37  259.308606   23.276450  (   0.00, 616.37,   5.00)
 |   372 RPCGasDefault          8   16.809   0.0037   9559.7023   23347.6182      0.200   616.57  259.308627   23.276458  (   0.00, 616.57,   5.00)
 |   373 PyrexGlass            10   20.495   2.2300     12.6748      42.3068      0.200   616.77  259.324406   23.281186  (   0.00, 616.77,   5.00)
 |   374 Air                    7   14.784   0.0012  30528.7508   71299.2615      0.350   617.12  259.324418   23.281191  (   0.00, 617.12,   5.00)
 |   375 Aluminum              13   26.982   2.6990      8.8963      38.8767      0.100   617.22  259.335658   23.283763  (   0.00, 617.22,   5.00)
 |   376 Aluminum              13   26.982   2.6990      8.8963      38.8767      0.100   617.32  259.346899   23.286335  (   0.00, 617.32,   5.00)
 |   377 Air                    7   14.784   0.0012  30528.7508   71299.2615      0.350   617.67  259.346910   23.286340  (   0.00, 617.67,   5.00)
 |   378 PyrexGlass            10   20.495   2.2300     12.6748      42.3068      0.200   617.87  259.362690   23.291067  (   0.00, 617.87,   5.00)
 |   379 RPCGasDefault          8   16.809   0.0037   9559.7023   23347.6182      0.200   618.07  259.362711   23.291076  (   0.00, 618.07,   5.00)
 |   380 PyrexGlass            10   20.495   2.2300     12.6748      42.3068      0.200   618.27  259.378490   23.295803  (   0.00, 618.27,   5.00)
 |   381 Air                    7   14.784   0.0012  30528.7508   71299.2615      0.350   618.62  259.378501   23.295808  (   0.00, 618.62,   5.00)
 |   382 Aluminum              13   26.982   2.6990      8.8963      38.8767      0.100   618.72  259.389742   23.298381  (   0.00, 618.72,   5.00)
 |   383 Air                    7   14.784   0.0012  30528.7508   71299.2615      1.000   619.72  259.389775   23.298395  (   0.00, 619.72,   5.00)
 |   384 Iron                  26   55.845   7.8740      1.7575      16.9589     10.000   629.72  265.079708   23.888055  (   0.00, 629.72,   5.00)
 |   385 Aluminum              13   26.982   2.6990      8.8963      38.8767      0.100   629.82  265.090948   23.890627  (   0.00, 629.82,   5.00)
 |   386 Air                    7   14.784   0.0012  30528.7508   71299.2615      0.350   630.17  265.090960   23.890632  (   0.00, 630.17,   5.00)
 |   387 PyrexGlass            10   20.495   2.2300     12.6748      42.3068      0.200   630.37  265.106739   23.895359  (   0.00, 630.37,   5.00)
 |   388 RPCGasDefault          8   16.809   0.0037   9559.7023   23347.6182      0.200   630.57  265.106760   23.895368  (   0.00, 630.57,   5.00)
 |   389 PyrexGlass            10   20.495   2.2300     12.6748      42.3068      0.200   630.77  265.122539   23.900095  (   0.00, 630.77,   5.00)
 |   390 Air                    7   14.784   0.0012  30528.7508   71299.2615      0.350   631.12  265.122551   23.900100  (   0.00, 631.12,   5.00)
 |   391 Aluminum              13   26.982   2.6990      8.8963      38.8767      0.100   631.22  265.133791   23.902672  (   0.00, 631.22,   5.00)
 |   392 Aluminum              13   26.982   2.6990      8.8963      38.8767      0.100   631.32  265.145032   23.905244  (   0.00, 631.32,   5.00)
 |   393 Air                    7   14.784   0.0012  30528.7508   71299.2615      0.350   631.67  265.145043   23.905249  (   0.00, 631.67,   5.00)
 |   394 PyrexGlass            10   20.495   2.2300     12.6748      42.3068      0.200   631.87  265.160823   23.909977  (   0.00, 631.87,   5.00)
 |   395 RPCGasDefault          8   16.809   0.0037   9559.7023   23347.6182      0.200   632.07  265.160844   23.909985  (   0.00, 632.07,   5.00)
 |   396 PyrexGlass            10   20.495   2.2300     12.6748      42.3068      0.200   632.27  265.176623   23.914713  (   0.00, 632.27,   5.00)
 |   397 Air                    7   14.784   0.0012  30528.7508   71299.2615      0.350   632.62  265.176634   23.914718  (   0.00, 632.62,   5.00)
 |   398 Aluminum              13   26.982   2.6990      8.8963      38.8767      0.100   632.72  265.187875   23.917290  (   0.00, 632.72,   5.00)
 |   399 Air                    7   14.784   0.0012  30528.7508   71299.2615      1.000   633.72  265.187908   23.917304  (   0.00, 633.72,   5.00)
 |   400 Iron                  26   55.845   7.8740      1.7575      16.9589     10.000   643.72  270.877841   24.506964  (   0.00, 643.72,   5.00)
 |   401 Aluminum              13   26.982   2.6990      8.8963      38.8767      0.100   643.82  270.889081   24.509536  (   0.00, 643.82,   5.00)
 |   402 Air                    7   14.784   0.0012  30528.7508   71299.2615      0.350   644.17  270.889093   24.509541  (   0.00, 644.17,   5.00)
 |   403 PyrexGlass            10   20.495   2.2300     12.6748      42.3068      0.200   644.37  270.904872   24.514268  (   0.00, 644.37,   5.00)
 |   404 RPCGasDefault          8   16.809   0.0037   9559.7023   23347.6182      0.200   644.57  270.904893   24.514277  (   0.00, 644.57,   5.00)
 |   405 PyrexGlass            10   20.495   2.2300     12.6748      42.3068      0.200   644.77  270.920672   24.519004  (   0.00, 644.77,   5.00)
 |   406 Air                    7   14.784   0.0012  30528.7508   71299.2615      0.350   645.12  270.920684   24.519009  (   0.00, 645.12,   5.00)
 |   407 Aluminum              13   26.982   2.6990      8.8963      38.8767      0.100   645.22  270.931924   24.521582  (   0.00, 645.22,   5.00)
 |   408 Aluminum              13   26.982   2.6990      8.8963      38.8767      0.100   645.32  270.943165   24.524154  (   0.00, 645.32,   5.00)
 |   409 Air                    7   14.784   0.0012  30528.7508   71299.2615      0.350   645.67  270.943176   24.524159  (   0.00, 645.67,   5.00)
 |   410 PyrexGlass            10   20.495   2.2300     12.6748      42.3068      0.200   645.87  270.958956   24.528886  (   0.00, 645.87,   5.00)
 |   411 RPCGasDefault          8   16.809   0.0037   9559.7023   23347.6182      0.200   646.07  270.958977   24.528895  (   0.00, 646.07,   5.00)
 |   412 PyrexGlass            10   20.495   2.2300     12.6748      42.3068      0.200   646.27  270.974756   24.533622  (   0.00, 646.27,   5.00)
 |   413 Air                    7   14.784   0.0012  30528.7508   71299.2615      0.350   646.62  270.974768   24.533627  (   0.00, 646.62,   5.00)
 |   414 Aluminum              13   26.982   2.6990      8.8963      38.8767      0.100   646.72  270.986008   24.536199  (   0.00, 646.72,   5.00)
 |   415 Air                    7   14.784   0.0012  30528.7508   71299.2615      1.000   647.72  270.986041   24.536213  (   0.00, 647.72,   5.00)
 |   416 Iron                  26   55.845   7.8740      1.7575      16.9589     10.000   657.72  276.675974   25.125873  (   0.00, 657.72,   5.00)
 |   417 Aluminum              13   26.982   2.6990      8.8963      38.8767      0.100   657.82  276.687214   25.128446  (   0.00, 657.82,   5.00)
 |   418 Air                    7   14.784   0.0012  30528.7508   71299.2615      0.350   658.17  276.687226   25.128450  (   0.00, 658.17,   5.00)
 |   419 PyrexGlass            10   20.495   2.2300     12.6748      42.3068      0.200   658.37  276.703005   25.133178  (   0.00, 658.37,   5.00)
 |   420 RPCGasDefault          8   16.809   0.0037   9559.7023   23347.6182      0.200   658.57  276.703026   25.133186  (   0.00, 658.57,   5.00)
 |   421 PyrexGlass            10   20.495   2.2300     12.6748      42.3068      0.200   658.77  276.718805   25.137914  (   0.00, 658.77,   5.00)
 |   422 Air                    7   14.784   0.0012  30528.7508   71299.2615      0.350   659.12  276.718817   25.137919  (   0.00, 659.12,   5.00)
 |   423 Aluminum              13   26.982   2.6990      8.8963      38.8767      0.100   659.22  276.730057   25.140491  (   0.00, 659.22,   5.00)
 |   424 Aluminum              13   26.982   2.6990      8.8963      38.8767      0.100   659.32  276.741298   25.143063  (   0.00, 659.32,   5.00)
 |   425 Air                    7   14.784   0.0012  30528.7508   71299.2615      0.350   659.67  276.741309   25.143068  (   0.00, 659.67,   5.00)
 |   426 PyrexGlass            10   20.495   2.2300     12.6748      42.3068      0.200   659.87  276.757089   25.147795  (   0.00, 659.87,   5.00)
 |   427 RPCGasDefault          8   16.809   0.0037   9559.7023   23347.6182      0.200   660.07  276.757110   25.147804  (   0.00, 660.07,   5.00)
 |   428 PyrexGlass            10   20.495   2.2300     12.6748      42.3068      0.200   660.27  276.772889   25.152531  (   0.00, 660.27,   5.00)
 |   429 Air                    7   14.784   0.0012  30528.7508   71299.2615      0.350   660.62  276.772901   25.152536  (   0.00, 660.62,   5.00)
 |   430 Aluminum              13   26.982   2.6990      8.8963      38.8767      0.100   660.72  276.784141   25.155108  (   0.00, 660.72,   5.00)
 |   431 Air                    7   14.784   0.0012  30528.7508   71299.2615      1.000   661.72  276.784174   25.155123  (   0.00, 661.72,   5.00)
 |   432 Iron                  26   55.845   7.8740      1.7575      16.9589     10.000   671.72  282.474107   25.744783  (   0.00, 671.72,   5.00)
 |   433 Aluminum              13   26.982   2.6990      8.8963      38.8767      0.100   671.82  282.485347   25.747355  (   0.00, 671.82,   5.00)
 |   434 Air                    7   14.784   0.0012  30528.7508   71299.2615      0.350   672.17  282.485359   25.747360  (   0.00, 672.17,   5.00)
 |   435 PyrexGlass            10   20.495   2.2300     12.6748      42.3068      0.200   672.37  282.501138   25.752087  (   0.00, 672.37,   5.00)
 |   436 RPCGasDefault          8   16.809   0.0037   9559.7023   23347.6182      0.200   672.57  282.501159   25.752096  (   0.00, 672.57,   5.00)
 |   437 PyrexGlass            10   20.495   2.2300     12.6748      42.3068      0.200   672.77  282.516938   25.756823  (   0.00, 672.77,   5.00)
 |   438 Air                    7   14.784   0.0012  30528.7508   71299.2615      0.350   673.12  282.516950   25.756828  (   0.00, 673.12,   5.00)
 |   439 Aluminum              13   26.982   2.6990      8.8963      38.8767      0.100   673.22  282.528191   25.759400  (   0.00, 673.22,   5.00)
 |   440 Aluminum              13   26.982   2.6990      8.8963      38.8767      0.100   673.32  282.539431   25.761972  (   0.00, 673.32,   5.00)
 |   441 Air                    7   14.784   0.0012  30528.7508   71299.2615      0.350   673.67  282.539443   25.761977  (   0.00, 673.67,   5.00)
 |   442 PyrexGlass            10   20.495   2.2300     12.6748      42.3068      0.200   673.87  282.555222   25.766705  (   0.00, 673.87,   5.00)
 |   443 RPCGasDefault          8   16.809   0.0037   9559.7023   23347.6182      0.200   674.07  282.555243   25.766713  (   0.00, 674.07,   5.00)
 |   444 PyrexGlass            10   20.495   2.2300     12.6748      42.3068      0.200   674.27  282.571022   25.771441  (   0.00, 674.27,   5.00)
 |   445 Air                    7   14.784   0.0012  30528.7508   71299.2615      0.350   674.62  282.571034   25.771446  (   0.00, 674.62,   5.00)
 |   446 Aluminum              13   26.982   2.6990      8.8963      38.8767      0.100   674.72  282.582274   25.774018  (   0.00, 674.72,   5.00)
 |   447 Air                    7   14.784   0.0012  30528.7508   71299.2615      1.000   675.72  282.582307   25.774032  (   0.00, 675.72,   5.00)
 |   448 Iron                  26   55.845   7.8740      1.7575      16.9589     10.000   685.72  288.272240   26.363692  (   0.00, 685.72,   5.00)
 |   449 Aluminum              13   26.982   2.6990      8.8963      38.8767      0.100   685.82  288.283480   26.366264  (   0.00, 685.82,   5.00)
 |   450 Air                    7   14.784   0.0012  30528.7508   71299.2615      0.350   686.17  288.283492   26.366269  (   0.00, 686.17,   5.00)
 |   451 PyrexGlass            10   20.495   2.2300     12.6748      42.3068      0.200   686.37  288.299271   26.370996  (   0.00, 686.37,   5.00)
 |   452 RPCGasDefault          8   16.809   0.0037   9559.7023   23347.6182      0.200   686.57  288.299292   26.371005  (   0.00, 686.57,   5.00)
 |   453 PyrexGlass            10   20.495   2.2300     12.6748      42.3068      0.200   686.77  288.315072   26.375732  (   0.00, 686.77,   5.00)
 |   454 Air                    7   14.784   0.0012  30528.7508   71299.2615      0.350   687.12  288.315083   26.375737  (   0.00, 687.12,   5.00)
 |   455 Aluminum              13   26.982   2.6990      8.8963      38.8767      0.100   687.22  288.326324   26.378310  (   0.00, 687.22,   5.00)
 |   456 Aluminum              13   26.982   2.6990      8.8963      38.8767      0.100   687.32  288.337564   26.380882  (   0.00, 687.32,   5.00)
 |   457 Air                    7   14.784   0.0012  30528.7508   71299.2615      0.350   687.67  288.337576   26.380887  (   0.00, 687.67,   5.00)
 |   458 PyrexGlass            10   20.495   2.2300     12.6748      42.3068      0.200   687.87  288.353355   26.385614  (   0.00, 687.87,   5.00)
 |   459 RPCGasDefault          8   16.809   0.0037   9559.7023   23347.6182      0.200   688.07  288.353376   26.385623  (   0.00, 688.07,   5.00)
 |   460 PyrexGlass            10   20.495   2.2300     12.6748      42.3068      0.200   688.27  288.369155   26.390350  (   0.00, 688.27,   5.00)
 |   461 Air                    7   14.784   0.0012  30528.7508   71299.2615      0.350   688.62  288.369167   26.390355  (   0.00, 688.62,   5.00)
 |   462 Aluminum              13   26.982   2.6990      8.8963      38.8767      0.100   688.72  288.380407   26.392927  (   0.00, 688.72,   5.00)
 |   463 Air                    7   14.784   0.0012  30528.7508   71299.2615      1.000   689.72  288.380440   26.392941  (   0.00, 689.72,   5.00)
 |   464 Iron                  26   55.845   7.8740      1.7575      16.9589     20.000   709.72  299.760306   27.572261  (   0.00, 709.72,   5.00)
 |   465 Air                    7   14.784   0.0012  30528.7508   71299.2615    290.279  1000.00  299.769814   27.576333  (   0.00,1000.00,   5.00)
 +--------------------------------------------------------------------------------------------------------------------------------------------------
 |     0 Average Material      25   55.041   3.7482      3.3359      36.2630   1000.000  1000.00  299.769814   27.576333  (   0.00,1000.00,   5.00)
 +--------------------------------------------------------------------------------------------------------------------------------------------------
