> materialScan compact_Lhe_dip_sol_ell.xml 0. 0. 5. 0. 600. 5. >| materialScan_compact_Lhe_dip_sol_ell_0_0_5_0_600_5_90deg_up.txt
VertexBarrelSupports_layer0 2.5 2.5 50.625
VertexBarrelSupports_layer1 4.5 4.5 51.7
 +--------------------------------------------------------------------------------------------------------------------------------------------------
 + Material scan between: x_0 = (   0.00,   0.00,   5.00) [cm] and x_1 = (   0.00, 600.00,   5.00) [cm] : 
 +--------------------------------------------------------------------------------------------------------------------------------------------------
 |     \   Material           Atomic                 Radiation   Interaction               Path   Integrated  Integrated    Material
 | Num. \  Name          Number/Z   Mass/A  Density    Length       Length    Thickness   Length      X0        Lambda      Endpoint  
 | Layer \                        [g/mole]  [g/cm3]     [cm]        [cm]          [cm]      [cm]     [cm]        [cm]     (     cm,     cm,     cm)
 +--------------------------------------------------------------------------------------------------------------------------------------------------
 |     1 Air                    7   14.784   0.0012  30528.7508   71299.2615      0.001     0.00    0.000000    0.000000  (   0.00,   0.00,   5.00)
 |     2 Vacuum                 7   14.784   0.0000 3.66345e+11  8.55591e+11      2.000     2.00    0.000000    0.000000  (   0.00,   2.00,   5.00)
 |     3 Beryllium              4    9.012   1.8480     35.2760      39.4488      0.399     2.40    0.011311    0.010114  (   0.00,   2.40,   5.00)
 |     4 Air                    7   14.784   0.0012  30528.7508   71299.2615      0.100     2.50    0.011314    0.010116  (   0.00,   2.50,   5.00)
 |     5 Air                    7   14.784   0.0012  30528.7508   71299.2615      0.750     3.25    0.011339    0.010126  (   0.00,   3.25,   5.00)
 |     6 Air                    7   14.784   0.0012  30528.7508   71299.2615      0.232     3.48    0.011346    0.010130  (   0.00,   3.48,   5.00)
 |     7 CarbonFiber_50D        6   11.968   0.7500     56.1492     102.0193      0.013     3.49    0.011578    0.010257  (   0.00,   3.49,   5.00)
 |     8 Air                    7   14.784   0.0012  30528.7508   71299.2615      0.026     3.52    0.011579    0.010257  (   0.00,   3.52,   5.00)
 |     9 Silicon               14   28.085   2.3300      9.3661      45.7533      0.005     3.52    0.012112    0.010367  (   0.00,   3.52,   5.00)
 |    10 Air                    7   14.784   0.0012  30528.7508   71299.2615      0.111     3.64    0.012116    0.010368  (   0.00,   3.64,   5.00)
 |    11 Kapton                 6   12.701   1.4300     28.3749      55.4761      0.004     3.64    0.012250    0.010437  (   0.00,   3.64,   5.00)
 |    12 Air                    7   14.784   0.0012  30528.7508   71299.2615      0.006     3.65    0.012250    0.010437  (   0.00,   3.65,   5.00)
 |    13 Copper                29   63.546   8.9600      1.4356      15.5142      0.000     3.65    0.012515    0.010461  (   0.00,   3.65,   5.00)
 |    14 Air                    7   14.784   0.0012  30528.7508   71299.2615      0.104     3.75    0.012518    0.010463  (   0.00,   3.75,   5.00)
 |    15 Air                    7   14.784   0.0012  30528.7508   71299.2615      0.750     4.50    0.012543    0.010473  (   0.00,   4.50,   5.00)
 |    16 Air                    7   14.784   0.0012  30528.7508   71299.2615      0.800     5.30    0.012569    0.010484  (   0.00,   5.30,   5.00)
 |    17 Air                    7   14.784   0.0012  30528.7508   71299.2615      3.700     9.00    0.012690    0.010536  (   0.00,   9.00,   5.00)
 |    18 Air                    7   14.784   0.0012  30528.7508   71299.2615      1.624    10.62    0.012743    0.010559  (   0.00,  10.62,   5.00)
 |    19 PEEK                   6   12.213   1.3700     30.3288      56.3795      0.021    10.65    0.013447    0.010937  (   0.00,  10.65,   5.00)
 |    20 CarbonFiber_50D        6   11.968   0.7500     56.1492     102.0193      0.017    10.66    0.013750    0.011105  (   0.00,  10.66,   5.00)
 |    21 Rohacell31_50D         6   12.079   0.0160   2584.8782    4648.6381      0.192    10.85    0.013825    0.011146  (   0.00,  10.85,   5.00)
 |    22 Epoxy                  6   11.888   1.3000     31.5900      54.2275      0.019    10.87    0.014415    0.011490  (   0.00,  10.87,   5.00)
 |    23 CarbonFiber_50D        6   11.968   0.7500     56.1492     102.0193      0.017    10.89    0.014719    0.011657  (   0.00,  10.89,   5.00)
 |    24 Air                    7   14.784   0.0012  30528.7508   71299.2615      0.032    10.92    0.014720    0.011658  (   0.00,  10.92,   5.00)
 |    25 Silicon               14   28.085   2.3300      9.3661      45.7533      0.001    10.92    0.014775    0.011669  (   0.00,  10.92,   5.00)
 |    26 Air                    7   14.784   0.0012  30528.7508   71299.2615      0.006    10.93    0.014775    0.011669  (   0.00,  10.93,   5.00)
 |    27 Kapton                 6   12.701   1.4300     28.3749      55.4761      0.004    10.93    0.014918    0.011742  (   0.00,  10.93,   5.00)
 |    28 Air                    7   14.784   0.0012  30528.7508   71299.2615      0.007    10.94    0.014918    0.011742  (   0.00,  10.94,   5.00)
 |    29 Copper                29   63.546   8.9600      1.4356      15.5142      0.000    10.94    0.015200    0.011768  (   0.00,  10.94,   5.00)
 |    30 Air                    7   14.784   0.0012  30528.7508   71299.2615      0.004    10.94    0.015201    0.011768  (   0.00,  10.94,   5.00)
 |    31 Air                    7   14.784   0.0012  30528.7508   71299.2615      4.956    15.90    0.015363    0.011838  (   0.00,  15.90,   5.00)
 |    32 Air                    7   14.784   0.0012  30528.7508   71299.2615      6.000    21.90    0.015559    0.011922  (   0.00,  21.90,   5.00)
 |    33 Air                    7   14.784   0.0012  30528.7508   71299.2615      6.000    27.90    0.015756    0.012006  (   0.00,  27.90,   5.00)
 |    34 Air                    7   14.784   0.0012  30528.7508   71299.2615      5.100    33.00    0.015923    0.012078  (   0.00,  33.00,   5.00)
 |    35 Air                    7   14.784   0.0012  30528.7508   71299.2615      8.300    41.30    0.016195    0.012194  (   0.00,  41.30,   5.00)
 |    36 CarbonFiber            6   11.968   1.5000     28.0746      51.0096      0.050    41.35    0.017976    0.013174  (   0.00,  41.35,   5.00)
 |    37 Rohacell31_15percent   6   12.079   0.0048   8616.2607   15495.4602      0.807    42.16    0.018070    0.013226  (   0.00,  42.16,   5.00)
 |    38 CarbonFiber            6   11.968   1.5000     28.0746      51.0096      0.050    42.21    0.019851    0.014207  (   0.00,  42.21,   5.00)
 |    39 Air                    7   14.784   0.0012  30528.7508   71299.2615      1.099    43.31    0.019887    0.014222  (   0.00,  43.31,   5.00)
 |    40 PEEK                   6   12.213   1.3700     30.3288      56.3795      0.020    43.33    0.020562    0.014585  (   0.00,  43.33,   5.00)
 |    41 CarbonFiber_50D        6   11.968   0.7500     56.1492     102.0193      0.016    43.34    0.020854    0.014746  (   0.00,  43.34,   5.00)
 |    42 Rohacell31_50D         6   12.079   0.0160   2584.8782    4648.6381      0.184    43.53    0.020925    0.014785  (   0.00,  43.53,   5.00)
 |    43 Epoxy                  6   11.888   1.3000     31.5900      54.2275      0.018    43.55    0.021492    0.015116  (   0.00,  43.55,   5.00)
 |    44 CarbonFiber_50D        6   11.968   0.7500     56.1492     102.0193      0.016    43.56    0.021784    0.015276  (   0.00,  43.56,   5.00)
 |    45 Air                    7   14.784   0.0012  30528.7508   71299.2615      0.031    43.59    0.021785    0.015277  (   0.00,  43.59,   5.00)
 |    46 Silicon               14   28.085   2.3300      9.3661      45.7533      0.000    43.59    0.021837    0.015288  (   0.00,  43.59,   5.00)
 |    47 Air                    7   14.784   0.0012  30528.7508   71299.2615      0.005    43.60    0.021838    0.015288  (   0.00,  43.60,   5.00)
 |    48 Kapton                 6   12.701   1.4300     28.3749      55.4761      0.005    43.60    0.022022    0.015382  (   0.00,  43.60,   5.00)
 |    49 Air                    7   14.784   0.0012  30528.7508   71299.2615      0.006    43.61    0.022022    0.015382  (   0.00,  43.61,   5.00)
 |    50 Copper                29   63.546   8.9600      1.4356      15.5142      0.001    43.61    0.022393    0.015416  (   0.00,  43.61,   5.00)
 |    51 Air                    7   14.784   0.0012  30528.7508   71299.2615      0.004    43.61    0.022393    0.015416  (   0.00,  43.61,   5.00)
 |    52 Air                    7   14.784   0.0012  30528.7508   71299.2615      4.387    48.00    0.022537    0.015478  (   0.00,  48.00,   5.00)
 |    53 Air                    7   14.784   0.0012  30528.7508   71299.2615      8.100    56.10    0.022802    0.015591  (   0.00,  56.10,   5.00)
 |    54 CarbonFiber            6   11.968   1.5000     28.0746      51.0096      0.050    56.15    0.024583    0.016572  (   0.00,  56.15,   5.00)
 |    55 Rohacell31_15percent   6   12.079   0.0048   8616.2607   15495.4602      0.807    56.96    0.024677    0.016624  (   0.00,  56.96,   5.00)
 |    56 CarbonFiber            6   11.968   1.5000     28.0746      51.0096      0.050    57.01    0.026458    0.017604  (   0.00,  57.01,   5.00)
 |    57 Air                    7   14.784   0.0012  30528.7508   71299.2615      0.978    57.99    0.026490    0.017618  (   0.00,  57.99,   5.00)
 |    58 PEEK                   6   12.213   1.3700     30.3288      56.3795      0.020    58.01    0.027161    0.017979  (   0.00,  58.01,   5.00)
 |    59 CarbonFiber_50D        6   11.968   0.7500     56.1492     102.0193      0.016    58.02    0.027451    0.018138  (   0.00,  58.02,   5.00)
 |    60 Rohacell31_50D         6   12.079   0.0160   2584.8782    4648.6381      0.183    58.21    0.027522    0.018178  (   0.00,  58.21,   5.00)
 |    61 Epoxy                  6   11.888   1.3000     31.5900      54.2275      0.018    58.22    0.028086    0.018506  (   0.00,  58.22,   5.00)
 |    62 CarbonFiber_50D        6   11.968   0.7500     56.1492     102.0193      0.016    58.24    0.028376    0.018666  (   0.00,  58.24,   5.00)
 |    63 Air                    7   14.784   0.0012  30528.7508   71299.2615      0.031    58.27    0.028377    0.018666  (   0.00,  58.27,   5.00)
 |    64 Silicon               14   28.085   2.3300      9.3661      45.7533      0.000    58.27    0.028429    0.018677  (   0.00,  58.27,   5.00)
 |    65 Air                    7   14.784   0.0012  30528.7508   71299.2615      0.004    58.28    0.028429    0.018677  (   0.00,  58.28,   5.00)
 |    66 Kapton                 6   12.701   1.4300     28.3749      55.4761      0.007    58.28    0.028659    0.018795  (   0.00,  58.28,   5.00)
 |    67 Air                    7   14.784   0.0012  30528.7508   71299.2615      0.005    58.29    0.028659    0.018795  (   0.00,  58.29,   5.00)
 |    68 Copper                29   63.546   8.9600      1.4356      15.5142      0.001    58.29    0.029120    0.018837  (   0.00,  58.29,   5.00)
 |    69 Air                    7   14.784   0.0012  30528.7508   71299.2615      0.004    58.29    0.029120    0.018837  (   0.00,  58.29,   5.00)
 |    70 Air                    7   14.784   0.0012  30528.7508   71299.2615      4.709    63.00    0.029274    0.018903  (   0.00,  63.00,   5.00)
 |    71 Air                    7   14.784   0.0012  30528.7508   71299.2615      2.222    65.22    0.029347    0.018935  (   0.00,  65.22,   5.00)
 |    72 Kapton                 6   12.701   1.4300     28.3749      55.4761      0.030    65.25    0.030404    0.019475  (   0.00,  65.25,   5.00)
 |    73 Polystyrene            6   11.077   1.0320     42.5383      70.1339      0.300    65.55    0.037457    0.023753  (   0.00,  65.55,   5.00)
 |    74 Lead                  82  207.200  11.3500      0.5612      18.2592      0.300    65.85    0.572019    0.040183  (   0.00,  65.85,   5.00)
 |    75 Polystyrene            6   11.077   1.0320     42.5383      70.1339      0.500    66.35    0.583773    0.047312  (   0.00,  66.35,   5.00)
 |    76 Air                    7   14.784   0.0012  30528.7508   71299.2615      0.150    66.50    0.583778    0.047314  (   0.00,  66.50,   5.00)
 |    77 Lead                  82  207.200  11.3500      0.5612      18.2592      0.300    66.80    1.118340    0.063744  (   0.00,  66.80,   5.00)
 |    78 Polystyrene            6   11.077   1.0320     42.5383      70.1339      0.500    67.30    1.130094    0.070874  (   0.00,  67.30,   5.00)
 |    79 Air                    7   14.784   0.0012  30528.7508   71299.2615      0.150    67.45    1.130099    0.070876  (   0.00,  67.45,   5.00)
 |    80 Lead                  82  207.200  11.3500      0.5612      18.2592      0.300    67.75    1.664660    0.087306  (   0.00,  67.75,   5.00)
 |    81 Polystyrene            6   11.077   1.0320     42.5383      70.1339      0.500    68.25    1.676415    0.094435  (   0.00,  68.25,   5.00)
 |    82 Air                    7   14.784   0.0012  30528.7508   71299.2615      0.150    68.40    1.676419    0.094437  (   0.00,  68.40,   5.00)
 |    83 Lead                  82  207.200  11.3500      0.5612      18.2592      0.300    68.70    2.210981    0.110867  (   0.00,  68.70,   5.00)
 |    84 Polystyrene            6   11.077   1.0320     42.5383      70.1339      0.500    69.20    2.222735    0.117996  (   0.00,  69.20,   5.00)
 |    85 Air                    7   14.784   0.0012  30528.7508   71299.2615      0.150    69.35    2.222740    0.117999  (   0.00,  69.35,   5.00)
 |    86 Lead                  82  207.200  11.3500      0.5612      18.2592      0.300    69.65    2.757302    0.134429  (   0.00,  69.65,   5.00)
 |    87 Polystyrene            6   11.077   1.0320     42.5383      70.1339      0.500    70.15    2.769056    0.141558  (   0.00,  70.15,   5.00)
 |    88 Air                    7   14.784   0.0012  30528.7508   71299.2615      0.150    70.30    2.769061    0.141560  (   0.00,  70.30,   5.00)
 |    89 Lead                  82  207.200  11.3500      0.5612      18.2592      0.300    70.60    3.303623    0.157990  (   0.00,  70.60,   5.00)
 |    90 Polystyrene            6   11.077   1.0320     42.5383      70.1339      0.500    71.10    3.315377    0.165119  (   0.00,  71.10,   5.00)
 |    91 Air                    7   14.784   0.0012  30528.7508   71299.2615      0.150    71.25    3.315382    0.165121  (   0.00,  71.25,   5.00)
 |    92 Lead                  82  207.200  11.3500      0.5612      18.2592      0.300    71.55    3.849944    0.181551  (   0.00,  71.55,   5.00)
 |    93 Polystyrene            6   11.077   1.0320     42.5383      70.1339      0.500    72.05    3.861698    0.188681  (   0.00,  72.05,   5.00)
 |    94 Air                    7   14.784   0.0012  30528.7508   71299.2615      0.150    72.20    3.861703    0.188683  (   0.00,  72.20,   5.00)
 |    95 Lead                  82  207.200  11.3500      0.5612      18.2592      0.300    72.50    4.396265    0.205113  (   0.00,  72.50,   5.00)
 |    96 Polystyrene            6   11.077   1.0320     42.5383      70.1339      0.500    73.00    4.408019    0.212242  (   0.00,  73.00,   5.00)
 |    97 Air                    7   14.784   0.0012  30528.7508   71299.2615      0.150    73.15    4.408024    0.212244  (   0.00,  73.15,   5.00)
 |    98 Lead                  82  207.200  11.3500      0.5612      18.2592      0.300    73.45    4.942586    0.228674  (   0.00,  73.45,   5.00)
 |    99 Polystyrene            6   11.077   1.0320     42.5383      70.1339      0.500    73.95    4.954340    0.235803  (   0.00,  73.95,   5.00)
 |   100 Air                    7   14.784   0.0012  30528.7508   71299.2615      0.150    74.10    4.954345    0.235806  (   0.00,  74.10,   5.00)
 |   101 Lead                  82  207.200  11.3500      0.5612      18.2592      0.400    74.50    5.667094    0.257712  (   0.00,  74.50,   5.00)
 |   102 Polystyrene            6   11.077   1.0320     42.5383      70.1339      0.500    75.00    5.678848    0.264842  (   0.00,  75.00,   5.00)
 |   103 Air                    7   14.784   0.0012  30528.7508   71299.2615      0.150    75.15    5.678853    0.264844  (   0.00,  75.15,   5.00)
 |   104 Lead                  82  207.200  11.3500      0.5612      18.2592      0.400    75.55    6.391602    0.286750  (   0.00,  75.55,   5.00)
 |   105 Polystyrene            6   11.077   1.0320     42.5383      70.1339      0.500    76.05    6.403357    0.293880  (   0.00,  76.05,   5.00)
 |   106 Air                    7   14.784   0.0012  30528.7508   71299.2615      0.150    76.20    6.403362    0.293882  (   0.00,  76.20,   5.00)
 |   107 Lead                  82  207.200  11.3500      0.5612      18.2592      0.400    76.60    7.116111    0.315788  (   0.00,  76.60,   5.00)
 |   108 Polystyrene            6   11.077   1.0320     42.5383      70.1339      0.500    77.10    7.127865    0.322918  (   0.00,  77.10,   5.00)
 |   109 Air                    7   14.784   0.0012  30528.7508   71299.2615      0.150    77.25    7.127870    0.322920  (   0.00,  77.25,   5.00)
 |   110 Lead                  82  207.200  11.3500      0.5612      18.2592      0.400    77.65    7.840619    0.344827  (   0.00,  77.65,   5.00)
 |   111 Polystyrene            6   11.077   1.0320     42.5383      70.1339      0.500    78.15    7.852373    0.351956  (   0.00,  78.15,   5.00)
 |   112 Air                    7   14.784   0.0012  30528.7508   71299.2615      0.150    78.30    7.852378    0.351958  (   0.00,  78.30,   5.00)
 |   113 Lead                  82  207.200  11.3500      0.5612      18.2592      0.400    78.70    8.565127    0.373865  (   0.00,  78.70,   5.00)
 |   114 Polystyrene            6   11.077   1.0320     42.5383      70.1339      0.500    79.20    8.576881    0.380994  (   0.00,  79.20,   5.00)
 |   115 Air                    7   14.784   0.0012  30528.7508   71299.2615      0.150    79.35    8.576886    0.380996  (   0.00,  79.35,   5.00)
 |   116 Lead                  82  207.200  11.3500      0.5612      18.2592      0.400    79.75    9.289635    0.402903  (   0.00,  79.75,   5.00)
 |   117 Polystyrene            6   11.077   1.0320     42.5383      70.1339      0.500    80.25    9.301390    0.410032  (   0.00,  80.25,   5.00)
 |   118 Air                    7   14.784   0.0012  30528.7508   71299.2615      0.150    80.40    9.301394    0.410034  (   0.00,  80.40,   5.00)
 |   119 Lead                  82  207.200  11.3500      0.5612      18.2592      0.400    80.80   10.014144    0.431941  (   0.00,  80.80,   5.00)
 |   120 Polystyrene            6   11.077   1.0320     42.5383      70.1339      0.500    81.30   10.025898    0.439070  (   0.00,  81.30,   5.00)
 |   121 Air                    7   14.784   0.0012  30528.7508   71299.2615      0.150    81.45   10.025903    0.439072  (   0.00,  81.45,   5.00)
 |   122 Lead                  82  207.200  11.3500      0.5612      18.2592      0.400    81.85   10.738652    0.460979  (   0.00,  81.85,   5.00)
 |   123 Polystyrene            6   11.077   1.0320     42.5383      70.1339      0.500    82.35   10.750406    0.468108  (   0.00,  82.35,   5.00)
 |   124 Air                    7   14.784   0.0012  30528.7508   71299.2615      0.150    82.50   10.750411    0.468110  (   0.00,  82.50,   5.00)
 |   125 Lead                  82  207.200  11.3500      0.5612      18.2592      0.400    82.90   11.463160    0.490017  (   0.00,  82.90,   5.00)
 |   126 Polystyrene            6   11.077   1.0320     42.5383      70.1339      0.500    83.40   11.474914    0.497146  (   0.00,  83.40,   5.00)
 |   127 Air                    7   14.784   0.0012  30528.7508   71299.2615      0.150    83.55   11.474919    0.497148  (   0.00,  83.55,   5.00)
 |   128 Lead                  82  207.200  11.3500      0.5612      18.2592      0.400    83.95   12.187668    0.519055  (   0.00,  83.95,   5.00)
 |   129 Polystyrene            6   11.077   1.0320     42.5383      70.1339      0.500    84.45   12.199422    0.526184  (   0.00,  84.45,   5.00)
 |   130 Air                    7   14.784   0.0012  30528.7508   71299.2615      0.150    84.60   12.199427    0.526186  (   0.00,  84.60,   5.00)
 |   131 Lead                  82  207.200  11.3500      0.5612      18.2592      0.400    85.00   12.912177    0.548093  (   0.00,  85.00,   5.00)
 |   132 Polystyrene            6   11.077   1.0320     42.5383      70.1339      0.500    85.50   12.923931    0.555222  (   0.00,  85.50,   5.00)
 |   133 Air                    7   14.784   0.0012  30528.7508   71299.2615      0.150    85.65   12.923936    0.555225  (   0.00,  85.65,   5.00)
 |   134 Lead                  82  207.200  11.3500      0.5612      18.2592      0.400    86.05   13.636685    0.577131  (   0.00,  86.05,   5.00)
 |   135 Polystyrene            6   11.077   1.0320     42.5383      70.1339      0.500    86.55   13.648439    0.584261  (   0.00,  86.55,   5.00)
 |   136 Air                    7   14.784   0.0012  30528.7508   71299.2615      0.150    86.70   13.648444    0.584263  (   0.00,  86.70,   5.00)
 |   137 Lead                  82  207.200  11.3500      0.5612      18.2592      0.400    87.10   14.361193    0.606169  (   0.00,  87.10,   5.00)
 |   138 Polystyrene            6   11.077   1.0320     42.5383      70.1339      0.500    87.60   14.372947    0.613299  (   0.00,  87.60,   5.00)
 |   139 Air                    7   14.784   0.0012  30528.7508   71299.2615      0.150    87.75   14.372952    0.613301  (   0.00,  87.75,   5.00)
 |   140 Lead                  82  207.200  11.3500      0.5612      18.2592      0.400    88.15   15.085701    0.635207  (   0.00,  88.15,   5.00)
 |   141 Polystyrene            6   11.077   1.0320     42.5383      70.1339      0.500    88.65   15.097455    0.642337  (   0.00,  88.65,   5.00)
 |   142 Air                    7   14.784   0.0012  30528.7508   71299.2615      0.150    88.80   15.097460    0.642339  (   0.00,  88.80,   5.00)
 |   143 Lead                  82  207.200  11.3500      0.5612      18.2592      0.600    89.40   16.166584    0.675199  (   0.00,  89.40,   5.00)
 |   144 Polystyrene            6   11.077   1.0320     42.5383      70.1339      0.500    89.90   16.178338    0.682328  (   0.00,  89.90,   5.00)
 |   145 Air                    7   14.784   0.0012  30528.7508   71299.2615      0.150    90.05   16.178343    0.682330  (   0.00,  90.05,   5.00)
 |   146 Lead                  82  207.200  11.3500      0.5612      18.2592      0.600    90.65   17.247467    0.715190  (   0.00,  90.65,   5.00)
 |   147 Polystyrene            6   11.077   1.0320     42.5383      70.1339      0.500    91.15   17.259221    0.722320  (   0.00,  91.15,   5.00)
 |   148 Air                    7   14.784   0.0012  30528.7508   71299.2615      0.150    91.30   17.259226    0.722322  (   0.00,  91.30,   5.00)
 |   149 Lead                  82  207.200  11.3500      0.5612      18.2592      0.600    91.90   18.328350    0.755182  (   0.00,  91.90,   5.00)
 |   150 Polystyrene            6   11.077   1.0320     42.5383      70.1339      0.500    92.40   18.340104    0.762311  (   0.00,  92.40,   5.00)
 |   151 Air                    7   14.784   0.0012  30528.7508   71299.2615      0.150    92.55   18.340109    0.762313  (   0.00,  92.55,   5.00)
 |   152 Lead                  82  207.200  11.3500      0.5612      18.2592      0.600    93.15   19.409233    0.795173  (   0.00,  93.15,   5.00)
 |   153 Polystyrene            6   11.077   1.0320     42.5383      70.1339      0.500    93.65   19.420987    0.802303  (   0.00,  93.65,   5.00)
 |   154 Air                    7   14.784   0.0012  30528.7508   71299.2615      0.150    93.80   19.420992    0.802305  (   0.00,  93.80,   5.00)
 |   155 Lead                  82  207.200  11.3500      0.5612      18.2592      0.600    94.40   20.490115    0.835165  (   0.00,  94.40,   5.00)
 |   156 Polystyrene            6   11.077   1.0320     42.5383      70.1339      0.500    94.90   20.501869    0.842294  (   0.00,  94.90,   5.00)
 |   157 Air                    7   14.784   0.0012  30528.7508   71299.2615      0.150    95.05   20.501874    0.842296  (   0.00,  95.05,   5.00)
 |   158 Lead                  82  207.200  11.3500      0.5612      18.2592      0.600    95.65   21.570998    0.875156  (   0.00,  95.65,   5.00)
 |   159 Polystyrene            6   11.077   1.0320     42.5383      70.1339      0.500    96.15   21.582752    0.882286  (   0.00,  96.15,   5.00)
 |   160 Air                    7   14.784   0.0012  30528.7508   71299.2615      0.150    96.30   21.582757    0.882288  (   0.00,  96.30,   5.00)
 |   161 Lead                  82  207.200  11.3500      0.5612      18.2592      0.600    96.90   22.651881    0.915148  (   0.00,  96.90,   5.00)
 |   162 Polystyrene            6   11.077   1.0320     42.5383      70.1339      0.500    97.40   22.663635    0.922277  (   0.00,  97.40,   5.00)
 |   163 Air                    7   14.784   0.0012  30528.7508   71299.2615      0.150    97.55   22.663640    0.922279  (   0.00,  97.55,   5.00)
 |   164 Lead                  82  207.200  11.3500      0.5612      18.2592      0.600    98.15   23.732764    0.955139  (   0.00,  98.15,   5.00)
 |   165 Polystyrene            6   11.077   1.0320     42.5383      70.1339      0.500    98.65   23.744518    0.962269  (   0.00,  98.65,   5.00)
 |   166 Air                    7   14.784   0.0012  30528.7508   71299.2615      0.150    98.80   23.744523    0.962271  (   0.00,  98.80,   5.00)
 |   167 Lead                  82  207.200  11.3500      0.5612      18.2592      0.600    99.40   24.813647    0.995131  (   0.00,  99.40,   5.00)
 |   168 Polystyrene            6   11.077   1.0320     42.5383      70.1339      0.500    99.90   24.825401    1.002260  (   0.00,  99.90,   5.00)
 |   169 Air                    7   14.784   0.0012  30528.7508   71299.2615      0.150   100.05   24.825406    1.002262  (   0.00, 100.05,   5.00)
 |   170 Lead                  82  207.200  11.3500      0.5612      18.2592      0.600   100.65   25.894530    1.035122  (   0.00, 100.65,   5.00)
 |   171 Polystyrene            6   11.077   1.0320     42.5383      70.1339      0.500   101.15   25.906284    1.042251  (   0.00, 101.15,   5.00)
 |   172 Air                    7   14.784   0.0012  30528.7508   71299.2615      0.150   101.30   25.906289    1.042254  (   0.00, 101.30,   5.00)
 |   173 Lead                  82  207.200  11.3500      0.5612      18.2592      0.600   101.90   26.975412    1.075114  (   0.00, 101.90,   5.00)
 |   174 Polystyrene            6   11.077   1.0320     42.5383      70.1339      0.500   102.40   26.987166    1.082243  (   0.00, 102.40,   5.00)
 |   175 Air                    7   14.784   0.0012  30528.7508   71299.2615      0.150   102.55   26.987171    1.082245  (   0.00, 102.55,   5.00)
 |   176 Lead                  82  207.200  11.3500      0.5612      18.2592      0.600   103.15   28.056295    1.115105  (   0.00, 103.15,   5.00)
 |   177 Polystyrene            6   11.077   1.0320     42.5383      70.1339      0.500   103.65   28.068049    1.122234  (   0.00, 103.65,   5.00)
 |   178 Air                    7   14.784   0.0012  30528.7508   71299.2615      0.150   103.80   28.068054    1.122237  (   0.00, 103.80,   5.00)
 |   179 Lead                  82  207.200  11.3500      0.5612      18.2592      0.600   104.40   29.137178    1.155097  (   0.00, 104.40,   5.00)
 |   180 Polystyrene            6   11.077   1.0320     42.5383      70.1339      0.500   104.90   29.148932    1.162226  (   0.00, 104.90,   5.00)
 |   181 Air                    7   14.784   0.0012  30528.7508   71299.2615      0.150   105.05   29.148937    1.162228  (   0.00, 105.05,   5.00)
 |   182 Lead                  82  207.200  11.3500      0.5612      18.2592      0.600   105.65   30.218061    1.195088  (   0.00, 105.65,   5.00)
 |   183 Polystyrene            6   11.077   1.0320     42.5383      70.1339      0.500   106.15   30.229815    1.202217  (   0.00, 106.15,   5.00)
 |   184 Air                    7   14.784   0.0012  30528.7508   71299.2615      0.150   106.30   30.229820    1.202219  (   0.00, 106.30,   5.00)
 |   185 Air                    7   14.784   0.0012  30528.7508   71299.2615     17.013   123.32   30.230377    1.202458  (   0.00, 123.32,   5.00)
 |   186 Aluminum              13   26.982   2.6990      8.8963      38.8767      3.000   126.32   30.567595    1.279625  (   0.00, 126.32,   5.00)
 |   187 Vacuum                 7   14.784   0.0000 3.66345e+11  8.55591e+11      1.500   127.82   30.567595    1.279625  (   0.00, 127.82,   5.00)
 |   188 Aluminum              13   26.982   2.6990      8.8963      38.8767      3.000   130.82   30.904813    1.356792  (   0.00, 130.82,   5.00)
 |   189 Air                    7   14.784   0.0012  30528.7508   71299.2615      2.000   132.82   30.904878    1.356820  (   0.00, 132.82,   5.00)
 |   190 Aluminum              13   26.982   2.6990      8.8963      38.8767      6.000   138.82   31.579313    1.511154  (   0.00, 138.82,   5.00)
 |   191 Aluminum              13   26.982   2.6990      8.8963      38.8767      5.000   143.82   32.141343    1.639766  (   0.00, 143.82,   5.00)
 |   192 Air                    7   14.784   0.0012  30528.7508   71299.2615      6.500   150.32   32.141556    1.639857  (   0.00, 150.32,   5.00)
 |   193 Aluminum              13   26.982   2.6990      8.8963      38.8767      1.500   151.82   32.310165    1.678441  (   0.00, 151.82,   5.00)
 |   194 Aluminum              13   26.982   2.6990      8.8963      38.8767      3.000   154.82   32.647382    1.755608  (   0.00, 154.82,   5.00)
 |   195 Vacuum                 7   14.784   0.0000 3.66345e+11  8.55591e+11      3.000   157.82   32.647382    1.755608  (   0.00, 157.82,   5.00)
 |   196 Aluminum              13   26.982   2.6990      8.8963      38.8767      4.000   161.82   33.097006    1.858497  (   0.00, 161.82,   5.00)
 |   197 Air                    7   14.784   0.0012  30528.7508   71299.2615      0.500   162.32   33.097022    1.858504  (   0.00, 162.32,   5.00)
 |   198 Steel235              26   55.757   7.8500      1.7652      16.9882     10.000   172.32   38.761944    2.447149  (   0.00, 172.32,   5.00)
 |   199 Polystyrene            6   11.077   1.0320     42.5383      70.1339      0.500   172.82   38.773698    2.454278  (   0.00, 172.82,   5.00)
 |   200 Air                    7   14.784   0.0012  30528.7508   71299.2615      0.150   172.97   38.773703    2.454280  (   0.00, 172.97,   5.00)
 |   201 Steel235              26   55.757   7.8500      1.7652      16.9882     10.000   182.97   44.438625    3.042925  (   0.00, 182.97,   5.00)
 |   202 Polystyrene            6   11.077   1.0320     42.5383      70.1339      0.500   183.47   44.450379    3.050054  (   0.00, 183.47,   5.00)
 |   203 Air                    7   14.784   0.0012  30528.7508   71299.2615      0.150   183.62   44.450384    3.050056  (   0.00, 183.62,   5.00)
 |   204 Steel235              26   55.757   7.8500      1.7652      16.9882     10.000   193.62   50.115306    3.638701  (   0.00, 193.62,   5.00)
 |   205 Polystyrene            6   11.077   1.0320     42.5383      70.1339      0.500   194.12   50.127060    3.645830  (   0.00, 194.12,   5.00)
 |   206 Air                    7   14.784   0.0012  30528.7508   71299.2615      0.150   194.27   50.127065    3.645832  (   0.00, 194.27,   5.00)
 |   207 Steel235              26   55.757   7.8500      1.7652      16.9882     12.000   206.27   56.924971    4.352206  (   0.00, 206.27,   5.00)
 |   208 Polystyrene            6   11.077   1.0320     42.5383      70.1339      0.500   206.77   56.936725    4.359335  (   0.00, 206.77,   5.00)
 |   209 Air                    7   14.784   0.0012  30528.7508   71299.2615      0.150   206.92   56.936730    4.359337  (   0.00, 206.92,   5.00)
 |   210 Steel235              26   55.757   7.8500      1.7652      16.9882     12.000   218.92   63.734636    5.065711  (   0.00, 218.92,   5.00)
 |   211 Polystyrene            6   11.077   1.0320     42.5383      70.1339      0.500   219.42   63.746390    5.072840  (   0.00, 219.42,   5.00)
 |   212 Air                    7   14.784   0.0012  30528.7508   71299.2615      0.150   219.57   63.746395    5.072842  (   0.00, 219.57,   5.00)
 |   213 Steel235              26   55.757   7.8500      1.7652      16.9882     12.000   231.57   70.544301    5.779216  (   0.00, 231.57,   5.00)
 |   214 Polystyrene            6   11.077   1.0320     42.5383      70.1339      0.500   232.07   70.556055    5.786345  (   0.00, 232.07,   5.00)
 |   215 Air                    7   14.784   0.0012  30528.7508   71299.2615      0.150   232.22   70.556060    5.786347  (   0.00, 232.22,   5.00)
 |   216 Steel235              26   55.757   7.8500      1.7652      16.9882     15.000   247.22   79.053443    6.669314  (   0.00, 247.22,   5.00)
 |   217 Polystyrene            6   11.077   1.0320     42.5383      70.1339      0.500   247.72   79.065197    6.676443  (   0.00, 247.72,   5.00)
 |   218 Air                    7   14.784   0.0012  30528.7508   71299.2615      0.150   247.87   79.065202    6.676445  (   0.00, 247.87,   5.00)
 |   219 Steel235              26   55.757   7.8500      1.7652      16.9882     15.000   262.87   87.562584    7.559412  (   0.00, 262.87,   5.00)
 |   220 Polystyrene            6   11.077   1.0320     42.5383      70.1339      0.500   263.37   87.574338    7.566542  (   0.00, 263.37,   5.00)
 |   221 Air                    7   14.784   0.0012  30528.7508   71299.2615      0.150   263.52   87.574343    7.566544  (   0.00, 263.52,   5.00)
 |   222 Steel235              26   55.757   7.8500      1.7652      16.9882     15.000   278.52   96.071726    8.449511  (   0.00, 278.52,   5.00)
 |   223 Polystyrene            6   11.077   1.0320     42.5383      70.1339      0.500   279.02   96.083480    8.456640  (   0.00, 279.02,   5.00)
 |   224 Air                    7   14.784   0.0012  30528.7508   71299.2615      0.150   279.17   96.083485    8.456642  (   0.00, 279.17,   5.00)
 |   225 Steel235              26   55.757   7.8500      1.7652      16.9882     15.000   294.17  104.580867    9.339609  (   0.00, 294.17,   5.00)
 |   226 Polystyrene            6   11.077   1.0320     42.5383      70.1339      0.500   294.67  104.592622    9.346738  (   0.00, 294.67,   5.00)
 |   227 Air                    7   14.784   0.0012  30528.7508   71299.2615      0.150   294.82  104.592626    9.346740  (   0.00, 294.82,   5.00)
 |   228 Steel235              26   55.757   7.8500      1.7652      16.9882     15.000   309.82  113.090009   10.229707  (   0.00, 309.82,   5.00)
 |   229 Polystyrene            6   11.077   1.0320     42.5383      70.1339      0.500   310.32  113.101763   10.236837  (   0.00, 310.32,   5.00)
 |   230 Air                    7   14.784   0.0012  30528.7508   71299.2615      0.150   310.47  113.101768   10.236839  (   0.00, 310.47,   5.00)
 |   231 Air                    7   14.784   0.0012  30528.7508   71299.2615     24.361   334.83  113.102566   10.237180  (   0.00, 334.83,   5.00)
 |   232 Aluminum              13   26.982   2.6990      8.8963      38.8767      0.100   334.93  113.113807   10.239753  (   0.00, 334.93,   5.00)
 |   233 Air                    7   14.784   0.0012  30528.7508   71299.2615      0.350   335.28  113.113818   10.239758  (   0.00, 335.28,   5.00)
 |   234 PyrexGlass            10   20.495   2.2300     12.6748      42.3068      0.200   335.48  113.129598   10.244485  (   0.00, 335.48,   5.00)
 |   235 RPCGasDefault          8   16.809   0.0037   9559.7023   23347.6182      0.200   335.68  113.129618   10.244493  (   0.00, 335.68,   5.00)
 |   236 PyrexGlass            10   20.495   2.2300     12.6748      42.3068      0.200   335.88  113.145398   10.249221  (   0.00, 335.88,   5.00)
 |   237 Air                    7   14.784   0.0012  30528.7508   71299.2615      0.350   336.23  113.145409   10.249226  (   0.00, 336.23,   5.00)
 |   238 Aluminum              13   26.982   2.6990      8.8963      38.8767      0.100   336.33  113.156650   10.251798  (   0.00, 336.33,   5.00)
 |   239 Aluminum              13   26.982   2.6990      8.8963      38.8767      0.100   336.43  113.167890   10.254370  (   0.00, 336.43,   5.00)
 |   240 Air                    7   14.784   0.0012  30528.7508   71299.2615      0.350   336.78  113.167902   10.254375  (   0.00, 336.78,   5.00)
 |   241 PyrexGlass            10   20.495   2.2300     12.6748      42.3068      0.200   336.98  113.183681   10.259103  (   0.00, 336.98,   5.00)
 |   242 RPCGasDefault          8   16.809   0.0037   9559.7023   23347.6182      0.200   337.18  113.183702   10.259111  (   0.00, 337.18,   5.00)
 |   243 PyrexGlass            10   20.495   2.2300     12.6748      42.3068      0.200   337.38  113.199482   10.263838  (   0.00, 337.38,   5.00)
 |   244 Air                    7   14.784   0.0012  30528.7508   71299.2615      0.350   337.73  113.199493   10.263843  (   0.00, 337.73,   5.00)
 |   245 Aluminum              13   26.982   2.6990      8.8963      38.8767      0.100   337.83  113.210734   10.266416  (   0.00, 337.83,   5.00)
 |   246 Air                    7   14.784   0.0012  30528.7508   71299.2615      1.000   338.83  113.210766   10.266430  (   0.00, 338.83,   5.00)
 |   247 Iron                  26   55.845   7.8740      1.7575      16.9589      5.000   343.83  116.055733   10.561260  (   0.00, 343.83,   5.00)
 |   248 Aluminum              13   26.982   2.6990      8.8963      38.8767      0.100   343.93  116.066973   10.563832  (   0.00, 343.93,   5.00)
 |   249 Air                    7   14.784   0.0012  30528.7508   71299.2615      0.350   344.28  116.066985   10.563837  (   0.00, 344.28,   5.00)
 |   250 PyrexGlass            10   20.495   2.2300     12.6748      42.3068      0.200   344.48  116.082764   10.568564  (   0.00, 344.48,   5.00)
 |   251 RPCGasDefault          8   16.809   0.0037   9559.7023   23347.6182      0.200   344.68  116.082785   10.568573  (   0.00, 344.68,   5.00)
 |   252 PyrexGlass            10   20.495   2.2300     12.6748      42.3068      0.200   344.88  116.098564   10.573300  (   0.00, 344.88,   5.00)
 |   253 Air                    7   14.784   0.0012  30528.7508   71299.2615      0.350   345.23  116.098576   10.573305  (   0.00, 345.23,   5.00)
 |   254 Aluminum              13   26.982   2.6990      8.8963      38.8767      0.100   345.33  116.109817   10.575877  (   0.00, 345.33,   5.00)
 |   255 Aluminum              13   26.982   2.6990      8.8963      38.8767      0.100   345.43  116.121057   10.578449  (   0.00, 345.43,   5.00)
 |   256 Air                    7   14.784   0.0012  30528.7508   71299.2615      0.350   345.78  116.121069   10.578454  (   0.00, 345.78,   5.00)
 |   257 PyrexGlass            10   20.495   2.2300     12.6748      42.3068      0.200   345.98  116.136848   10.583182  (   0.00, 345.98,   5.00)
 |   258 RPCGasDefault          8   16.809   0.0037   9559.7023   23347.6182      0.200   346.18  116.136869   10.583190  (   0.00, 346.18,   5.00)
 |   259 PyrexGlass            10   20.495   2.2300     12.6748      42.3068      0.200   346.38  116.152648   10.587918  (   0.00, 346.38,   5.00)
 |   260 Air                    7   14.784   0.0012  30528.7508   71299.2615      0.350   346.73  116.152660   10.587923  (   0.00, 346.73,   5.00)
 |   261 Aluminum              13   26.982   2.6990      8.8963      38.8767      0.100   346.83  116.163900   10.590495  (   0.00, 346.83,   5.00)
 |   262 Air                    7   14.784   0.0012  30528.7508   71299.2615      1.000   347.83  116.163933   10.590509  (   0.00, 347.83,   5.00)
 |   263 Iron                  26   55.845   7.8740      1.7575      16.9589     20.000   367.83  127.543799   11.769829  (   0.00, 367.83,   5.00)
 |   264 Aluminum              13   26.982   2.6990      8.8963      38.8767      0.100   367.93  127.555039   11.772401  (   0.00, 367.93,   5.00)
 |   265 Air                    7   14.784   0.0012  30528.7508   71299.2615      0.350   368.28  127.555051   11.772406  (   0.00, 368.28,   5.00)
 |   266 PyrexGlass            10   20.495   2.2300     12.6748      42.3068      0.200   368.48  127.570830   11.777134  (   0.00, 368.48,   5.00)
 |   267 RPCGasDefault          8   16.809   0.0037   9559.7023   23347.6182      0.200   368.68  127.570851   11.777142  (   0.00, 368.68,   5.00)
 |   268 PyrexGlass            10   20.495   2.2300     12.6748      42.3068      0.200   368.88  127.586630   11.781870  (   0.00, 368.88,   5.00)
 |   269 Air                    7   14.784   0.0012  30528.7508   71299.2615      0.350   369.23  127.586642   11.781874  (   0.00, 369.23,   5.00)
 |   270 Aluminum              13   26.982   2.6990      8.8963      38.8767      0.100   369.33  127.597882   11.784447  (   0.00, 369.33,   5.00)
 |   271 Aluminum              13   26.982   2.6990      8.8963      38.8767      0.100   369.43  127.609123   11.787019  (   0.00, 369.43,   5.00)
 |   272 Air                    7   14.784   0.0012  30528.7508   71299.2615      0.350   369.78  127.609134   11.787024  (   0.00, 369.78,   5.00)
 |   273 PyrexGlass            10   20.495   2.2300     12.6748      42.3068      0.200   369.98  127.624914   11.791751  (   0.00, 369.98,   5.00)
 |   274 RPCGasDefault          8   16.809   0.0037   9559.7023   23347.6182      0.200   370.18  127.624935   11.791760  (   0.00, 370.18,   5.00)
 |   275 PyrexGlass            10   20.495   2.2300     12.6748      42.3068      0.200   370.38  127.640714   11.796487  (   0.00, 370.38,   5.00)
 |   276 Air                    7   14.784   0.0012  30528.7508   71299.2615      0.350   370.73  127.640726   11.796492  (   0.00, 370.73,   5.00)
 |   277 Aluminum              13   26.982   2.6990      8.8963      38.8767      0.100   370.83  127.651966   11.799064  (   0.00, 370.83,   5.00)
 |   278 Air                    7   14.784   0.0012  30528.7508   71299.2615      1.000   371.83  127.651999   11.799078  (   0.00, 371.83,   5.00)
 |   279 Iron                  26   55.845   7.8740      1.7575      16.9589     10.000   381.83  133.341932   12.388738  (   0.00, 381.83,   5.00)
 |   280 Aluminum              13   26.982   2.6990      8.8963      38.8767      0.100   381.93  133.353172   12.391311  (   0.00, 381.93,   5.00)
 |   281 Air                    7   14.784   0.0012  30528.7508   71299.2615      0.350   382.28  133.353184   12.391316  (   0.00, 382.28,   5.00)
 |   282 PyrexGlass            10   20.495   2.2300     12.6748      42.3068      0.200   382.48  133.368963   12.396043  (   0.00, 382.48,   5.00)
 |   283 RPCGasDefault          8   16.809   0.0037   9559.7023   23347.6182      0.200   382.68  133.368984   12.396052  (   0.00, 382.68,   5.00)
 |   284 PyrexGlass            10   20.495   2.2300     12.6748      42.3068      0.200   382.88  133.384763   12.400779  (   0.00, 382.88,   5.00)
 |   285 Air                    7   14.784   0.0012  30528.7508   71299.2615      0.350   383.23  133.384775   12.400784  (   0.00, 383.23,   5.00)
 |   286 Aluminum              13   26.982   2.6990      8.8963      38.8767      0.100   383.33  133.396015   12.403356  (   0.00, 383.33,   5.00)
 |   287 Aluminum              13   26.982   2.6990      8.8963      38.8767      0.100   383.43  133.407256   12.405928  (   0.00, 383.43,   5.00)
 |   288 Air                    7   14.784   0.0012  30528.7508   71299.2615      0.350   383.78  133.407268   12.405933  (   0.00, 383.78,   5.00)
 |   289 PyrexGlass            10   20.495   2.2300     12.6748      42.3068      0.200   383.98  133.423047   12.410661  (   0.00, 383.98,   5.00)
 |   290 RPCGasDefault          8   16.809   0.0037   9559.7023   23347.6182      0.200   384.18  133.423068   12.410669  (   0.00, 384.18,   5.00)
 |   291 PyrexGlass            10   20.495   2.2300     12.6748      42.3068      0.200   384.38  133.438847   12.415396  (   0.00, 384.38,   5.00)
 |   292 Air                    7   14.784   0.0012  30528.7508   71299.2615      0.350   384.73  133.438859   12.415401  (   0.00, 384.73,   5.00)
 |   293 Aluminum              13   26.982   2.6990      8.8963      38.8767      0.100   384.83  133.450099   12.417974  (   0.00, 384.83,   5.00)
 |   294 Air                    7   14.784   0.0012  30528.7508   71299.2615      1.000   385.83  133.450132   12.417988  (   0.00, 385.83,   5.00)
 |   295 Iron                  26   55.845   7.8740      1.7575      16.9589     10.000   395.83  139.140065   13.007648  (   0.00, 395.83,   5.00)
 |   296 Aluminum              13   26.982   2.6990      8.8963      38.8767      0.100   395.93  139.151305   13.010220  (   0.00, 395.93,   5.00)
 |   297 Air                    7   14.784   0.0012  30528.7508   71299.2615      0.350   396.28  139.151317   13.010225  (   0.00, 396.28,   5.00)
 |   298 PyrexGlass            10   20.495   2.2300     12.6748      42.3068      0.200   396.48  139.167096   13.014952  (   0.00, 396.48,   5.00)
 |   299 RPCGasDefault          8   16.809   0.0037   9559.7023   23347.6182      0.200   396.68  139.167117   13.014961  (   0.00, 396.68,   5.00)
 |   300 PyrexGlass            10   20.495   2.2300     12.6748      42.3068      0.200   396.88  139.182897   13.019688  (   0.00, 396.88,   5.00)
 |   301 Air                    7   14.784   0.0012  30528.7508   71299.2615      0.350   397.23  139.182908   13.019693  (   0.00, 397.23,   5.00)
 |   302 Aluminum              13   26.982   2.6990      8.8963      38.8767      0.100   397.33  139.194149   13.022265  (   0.00, 397.33,   5.00)
 |   303 Aluminum              13   26.982   2.6990      8.8963      38.8767      0.100   397.43  139.205389   13.024838  (   0.00, 397.43,   5.00)
 |   304 Air                    7   14.784   0.0012  30528.7508   71299.2615      0.350   397.78  139.205401   13.024842  (   0.00, 397.78,   5.00)
 |   305 PyrexGlass            10   20.495   2.2300     12.6748      42.3068      0.200   397.98  139.221180   13.029570  (   0.00, 397.98,   5.00)
 |   306 RPCGasDefault          8   16.809   0.0037   9559.7023   23347.6182      0.200   398.18  139.221201   13.029578  (   0.00, 398.18,   5.00)
 |   307 PyrexGlass            10   20.495   2.2300     12.6748      42.3068      0.200   398.38  139.236980   13.034306  (   0.00, 398.38,   5.00)
 |   308 Air                    7   14.784   0.0012  30528.7508   71299.2615      0.350   398.73  139.236992   13.034311  (   0.00, 398.73,   5.00)
 |   309 Aluminum              13   26.982   2.6990      8.8963      38.8767      0.100   398.83  139.248232   13.036883  (   0.00, 398.83,   5.00)
 |   310 Air                    7   14.784   0.0012  30528.7508   71299.2615      1.000   399.83  139.248265   13.036897  (   0.00, 399.83,   5.00)
 |   311 Iron                  26   55.845   7.8740      1.7575      16.9589     10.000   409.83  144.938198   13.626557  (   0.00, 409.83,   5.00)
 |   312 Aluminum              13   26.982   2.6990      8.8963      38.8767      0.100   409.93  144.949438   13.629129  (   0.00, 409.93,   5.00)
 |   313 Air                    7   14.784   0.0012  30528.7508   71299.2615      0.350   410.28  144.949450   13.629134  (   0.00, 410.28,   5.00)
 |   314 PyrexGlass            10   20.495   2.2300     12.6748      42.3068      0.200   410.48  144.965229   13.633862  (   0.00, 410.48,   5.00)
 |   315 RPCGasDefault          8   16.809   0.0037   9559.7023   23347.6182      0.200   410.68  144.965250   13.633870  (   0.00, 410.68,   5.00)
 |   316 PyrexGlass            10   20.495   2.2300     12.6748      42.3068      0.200   410.88  144.981030   13.638598  (   0.00, 410.88,   5.00)
 |   317 Air                    7   14.784   0.0012  30528.7508   71299.2615      0.350   411.23  144.981041   13.638602  (   0.00, 411.23,   5.00)
 |   318 Aluminum              13   26.982   2.6990      8.8963      38.8767      0.100   411.33  144.992282   13.641175  (   0.00, 411.33,   5.00)
 |   319 Aluminum              13   26.982   2.6990      8.8963      38.8767      0.100   411.43  145.003522   13.643747  (   0.00, 411.43,   5.00)
 |   320 Air                    7   14.784   0.0012  30528.7508   71299.2615      0.350   411.78  145.003534   13.643752  (   0.00, 411.78,   5.00)
 |   321 PyrexGlass            10   20.495   2.2300     12.6748      42.3068      0.200   411.98  145.019313   13.648479  (   0.00, 411.98,   5.00)
 |   322 RPCGasDefault          8   16.809   0.0037   9559.7023   23347.6182      0.200   412.18  145.019334   13.648488  (   0.00, 412.18,   5.00)
 |   323 PyrexGlass            10   20.495   2.2300     12.6748      42.3068      0.200   412.38  145.035113   13.653215  (   0.00, 412.38,   5.00)
 |   324 Air                    7   14.784   0.0012  30528.7508   71299.2615      0.350   412.73  145.035125   13.653220  (   0.00, 412.73,   5.00)
 |   325 Aluminum              13   26.982   2.6990      8.8963      38.8767      0.100   412.83  145.046365   13.655792  (   0.00, 412.83,   5.00)
 |   326 Air                    7   14.784   0.0012  30528.7508   71299.2615      1.000   413.83  145.046398   13.655806  (   0.00, 413.83,   5.00)
 |   327 Iron                  26   55.845   7.8740      1.7575      16.9589     10.000   423.83  150.736331   14.245466  (   0.00, 423.83,   5.00)
 |   328 Aluminum              13   26.982   2.6990      8.8963      38.8767      0.100   423.93  150.747572   14.248039  (   0.00, 423.93,   5.00)
 |   329 Air                    7   14.784   0.0012  30528.7508   71299.2615      0.350   424.28  150.747583   14.248044  (   0.00, 424.28,   5.00)
 |   330 PyrexGlass            10   20.495   2.2300     12.6748      42.3068      0.200   424.48  150.763362   14.252771  (   0.00, 424.48,   5.00)
 |   331 RPCGasDefault          8   16.809   0.0037   9559.7023   23347.6182      0.200   424.68  150.763383   14.252779  (   0.00, 424.68,   5.00)
 |   332 PyrexGlass            10   20.495   2.2300     12.6748      42.3068      0.200   424.88  150.779163   14.257507  (   0.00, 424.88,   5.00)
 |   333 Air                    7   14.784   0.0012  30528.7508   71299.2615      0.350   425.23  150.779174   14.257512  (   0.00, 425.23,   5.00)
 |   334 Aluminum              13   26.982   2.6990      8.8963      38.8767      0.100   425.33  150.790415   14.260084  (   0.00, 425.33,   5.00)
 |   335 Aluminum              13   26.982   2.6990      8.8963      38.8767      0.100   425.43  150.801655   14.262656  (   0.00, 425.43,   5.00)
 |   336 Air                    7   14.784   0.0012  30528.7508   71299.2615      0.350   425.78  150.801667   14.262661  (   0.00, 425.78,   5.00)
 |   337 PyrexGlass            10   20.495   2.2300     12.6748      42.3068      0.200   425.98  150.817446   14.267388  (   0.00, 425.98,   5.00)
 |   338 RPCGasDefault          8   16.809   0.0037   9559.7023   23347.6182      0.200   426.18  150.817467   14.267397  (   0.00, 426.18,   5.00)
 |   339 PyrexGlass            10   20.495   2.2300     12.6748      42.3068      0.200   426.38  150.833246   14.272124  (   0.00, 426.38,   5.00)
 |   340 Air                    7   14.784   0.0012  30528.7508   71299.2615      0.350   426.73  150.833258   14.272129  (   0.00, 426.73,   5.00)
 |   341 Aluminum              13   26.982   2.6990      8.8963      38.8767      0.100   426.83  150.844499   14.274702  (   0.00, 426.83,   5.00)
 |   342 Air                    7   14.784   0.0012  30528.7508   71299.2615      1.000   427.83  150.844531   14.274716  (   0.00, 427.83,   5.00)
 |   343 Iron                  26   55.845   7.8740      1.7575      16.9589     10.000   437.83  156.534464   14.864376  (   0.00, 437.83,   5.00)
 |   344 Aluminum              13   26.982   2.6990      8.8963      38.8767      0.100   437.93  156.545705   14.866948  (   0.00, 437.93,   5.00)
 |   345 Air                    7   14.784   0.0012  30528.7508   71299.2615      0.350   438.28  156.545716   14.866953  (   0.00, 438.28,   5.00)
 |   346 PyrexGlass            10   20.495   2.2300     12.6748      42.3068      0.200   438.48  156.561495   14.871680  (   0.00, 438.48,   5.00)
 |   347 RPCGasDefault          8   16.809   0.0037   9559.7023   23347.6182      0.200   438.68  156.561516   14.871689  (   0.00, 438.68,   5.00)
 |   348 PyrexGlass            10   20.495   2.2300     12.6748      42.3068      0.200   438.88  156.577296   14.876416  (   0.00, 438.88,   5.00)
 |   349 Air                    7   14.784   0.0012  30528.7508   71299.2615      0.350   439.23  156.577307   14.876421  (   0.00, 439.23,   5.00)
 |   350 Aluminum              13   26.982   2.6990      8.8963      38.8767      0.100   439.33  156.588548   14.878993  (   0.00, 439.33,   5.00)
 |   351 Aluminum              13   26.982   2.6990      8.8963      38.8767      0.100   439.43  156.599788   14.881566  (   0.00, 439.43,   5.00)
 |   352 Air                    7   14.784   0.0012  30528.7508   71299.2615      0.350   439.78  156.599800   14.881570  (   0.00, 439.78,   5.00)
 |   353 PyrexGlass            10   20.495   2.2300     12.6748      42.3068      0.200   439.98  156.615579   14.886298  (   0.00, 439.98,   5.00)
 |   354 RPCGasDefault          8   16.809   0.0037   9559.7023   23347.6182      0.200   440.18  156.615600   14.886306  (   0.00, 440.18,   5.00)
 |   355 PyrexGlass            10   20.495   2.2300     12.6748      42.3068      0.200   440.38  156.631380   14.891034  (   0.00, 440.38,   5.00)
 |   356 Air                    7   14.784   0.0012  30528.7508   71299.2615      0.350   440.73  156.631391   14.891039  (   0.00, 440.73,   5.00)
 |   357 Aluminum              13   26.982   2.6990      8.8963      38.8767      0.100   440.83  156.642632   14.893611  (   0.00, 440.83,   5.00)
 |   358 Air                    7   14.784   0.0012  30528.7508   71299.2615      1.000   441.83  156.642664   14.893625  (   0.00, 441.83,   5.00)
 |   359 Iron                  26   55.845   7.8740      1.7575      16.9589     10.000   451.83  162.332597   15.483285  (   0.00, 451.83,   5.00)
 |   360 Aluminum              13   26.982   2.6990      8.8963      38.8767      0.100   451.93  162.343838   15.485857  (   0.00, 451.93,   5.00)
 |   361 Air                    7   14.784   0.0012  30528.7508   71299.2615      0.350   452.28  162.343849   15.485862  (   0.00, 452.28,   5.00)
 |   362 PyrexGlass            10   20.495   2.2300     12.6748      42.3068      0.200   452.48  162.359629   15.490590  (   0.00, 452.48,   5.00)
 |   363 RPCGasDefault          8   16.809   0.0037   9559.7023   23347.6182      0.200   452.68  162.359649   15.490598  (   0.00, 452.68,   5.00)
 |   364 PyrexGlass            10   20.495   2.2300     12.6748      42.3068      0.200   452.88  162.375429   15.495325  (   0.00, 452.88,   5.00)
 |   365 Air                    7   14.784   0.0012  30528.7508   71299.2615      0.350   453.23  162.375440   15.495330  (   0.00, 453.23,   5.00)
 |   366 Aluminum              13   26.982   2.6990      8.8963      38.8767      0.100   453.33  162.386681   15.497903  (   0.00, 453.33,   5.00)
 |   367 Aluminum              13   26.982   2.6990      8.8963      38.8767      0.100   453.43  162.397922   15.500475  (   0.00, 453.43,   5.00)
 |   368 Air                    7   14.784   0.0012  30528.7508   71299.2615      0.350   453.78  162.397933   15.500480  (   0.00, 453.78,   5.00)
 |   369 PyrexGlass            10   20.495   2.2300     12.6748      42.3068      0.200   453.98  162.413712   15.505207  (   0.00, 453.98,   5.00)
 |   370 RPCGasDefault          8   16.809   0.0037   9559.7023   23347.6182      0.200   454.18  162.413733   15.505216  (   0.00, 454.18,   5.00)
 |   371 PyrexGlass            10   20.495   2.2300     12.6748      42.3068      0.200   454.38  162.429513   15.509943  (   0.00, 454.38,   5.00)
 |   372 Air                    7   14.784   0.0012  30528.7508   71299.2615      0.350   454.73  162.429524   15.509948  (   0.00, 454.73,   5.00)
 |   373 Aluminum              13   26.982   2.6990      8.8963      38.8767      0.100   454.83  162.440765   15.512520  (   0.00, 454.83,   5.00)
 |   374 Air                    7   14.784   0.0012  30528.7508   71299.2615      1.000   455.83  162.440797   15.512534  (   0.00, 455.83,   5.00)
 |   375 Iron                  26   55.845   7.8740      1.7575      16.9589     20.000   475.83  173.820663   16.691854  (   0.00, 475.83,   5.00)
 |   376 Air                    7   14.784   0.0012  30528.7508   71299.2615    124.174   600.00  173.824730   16.693596  (   0.00, 600.00,   5.00)
 +--------------------------------------------------------------------------------------------------------------------------------------------------
 |     0 Average Material      25   53.845   3.7409      3.4518      35.9419    600.000   600.00  173.824730   16.693596  (   0.00, 600.00,   5.00)
 +--------------------------------------------------------------------------------------------------------------------------------------------------
