materialScan compact_Lhe_dip_sol_ell_mat-LAr-EMC_sym.xml 0. 0. 610. 0. 700. 650.  > materialScan_compact_Lhe_dip_sol_ell_mat-LAr-EMC_sym_0_0_610-0_700_650.txt
TGeoManager: Changing system of units to ROOT units (cm, s, GeV).
DD4hep           WARN  ++ STD conditions NOT defined by client. NTP defaults taken.
 +--------------------------------------------------------------------------------------------------------------------------------------------------
 + Material scan between: x_0 = (   0.00,   0.00, 610.00) [cm] and x_1 = (   0.00, 700.00, 650.00) [cm] : 
 +--------------------------------------------------------------------------------------------------------------------------------------------------
 |     \   Material           Atomic                 Radiation   Interaction               Path   Integrated  Integrated    Material
 | Num. \  Name          Number/Z   Mass/A  Density    Length       Length    Thickness   Length      X0        Lambda      Endpoint  
 | Layer \                        [g/mole]  [g/cm3]     [cm]        [cm]          [cm]      [cm]     [cm]        [cm]     (     cm,     cm,     cm)
 +--------------------------------------------------------------------------------------------------------------------------------------------------
 |     1 Air                    7   14.784   0.0012  30528.8407   71998.1725     31.327    31.33    0.001026    0.000435  (   0.00,  31.28, 611.79)
 |     2 Air                    7   14.784   0.0012  30528.8407   71998.1725      0.575    31.90    0.001045    0.000443  (   0.00,  31.85, 611.82)
 |     3 PyrexGlass            10   20.495   2.2300     12.6748      43.5474      3.506    35.41    0.277635    0.080946  (   0.00,  35.35, 612.02)
 |     4 RPCGasDefault          8   16.809   0.0037   9559.7011   23915.1216      3.506    38.91    0.278002    0.081093  (   0.00,  38.85, 612.22)
 |     5 PyrexGlass            10   20.495   2.2300     12.6748      43.5474      3.506    42.42    0.554591    0.161596  (   0.00,  42.35, 612.42)
 |     6 Air                    7   14.784   0.0012  30528.8407   71998.1725      6.135    48.55    0.554792    0.161682  (   0.00,  48.48, 612.77)
 |     7 Aluminum              13   26.982   2.6990      8.8963      39.8672      1.753    50.31    0.751824    0.205649  (   0.00,  50.23, 612.87)
 |     8 Iron                  26   55.845   7.8740      1.7575      17.1639     99.533   149.84   57.385176    6.004607  (   0.00, 149.60, 618.55)
 |     9 Air                    7   14.784   0.0012  30528.8407   71998.1725     10.016   159.86   57.385504    6.004747  (   0.00, 159.60, 619.12)
 |    10 Iron                  26   55.845   7.8740      1.7575      17.1639     65.736   225.59   94.789029    9.834671  (   0.00, 225.23, 622.87)
 |    11 Air                    7   14.784   0.0012  30528.8407   71998.1725     17.529   243.12   94.789604    9.834915  (   0.00, 242.73, 623.87)
 |    12 Aluminum              13   26.982   2.6990      8.8963      39.8672      1.753   244.87   94.986635    9.878882  (   0.00, 244.48, 623.97)
 |    13 Air                    7   14.784   0.0012  30528.8407   71998.1725      6.135   251.01   94.986836    9.878968  (   0.00, 250.60, 624.32)
 |    14 PyrexGlass            10   20.495   2.2300     12.6748      43.5474      3.506   254.51   95.263426    9.959471  (   0.00, 254.10, 624.52)
 |    15 RPCGasDefault          8   16.809   0.0037   9559.7011   23915.1216      3.506   258.02   95.263793    9.959617  (   0.00, 257.60, 624.72)
 |    16 PyrexGlass            10   20.495   2.2300     12.6748      43.5474      3.506   261.53   95.540382   10.040121  (   0.00, 261.10, 624.92)
 |    17 Air                    7   14.784   0.0012  30528.8407   71998.1725      6.135   267.66   95.540583   10.040206  (   0.00, 267.23, 625.27)
 |    18 Aluminum              13   26.982   2.6990      8.8963      39.8672      1.753   269.41   95.737615   10.084173  (   0.00, 268.98, 625.37)
 |    19 Aluminum              13   26.982   2.6990      8.8963      39.8672      1.753   271.17   95.934646   10.128141  (   0.00, 270.73, 625.47)
 |    20 Air                    7   14.784   0.0012  30528.8407   71998.1725      6.135   277.30   95.934847   10.128226  (   0.00, 276.85, 625.82)
 |    21 PyrexGlass            10   20.495   2.2300     12.6748      43.5474      3.506   280.81   96.211437   10.208729  (   0.00, 280.35, 626.02)
 |    22 RPCGasDefault          8   16.809   0.0037   9559.7011   23915.1216      3.506   284.31   96.211804   10.208876  (   0.00, 283.85, 626.22)
 |    23 PyrexGlass            10   20.495   2.2300     12.6748      43.5474      3.506   287.82   96.488394   10.289379  (   0.00, 287.35, 626.42)
 |    24 Air                    7   14.784   0.0012  30528.8407   71998.1725      6.135   293.95   96.488595   10.289465  (   0.00, 293.48, 626.77)
 |    25 Aluminum              13   26.982   2.6990      8.8963      39.8672      1.753   295.71   96.685626   10.333432  (   0.00, 295.23, 626.87)
 |    26 Iron                  26   55.845   7.8740      1.7575      17.1639    109.659   405.37  159.080657   16.722356  (   0.00, 404.71, 633.13)
 |    27 Air                    7   14.784   0.0012  30528.8407   71998.1725    295.776   701.14  159.090345   16.726464  (   0.00, 700.00, 650.00)
 +--------------------------------------------------------------------------------------------------------------------------------------------------
 |     0 Average Material      25   53.281   3.1889      4.4072      41.9181    701.142   701.14  159.090345   16.726464  (   0.00, 700.00, 650.00)
 +--------------------------------------------------------------------------------------------------------------------------------------------------
