materialScan compact_Lhe_dip_sol_ell_mat-LAr-EMC_sym.xml 0. 150. 360. 0. 165. 780.  > materialScan_compact_Lhe_dip_sol_ell_mat-LAr-EMC_sym_0_150_360-0_165_780.txt
TGeoManager: Changing system of units to ROOT units (cm, s, GeV).
DD4hep           WARN  ++ STD conditions NOT defined by client. NTP defaults taken.
VertexBarrelSupports_layer0 4.6 4.6 51.75
TGeoTube::SetTubeDimensions: In shape TGeoTube wrong rmin=37.869 rmax=15.591
 +--------------------------------------------------------------------------------------------------------------------------------------------------
 + Material scan between: x_0 = (   0.00, 150.00, 360.00) [cm] and x_1 = (   0.00, 165.00, 780.00) [cm] : 
 +--------------------------------------------------------------------------------------------------------------------------------------------------
 |     \   Material           Atomic                 Radiation   Interaction               Path   Integrated  Integrated    Material
 | Num. \  Name          Number/Z   Mass/A  Density    Length       Length    Thickness   Length      X0        Lambda      Endpoint  
 | Layer \                        [g/mole]  [g/cm3]     [cm]        [cm]          [cm]      [cm]     [cm]        [cm]     (     cm,     cm,     cm)
 +--------------------------------------------------------------------------------------------------------------------------------------------------
 |     1 Aluminum              13   26.982   2.6990      8.8963      39.8672     58.715    58.71    6.599906    1.472761  (   0.00, 152.10, 418.68)
 |     2 Vacuum                 7   14.784   0.0000 3.66346e+11  8.63978e+11     84.054   142.77    6.599906    1.472761  (   0.00, 155.10, 502.68)
 |     3 Aluminum              13   26.982   2.6990      8.8963      39.8672     67.145   209.91   14.147448    3.156986  (   0.00, 157.49, 569.78)
 |     4 Air                    7   14.784   0.0012  30528.8407   71998.1725     58.935   268.85   14.149378    3.157805  (   0.00, 159.60, 628.68)
 |     5 Iron                  26   55.845   7.8740      1.7575      17.1639      8.198   277.05   18.813846    3.635422  (   0.00, 159.89, 636.87)
 |     6 Air                    7   14.784   0.0012  30528.8407   71998.1725      1.001   278.05   18.813879    3.635436  (   0.00, 159.92, 637.87)
 |     7 Aluminum              13   26.982   2.6990      8.8963      39.8672      0.100   278.15   18.825126    3.637946  (   0.00, 159.93, 637.97)
 |     8 Air                    7   14.784   0.0012  30528.8407   71998.1725      0.350   278.50   18.825138    3.637951  (   0.00, 159.94, 638.32)
 |     9 PyrexGlass            10   20.495   2.2300     12.6748      43.5474      0.200   278.70   18.840927    3.642546  (   0.00, 159.95, 638.52)
 |    10 RPCGasDefault          8   16.809   0.0037   9559.7011   23915.1216      0.200   278.90   18.840948    3.642555  (   0.00, 159.95, 638.72)
 |    11 PyrexGlass            10   20.495   2.2300     12.6748      43.5474      0.200   279.10   18.856738    3.647150  (   0.00, 159.96, 638.92)
 |    12 Air                    7   14.784   0.0012  30528.8407   71998.1725      0.350   279.45   18.856749    3.647155  (   0.00, 159.97, 639.27)
 |    13 Aluminum              13   26.982   2.6990      8.8963      39.8672      0.100   279.55   18.867997    3.649665  (   0.00, 159.98, 639.37)
 |    14 Aluminum              13   26.982   2.6990      8.8963      39.8672      0.100   279.65   18.879245    3.652175  (   0.00, 159.98, 639.47)
 |    15 Air                    7   14.784   0.0012  30528.8407   71998.1725      0.350   280.00   18.879256    3.652180  (   0.00, 159.99, 639.82)
 |    16 PyrexGlass            10   20.495   2.2300     12.6748      43.5474      0.200   280.20   18.895046    3.656775  (   0.00, 160.00, 640.02)
 |    17 RPCGasDefault          8   16.809   0.0037   9559.7011   23915.1216      0.200   280.40   18.895067    3.656784  (   0.00, 160.01, 640.22)
 |    18 PyrexGlass            10   20.495   2.2300     12.6748      43.5474      0.200   280.60   18.910856    3.661379  (   0.00, 160.02, 640.42)
 |    19 Air                    7   14.784   0.0012  30528.8407   71998.1725      0.350   280.95   18.910868    3.661384  (   0.00, 160.03, 640.77)
 |    20 Aluminum              13   26.982   2.6990      8.8963      39.8672      0.100   281.05   18.922115    3.663894  (   0.00, 160.03, 640.87)
 |    21 Iron                  26   55.845   7.8740      1.7575      17.1639     10.006   291.06   24.615665    4.246884  (   0.00, 160.39, 650.87)
 |    22 Air                    7   14.784   0.0012  30528.8407   71998.1725      1.001   292.06   24.615698    4.246898  (   0.00, 160.42, 651.87)
 |    23 Aluminum              13   26.982   2.6990      8.8963      39.8672      0.100   292.16   24.626946    4.249408  (   0.00, 160.43, 651.97)
 |    24 Air                    7   14.784   0.0012  30528.8407   71998.1725      0.350   292.51   24.626958    4.249413  (   0.00, 160.44, 652.32)
 |    25 PyrexGlass            10   20.495   2.2300     12.6748      43.5474      0.200   292.71   24.642747    4.254008  (   0.00, 160.45, 652.52)
 |    26 RPCGasDefault          8   16.809   0.0037   9559.7011   23915.1216      0.200   292.91   24.642768    4.254017  (   0.00, 160.45, 652.72)
 |    27 PyrexGlass            10   20.495   2.2300     12.6748      43.5474      0.200   293.11   24.658557    4.258612  (   0.00, 160.46, 652.92)
 |    28 Air                    7   14.784   0.0012  30528.8407   71998.1725      0.350   293.46   24.658569    4.258617  (   0.00, 160.47, 653.27)
 |    29 Aluminum              13   26.982   2.6990      8.8963      39.8672      0.100   293.56   24.669817    4.261127  (   0.00, 160.48, 653.37)
 |    30 Aluminum              13   26.982   2.6990      8.8963      39.8672      0.100   293.66   24.681064    4.263637  (   0.00, 160.48, 653.47)
 |    31 Air                    7   14.784   0.0012  30528.8407   71998.1725      0.350   294.01   24.681076    4.263642  (   0.00, 160.49, 653.82)
 |    32 PyrexGlass            10   20.495   2.2300     12.6748      43.5474      0.200   294.21   24.696865    4.268237  (   0.00, 160.50, 654.02)
 |    33 RPCGasDefault          8   16.809   0.0037   9559.7011   23915.1216      0.200   294.41   24.696886    4.268246  (   0.00, 160.51, 654.22)
 |    34 PyrexGlass            10   20.495   2.2300     12.6748      43.5474      0.200   294.61   24.712676    4.272841  (   0.00, 160.52, 654.42)
 |    35 Air                    7   14.784   0.0012  30528.8407   71998.1725      0.350   294.96   24.712687    4.272846  (   0.00, 160.53, 654.77)
 |    36 Aluminum              13   26.982   2.6990      8.8963      39.8672      0.100   295.06   24.723935    4.275356  (   0.00, 160.53, 654.87)
 |    37 Iron                  26   55.845   7.8740      1.7575      17.1639     10.006   305.06   30.417485    4.858346  (   0.00, 160.89, 664.87)
 |    38 Air                    7   14.784   0.0012  30528.8407   71998.1725      1.001   306.07   30.417518    4.858360  (   0.00, 160.92, 665.87)
 |    39 Aluminum              13   26.982   2.6990      8.8963      39.8672      0.100   306.17   30.428766    4.860870  (   0.00, 160.93, 665.97)
 |    40 Air                    7   14.784   0.0012  30528.8407   71998.1725      0.350   306.52   30.428777    4.860875  (   0.00, 160.94, 666.32)
 |    41 PyrexGlass            10   20.495   2.2300     12.6748      43.5474      0.200   306.72   30.444567    4.865470  (   0.00, 160.95, 666.52)
 |    42 RPCGasDefault          8   16.809   0.0037   9559.7011   23915.1216      0.200   306.92   30.444588    4.865479  (   0.00, 160.95, 666.72)
 |    43 PyrexGlass            10   20.495   2.2300     12.6748      43.5474      0.200   307.12   30.460377    4.870074  (   0.00, 160.96, 666.92)
 |    44 Air                    7   14.784   0.0012  30528.8407   71998.1725      0.350   307.47   30.460388    4.870079  (   0.00, 160.97, 667.27)
 |    45 Aluminum              13   26.982   2.6990      8.8963      39.8672      0.100   307.57   30.471636    4.872589  (   0.00, 160.98, 667.37)
 |    46 Aluminum              13   26.982   2.6990      8.8963      39.8672      0.100   307.67   30.482884    4.875099  (   0.00, 160.98, 667.47)
 |    47 Air                    7   14.784   0.0012  30528.8407   71998.1725      0.350   308.02   30.482895    4.875104  (   0.00, 160.99, 667.82)
 |    48 PyrexGlass            10   20.495   2.2300     12.6748      43.5474      0.200   308.22   30.498685    4.879699  (   0.00, 161.00, 668.02)
 |    49 RPCGasDefault          8   16.809   0.0037   9559.7011   23915.1216      0.200   308.42   30.498706    4.879708  (   0.00, 161.01, 668.22)
 |    50 PyrexGlass            10   20.495   2.2300     12.6748      43.5474      0.200   308.62   30.514495    4.884303  (   0.00, 161.02, 668.42)
 |    51 Air                    7   14.784   0.0012  30528.8407   71998.1725      0.350   308.97   30.514507    4.884308  (   0.00, 161.03, 668.77)
 |    52 Aluminum              13   26.982   2.6990      8.8963      39.8672      0.100   309.07   30.525755    4.886818  (   0.00, 161.03, 668.87)
 |    53 Iron                  26   55.845   7.8740      1.7575      17.1639     10.006   319.07   36.219305    5.469808  (   0.00, 161.39, 678.87)
 |    54 Air                    7   14.784   0.0012  30528.8407   71998.1725      1.001   320.07   36.219338    5.469822  (   0.00, 161.42, 679.87)
 |    55 Aluminum              13   26.982   2.6990      8.8963      39.8672      0.100   320.17   36.230585    5.472332  (   0.00, 161.43, 679.97)
 |    56 Air                    7   14.784   0.0012  30528.8407   71998.1725      0.350   320.52   36.230597    5.472337  (   0.00, 161.44, 680.32)
 |    57 PyrexGlass            10   20.495   2.2300     12.6748      43.5474      0.200   320.72   36.246386    5.476932  (   0.00, 161.45, 680.52)
 |    58 RPCGasDefault          8   16.809   0.0037   9559.7011   23915.1216      0.200   320.92   36.246407    5.476941  (   0.00, 161.45, 680.72)
 |    59 PyrexGlass            10   20.495   2.2300     12.6748      43.5474      0.200   321.12   36.262197    5.481536  (   0.00, 161.46, 680.92)
 |    60 Air                    7   14.784   0.0012  30528.8407   71998.1725      0.350   321.47   36.262208    5.481541  (   0.00, 161.47, 681.27)
 |    61 Aluminum              13   26.982   2.6990      8.8963      39.8672      0.100   321.57   36.273456    5.484051  (   0.00, 161.48, 681.37)
 |    62 Aluminum              13   26.982   2.6990      8.8963      39.8672      0.100   321.67   36.284704    5.486561  (   0.00, 161.48, 681.47)
 |    63 Air                    7   14.784   0.0012  30528.8407   71998.1725      0.350   322.03   36.284715    5.486566  (   0.00, 161.49, 681.82)
 |    64 PyrexGlass            10   20.495   2.2300     12.6748      43.5474      0.200   322.23   36.300505    5.491162  (   0.00, 161.50, 682.02)
 |    65 RPCGasDefault          8   16.809   0.0037   9559.7011   23915.1216      0.200   322.43   36.300526    5.491170  (   0.00, 161.51, 682.22)
 |    66 PyrexGlass            10   20.495   2.2300     12.6748      43.5474      0.200   322.63   36.316315    5.495766  (   0.00, 161.52, 682.42)
 |    67 Air                    7   14.784   0.0012  30528.8407   71998.1725      0.350   322.98   36.316326    5.495770  (   0.00, 161.53, 682.77)
 |    68 Aluminum              13   26.982   2.6990      8.8963      39.8672      0.100   323.08   36.327574    5.498280  (   0.00, 161.53, 682.87)
 |    69 Iron                  26   55.845   7.8740      1.7575      17.1639     10.006   333.08   42.021124    6.081270  (   0.00, 161.89, 692.87)
 |    70 Air                    7   14.784   0.0012  30528.8407   71998.1725      1.001   334.08   42.021157    6.081284  (   0.00, 161.92, 693.87)
 |    71 Aluminum              13   26.982   2.6990      8.8963      39.8672      0.100   334.18   42.032405    6.083794  (   0.00, 161.93, 693.97)
 |    72 Air                    7   14.784   0.0012  30528.8407   71998.1725      0.350   334.53   42.032416    6.083799  (   0.00, 161.94, 694.32)
 |    73 PyrexGlass            10   20.495   2.2300     12.6748      43.5474      0.200   334.73   42.048206    6.088394  (   0.00, 161.95, 694.52)
 |    74 RPCGasDefault          8   16.809   0.0037   9559.7011   23915.1216      0.200   334.93   42.048227    6.088403  (   0.00, 161.95, 694.72)
 |    75 PyrexGlass            10   20.495   2.2300     12.6748      43.5474      0.200   335.13   42.064016    6.092998  (   0.00, 161.96, 694.92)
 |    76 Air                    7   14.784   0.0012  30528.8407   71998.1725      0.350   335.48   42.064028    6.093003  (   0.00, 161.97, 695.27)
 |    77 Aluminum              13   26.982   2.6990      8.8963      39.8672      0.100   335.58   42.075276    6.095513  (   0.00, 161.98, 695.37)
 |    78 Aluminum              13   26.982   2.6990      8.8963      39.8672      0.100   335.68   42.086523    6.098023  (   0.00, 161.98, 695.47)
 |    79 Air                    7   14.784   0.0012  30528.8407   71998.1725      0.350   336.03   42.086535    6.098028  (   0.00, 161.99, 695.82)
 |    80 PyrexGlass            10   20.495   2.2300     12.6748      43.5474      0.200   336.23   42.102324    6.102624  (   0.00, 162.00, 696.02)
 |    81 RPCGasDefault          8   16.809   0.0037   9559.7011   23915.1216      0.200   336.43   42.102345    6.102632  (   0.00, 162.01, 696.22)
 |    82 PyrexGlass            10   20.495   2.2300     12.6748      43.5474      0.200   336.63   42.118135    6.107228  (   0.00, 162.02, 696.42)
 |    83 Air                    7   14.784   0.0012  30528.8407   71998.1725      0.350   336.98   42.118146    6.107232  (   0.00, 162.03, 696.77)
 |    84 Aluminum              13   26.982   2.6990      8.8963      39.8672      0.100   337.08   42.129394    6.109742  (   0.00, 162.03, 696.87)
 |    85 Iron                  26   55.845   7.8740      1.7575      17.1639     10.006   347.09   47.822944    6.692732  (   0.00, 162.39, 706.87)
 |    86 Air                    7   14.784   0.0012  30528.8407   71998.1725      1.001   348.09   47.822977    6.692746  (   0.00, 162.42, 707.87)
 |    87 Aluminum              13   26.982   2.6990      8.8963      39.8672      0.100   348.19   47.834225    6.695256  (   0.00, 162.43, 707.97)
 |    88 Air                    7   14.784   0.0012  30528.8407   71998.1725      0.350   348.54   47.834236    6.695261  (   0.00, 162.44, 708.32)
 |    89 PyrexGlass            10   20.495   2.2300     12.6748      43.5474      0.200   348.74   47.850026    6.699856  (   0.00, 162.45, 708.52)
 |    90 RPCGasDefault          8   16.809   0.0037   9559.7011   23915.1216      0.200   348.94   47.850047    6.699865  (   0.00, 162.45, 708.72)
 |    91 PyrexGlass            10   20.495   2.2300     12.6748      43.5474      0.200   349.14   47.865836    6.704460  (   0.00, 162.46, 708.92)
 |    92 Air                    7   14.784   0.0012  30528.8407   71998.1725      0.350   349.49   47.865847    6.704465  (   0.00, 162.47, 709.27)
 |    93 Aluminum              13   26.982   2.6990      8.8963      39.8672      0.100   349.59   47.877095    6.706975  (   0.00, 162.48, 709.37)
 |    94 Aluminum              13   26.982   2.6990      8.8963      39.8672      0.100   349.69   47.888343    6.709485  (   0.00, 162.48, 709.47)
 |    95 Air                    7   14.784   0.0012  30528.8407   71998.1725      0.350   350.04   47.888354    6.709490  (   0.00, 162.49, 709.82)
 |    96 PyrexGlass            10   20.495   2.2300     12.6748      43.5474      0.200   350.24   47.904144    6.714086  (   0.00, 162.50, 710.02)
 |    97 RPCGasDefault          8   16.809   0.0037   9559.7011   23915.1216      0.200   350.44   47.904165    6.714094  (   0.00, 162.51, 710.22)
 |    98 PyrexGlass            10   20.495   2.2300     12.6748      43.5474      0.200   350.64   47.919954    6.718690  (   0.00, 162.52, 710.42)
 |    99 Air                    7   14.784   0.0012  30528.8407   71998.1725      0.350   350.99   47.919966    6.718694  (   0.00, 162.53, 710.77)
 |   100 Aluminum              13   26.982   2.6990      8.8963      39.8672      0.100   351.09   47.931214    6.721204  (   0.00, 162.53, 710.87)
 |   101 Iron                  26   55.845   7.8740      1.7575      17.1639     10.006   361.10   53.624764    7.304194  (   0.00, 162.89, 720.87)
 |   102 Air                    7   14.784   0.0012  30528.8407   71998.1725      1.001   362.10   53.624797    7.304208  (   0.00, 162.92, 721.87)
 |   103 Aluminum              13   26.982   2.6990      8.8963      39.8672      0.100   362.20   53.636044    7.306718  (   0.00, 162.93, 721.97)
 |   104 Air                    7   14.784   0.0012  30528.8407   71998.1725      0.350   362.55   53.636056    7.306723  (   0.00, 162.94, 722.32)
 |   105 PyrexGlass            10   20.495   2.2300     12.6748      43.5474      0.200   362.75   53.651845    7.311318  (   0.00, 162.95, 722.52)
 |   106 RPCGasDefault          8   16.809   0.0037   9559.7011   23915.1216      0.200   362.95   53.651866    7.311327  (   0.00, 162.95, 722.72)
 |   107 PyrexGlass            10   20.495   2.2300     12.6748      43.5474      0.200   363.15   53.667656    7.315922  (   0.00, 162.96, 722.92)
 |   108 Air                    7   14.784   0.0012  30528.8407   71998.1725      0.350   363.50   53.667667    7.315927  (   0.00, 162.97, 723.27)
 |   109 Aluminum              13   26.982   2.6990      8.8963      39.8672      0.100   363.60   53.678915    7.318437  (   0.00, 162.98, 723.37)
 |   110 Aluminum              13   26.982   2.6990      8.8963      39.8672      0.100   363.70   53.690163    7.320947  (   0.00, 162.98, 723.47)
 |   111 Air                    7   14.784   0.0012  30528.8407   71998.1725      0.350   364.05   53.690174    7.320952  (   0.00, 162.99, 723.82)
 |   112 PyrexGlass            10   20.495   2.2300     12.6748      43.5474      0.200   364.25   53.705964    7.325548  (   0.00, 163.00, 724.02)
 |   113 RPCGasDefault          8   16.809   0.0037   9559.7011   23915.1216      0.200   364.45   53.705984    7.325556  (   0.00, 163.01, 724.22)
 |   114 PyrexGlass            10   20.495   2.2300     12.6748      43.5474      0.200   364.65   53.721774    7.330152  (   0.00, 163.02, 724.42)
 |   115 Air                    7   14.784   0.0012  30528.8407   71998.1725      0.350   365.00   53.721785    7.330156  (   0.00, 163.03, 724.77)
 |   116 Aluminum              13   26.982   2.6990      8.8963      39.8672      0.100   365.10   53.733033    7.332666  (   0.00, 163.03, 724.87)
 |   117 Iron                  26   55.845   7.8740      1.7575      17.1639     10.006   375.11   59.426583    7.915656  (   0.00, 163.39, 734.87)
 |   118 Air                    7   14.784   0.0012  30528.8407   71998.1725      1.001   376.11   59.426616    7.915670  (   0.00, 163.42, 735.87)
 |   119 Aluminum              13   26.982   2.6990      8.8963      39.8672      0.100   376.21   59.437864    7.918180  (   0.00, 163.43, 735.97)
 |   120 Air                    7   14.784   0.0012  30528.8407   71998.1725      0.350   376.56   59.437875    7.918185  (   0.00, 163.44, 736.32)
 |   121 PyrexGlass            10   20.495   2.2300     12.6748      43.5474      0.200   376.76   59.453665    7.922780  (   0.00, 163.45, 736.52)
 |   122 RPCGasDefault          8   16.809   0.0037   9559.7011   23915.1216      0.200   376.96   59.453686    7.922789  (   0.00, 163.45, 736.72)
 |   123 PyrexGlass            10   20.495   2.2300     12.6748      43.5474      0.200   377.16   59.469475    7.927384  (   0.00, 163.46, 736.92)
 |   124 Air                    7   14.784   0.0012  30528.8407   71998.1725      0.350   377.51   59.469487    7.927389  (   0.00, 163.47, 737.27)
 |   125 Aluminum              13   26.982   2.6990      8.8963      39.8672      0.100   377.61   59.480734    7.929899  (   0.00, 163.48, 737.37)
 |   126 Aluminum              13   26.982   2.6990      8.8963      39.8672      0.100   377.71   59.491982    7.932409  (   0.00, 163.48, 737.47)
 |   127 Air                    7   14.784   0.0012  30528.8407   71998.1725      0.350   378.06   59.491994    7.932414  (   0.00, 163.49, 737.82)
 |   128 PyrexGlass            10   20.495   2.2300     12.6748      43.5474      0.200   378.26   59.507783    7.937010  (   0.00, 163.50, 738.02)
 |   129 RPCGasDefault          8   16.809   0.0037   9559.7011   23915.1216      0.200   378.46   59.507804    7.937018  (   0.00, 163.51, 738.22)
 |   130 PyrexGlass            10   20.495   2.2300     12.6748      43.5474      0.200   378.66   59.523594    7.941614  (   0.00, 163.52, 738.42)
 |   131 Air                    7   14.784   0.0012  30528.8407   71998.1725      0.350   379.01   59.523605    7.941618  (   0.00, 163.53, 738.77)
 |   132 Aluminum              13   26.982   2.6990      8.8963      39.8672      0.100   379.11   59.534853    7.944128  (   0.00, 163.53, 738.87)
 |   133 Iron                  26   55.845   7.8740      1.7575      17.1639     10.006   389.12   65.228403    8.527118  (   0.00, 163.89, 748.87)
 |   134 Air                    7   14.784   0.0012  30528.8407   71998.1725      1.001   390.12   65.228436    8.527132  (   0.00, 163.92, 749.87)
 |   135 Aluminum              13   26.982   2.6990      8.8963      39.8672      0.100   390.22   65.239684    8.529642  (   0.00, 163.93, 749.97)
 |   136 Air                    7   14.784   0.0012  30528.8407   71998.1725      0.350   390.57   65.239695    8.529647  (   0.00, 163.94, 750.32)
 |   137 PyrexGlass            10   20.495   2.2300     12.6748      43.5474      0.200   390.77   65.255485    8.534242  (   0.00, 163.95, 750.52)
 |   138 RPCGasDefault          8   16.809   0.0037   9559.7011   23915.1216      0.200   390.97   65.255505    8.534251  (   0.00, 163.95, 750.72)
 |   139 PyrexGlass            10   20.495   2.2300     12.6748      43.5474      0.200   391.17   65.271295    8.538846  (   0.00, 163.96, 750.92)
 |   140 Air                    7   14.784   0.0012  30528.8407   71998.1725      0.350   391.52   65.271306    8.538851  (   0.00, 163.97, 751.27)
 |   141 Aluminum              13   26.982   2.6990      8.8963      39.8672      0.100   391.62   65.282554    8.541361  (   0.00, 163.98, 751.37)
 |   142 Aluminum              13   26.982   2.6990      8.8963      39.8672      0.100   391.72   65.293802    8.543871  (   0.00, 163.98, 751.47)
 |   143 Air                    7   14.784   0.0012  30528.8407   71998.1725      0.350   392.07   65.293813    8.543876  (   0.00, 163.99, 751.82)
 |   144 PyrexGlass            10   20.495   2.2300     12.6748      43.5474      0.200   392.27   65.309603    8.548472  (   0.00, 164.00, 752.02)
 |   145 RPCGasDefault          8   16.809   0.0037   9559.7011   23915.1216      0.200   392.47   65.309624    8.548480  (   0.00, 164.01, 752.22)
 |   146 PyrexGlass            10   20.495   2.2300     12.6748      43.5474      0.200   392.67   65.325413    8.553076  (   0.00, 164.02, 752.42)
 |   147 Air                    7   14.784   0.0012  30528.8407   71998.1725      0.350   393.02   65.325425    8.553080  (   0.00, 164.03, 752.77)
 |   148 Aluminum              13   26.982   2.6990      8.8963      39.8672      0.100   393.12   65.336672    8.555590  (   0.00, 164.03, 752.87)
 |   149 Iron                  26   55.845   7.8740      1.7575      17.1639     10.006   403.13   71.030223    9.138580  (   0.00, 164.39, 762.87)
 |   150 Air                    7   14.784   0.0012  30528.8407   71998.1725     17.141   420.27   71.030784    9.138818  (   0.00, 165.00, 780.00)
 +--------------------------------------------------------------------------------------------------------------------------------------------------
 |     0 Average Material      19   41.283   2.7108      5.9167      45.9871    420.268   420.27   71.030784    9.138818  (   0.00, 165.00, 780.00)
 +--------------------------------------------------------------------------------------------------------------------------------------------------
