materialScan compact_Lhe_dip_sol_ell_mat-LAr-EMC_sym.xml 0. 10. 485. 0. 700. 500.  > materialScan_compact_Lhe_dip_sol_ell_mat-LAr-EMC_sym_0_10_485-0_700_500.txt
TGeoManager: Changing system of units to ROOT units (cm, s, GeV).
DD4hep           WARN  ++ STD conditions NOT defined by client. NTP defaults taken.
VertexBarrelSupports_layer0 4.6 4.6 51.75
TGeoTube::SetTubeDimensions: In shape TGeoTube wrong rmin=37.869 rmax=15.591
 +--------------------------------------------------------------------------------------------------------------------------------------------------
 + Material scan between: x_0 = (   0.00,  10.00, 485.00) [cm] and x_1 = (   0.00, 700.00, 500.00) [cm] : 
 +--------------------------------------------------------------------------------------------------------------------------------------------------
 |     \   Material           Atomic                 Radiation   Interaction               Path   Integrated  Integrated    Material
 | Num. \  Name          Number/Z   Mass/A  Density    Length       Length    Thickness   Length      X0        Lambda      Endpoint  
 | Layer \                        [g/mole]  [g/cm3]     [cm]        [cm]          [cm]      [cm]     [cm]        [cm]     (     cm,     cm,     cm)
 +--------------------------------------------------------------------------------------------------------------------------------------------------
 |     1 Air                    7   14.784   0.0012  30528.8407   71998.1725     11.094    11.09    0.000363    0.000154  (   0.00,  21.09, 485.24)
 |     2 TungstenDens24        71  175.056  17.8000      0.3929      10.8659      4.090    15.18   10.408994    0.376558  (   0.00,  25.18, 485.33)
 |     3 Silicon               14   28.085   2.3300      9.3661      45.7531      1.472    16.66   10.566194    0.408739  (   0.00,  26.65, 485.36)
 |     4 Copper                29   63.546   8.9600      1.4356      15.6778      0.230    16.89   10.726446    0.423413  (   0.00,  26.88, 485.37)
 |     5 Kapton                 6   12.701   1.4300     28.3749      55.9194      1.380    18.27   10.775092    0.448097  (   0.00,  28.26, 485.40)
 |     6 Air                    7   14.784   0.0012  30528.8407   71998.1725      1.518    19.78   10.775142    0.448118  (   0.00,  29.78, 485.43)
 |     7 TungstenDens24        71  175.056  17.8000      0.3929      10.8659     34.508    54.29   98.595578    3.623943  (   0.00,  64.28, 486.18)
 |     8 Silicon               14   28.085   2.3300      9.3661      45.7531      1.472    55.77   98.752778    3.656123  (   0.00,  65.75, 486.21)
 |     9 Copper                29   63.546   8.9600      1.4356      15.6778      0.230    56.00   98.913030    3.670797  (   0.00,  65.98, 486.22)
 |    10 Kapton                 6   12.701   1.4300     28.3749      55.9194      1.380    57.38   98.961676    3.695481  (   0.00,  67.36, 486.25)
 |    11 Air                    7   14.784   0.0012  30528.8407   71998.1725      1.518    58.89   98.961726    3.695502  (   0.00,  68.88, 486.28)
 |    12 TungstenDens24        71  175.056  17.8000      0.3929      10.8659     34.508    93.40  186.782162    6.871327  (   0.00, 103.38, 487.03)
 |    13 Silicon               14   28.085   2.3300      9.3661      45.7531      1.472    94.87  186.939362    6.903508  (   0.00, 104.85, 487.06)
 |    14 Copper                29   63.546   8.9600      1.4356      15.6778      0.230    95.10  187.099614    6.918182  (   0.00, 105.08, 487.07)
 |    15 Kapton                 6   12.701   1.4300     28.3749      55.9194      1.380    96.48  187.148260    6.942866  (   0.00, 106.46, 487.10)
 |    16 Air                    7   14.784   0.0012  30528.8407   71998.1725      1.518    98.00  187.148310    6.942887  (   0.00, 107.98, 487.13)
 |    17 TungstenDens24        71  175.056  17.8000      0.3929      10.8659      6.093   104.10  202.654631    7.503637  (   0.00, 114.07, 487.26)
 |    18 Air                    7   14.784   0.0012  30528.8407   71998.1725     33.532   137.63  202.655729    7.504103  (   0.00, 147.60, 487.99)
 |    19 Aluminum              13   26.982   2.6990      8.8963      39.8672      1.500   139.13  202.824378    7.541737  (   0.00, 149.10, 488.02)
 |    20 Aluminum              13   26.982   2.6990      8.8963      39.8672      3.001   142.13  203.161676    7.617005  (   0.00, 152.10, 488.09)
 |    21 Vacuum                 7   14.784   0.0000 3.66346e+11  8.63978e+11      3.001   145.13  203.161676    7.617005  (   0.00, 155.10, 488.15)
 |    22 Aluminum              13   26.982   2.6990      8.8963      39.8672      4.001   149.13  203.611407    7.717361  (   0.00, 159.10, 488.24)
 |    23 Air                    7   14.784   0.0012  30528.8407   71998.1725      0.500   149.63  203.611423    7.717368  (   0.00, 159.60, 488.25)
 |    24 Polystyrene            6   11.077   1.0320     42.5383      70.1339     13.708   163.34  203.933665    7.912818  (   0.00, 173.30, 488.55)
 |    25 Air                    7   14.784   0.0012  30528.8407   71998.1725      6.902   170.24  203.933891    7.912913  (   0.00, 180.20, 488.70)
 |    26 Steel235              26   55.757   7.8500      1.7653      17.1928    115.027   285.27  269.095766   14.603334  (   0.00, 295.20, 491.20)
 |    27 Polystyrene            6   11.077   1.0320     42.5383      70.1339     12.649   297.92  269.393113   14.783684  (   0.00, 307.85, 491.47)
 |    28 Air                    7   14.784   0.0012  30528.8407   71998.1725     24.179   322.09  269.393905   14.784020  (   0.00, 332.02, 492.00)
 |    29 Aluminum              13   26.982   2.6990      8.8963      39.8672      0.100   322.19  269.405148   14.786529  (   0.00, 332.12, 492.00)
 |    30 Air                    7   14.784   0.0012  30528.8407   71998.1725      0.350   322.54  269.405159   14.786533  (   0.00, 332.47, 492.01)
 |    31 PyrexGlass            10   20.495   2.2300     12.6748      43.5474      0.200   322.74  269.420943   14.791127  (   0.00, 332.67, 492.01)
 |    32 RPCGasDefault          8   16.809   0.0037   9559.7011   23915.1216      0.200   322.94  269.420963   14.791136  (   0.00, 332.87, 492.02)
 |    33 PyrexGlass            10   20.495   2.2300     12.6748      43.5474      0.200   323.14  269.436747   14.795729  (   0.00, 333.07, 492.02)
 |    34 Air                    7   14.784   0.0012  30528.8407   71998.1725      0.350   323.49  269.436758   14.795734  (   0.00, 333.42, 492.03)
 |    35 Aluminum              13   26.982   2.6990      8.8963      39.8672      0.100   323.59  269.448001   14.798243  (   0.00, 333.52, 492.03)
 |    36 Aluminum              13   26.982   2.6990      8.8963      39.8672      0.100   323.69  269.459245   14.800752  (   0.00, 333.62, 492.04)
 |    37 Air                    7   14.784   0.0012  30528.8407   71998.1725      0.350   324.05  269.459256   14.800757  (   0.00, 333.97, 492.04)
 |    38 PyrexGlass            10   20.495   2.2300     12.6748      43.5474      0.200   324.25  269.475039   14.805351  (   0.00, 334.17, 492.05)
 |    39 RPCGasDefault          8   16.809   0.0037   9559.7011   23915.1216      0.200   324.45  269.475060   14.805359  (   0.00, 334.37, 492.05)
 |    40 PyrexGlass            10   20.495   2.2300     12.6748      43.5474      0.200   324.65  269.490843   14.809953  (   0.00, 334.57, 492.06)
 |    41 Air                    7   14.784   0.0012  30528.8407   71998.1725      0.350   325.00  269.490855   14.809958  (   0.00, 334.92, 492.06)
 |    42 Aluminum              13   26.982   2.6990      8.8963      39.8672      0.100   325.10  269.502098   14.812467  (   0.00, 335.02, 492.07)
 |    43 Air                    7   14.784   0.0012  30528.8407   71998.1725      1.000   326.10  269.502131   14.812481  (   0.00, 336.02, 492.09)
 |    44 Iron                  26   55.845   7.8740      1.7575      17.1639      5.001   331.10  272.347764   15.103859  (   0.00, 341.02, 492.20)
 |    45 Aluminum              13   26.982   2.6990      8.8963      39.8672      0.100   331.20  272.359007   15.106367  (   0.00, 341.12, 492.20)
 |    46 Air                    7   14.784   0.0012  30528.8407   71998.1725      0.350   331.55  272.359019   15.106372  (   0.00, 341.47, 492.21)
 |    47 PyrexGlass            10   20.495   2.2300     12.6748      43.5474      0.200   331.75  272.374802   15.110966  (   0.00, 341.67, 492.21)
 |    48 RPCGasDefault          8   16.809   0.0037   9559.7011   23915.1216      0.200   331.95  272.374823   15.110975  (   0.00, 341.87, 492.21)
 |    49 PyrexGlass            10   20.495   2.2300     12.6748      43.5474      0.200   332.15  272.390606   15.115568  (   0.00, 342.07, 492.22)
 |    50 Air                    7   14.784   0.0012  30528.8407   71998.1725      0.350   332.50  272.390618   15.115573  (   0.00, 342.42, 492.23)
 |    51 Aluminum              13   26.982   2.6990      8.8963      39.8672      0.100   332.60  272.401861   15.118082  (   0.00, 342.52, 492.23)
 |    52 Aluminum              13   26.982   2.6990      8.8963      39.8672      0.100   332.70  272.413104   15.120591  (   0.00, 342.62, 492.23)
 |    53 Air                    7   14.784   0.0012  30528.8407   71998.1725      0.350   333.05  272.413116   15.120596  (   0.00, 342.97, 492.24)
 |    54 PyrexGlass            10   20.495   2.2300     12.6748      43.5474      0.200   333.25  272.428899   15.125190  (   0.00, 343.17, 492.24)
 |    55 RPCGasDefault          8   16.809   0.0037   9559.7011   23915.1216      0.200   333.45  272.428920   15.125198  (   0.00, 343.37, 492.25)
 |    56 PyrexGlass            10   20.495   2.2300     12.6748      43.5474      0.200   333.65  272.444703   15.129792  (   0.00, 343.57, 492.25)
 |    57 Air                    7   14.784   0.0012  30528.8407   71998.1725      0.350   334.00  272.444714   15.129797  (   0.00, 343.92, 492.26)
 |    58 Aluminum              13   26.982   2.6990      8.8963      39.8672      0.100   334.10  272.455957   15.132306  (   0.00, 344.02, 492.26)
 |    59 Air                    7   14.784   0.0012  30528.8407   71998.1725      1.000   335.10  272.455990   15.132319  (   0.00, 345.02, 492.28)
 |    60 Iron                  26   55.845   7.8740      1.7575      17.1639     20.005   355.10  283.838524   16.297831  (   0.00, 365.02, 492.72)
 |    61 Aluminum              13   26.982   2.6990      8.8963      39.8672      0.100   355.20  283.849767   16.300340  (   0.00, 365.12, 492.72)
 |    62 Air                    7   14.784   0.0012  30528.8407   71998.1725      0.350   355.55  283.849779   16.300345  (   0.00, 365.47, 492.73)
 |    63 PyrexGlass            10   20.495   2.2300     12.6748      43.5474      0.200   355.75  283.865562   16.304939  (   0.00, 365.67, 492.73)
 |    64 RPCGasDefault          8   16.809   0.0037   9559.7011   23915.1216      0.200   355.95  283.865583   16.304947  (   0.00, 365.87, 492.74)
 |    65 PyrexGlass            10   20.495   2.2300     12.6748      43.5474      0.200   356.15  283.881366   16.309541  (   0.00, 366.07, 492.74)
 |    66 Air                    7   14.784   0.0012  30528.8407   71998.1725      0.350   356.50  283.881377   16.309546  (   0.00, 366.42, 492.75)
 |    67 Aluminum              13   26.982   2.6990      8.8963      39.8672      0.100   356.60  283.892621   16.312055  (   0.00, 366.52, 492.75)
 |    68 Aluminum              13   26.982   2.6990      8.8963      39.8672      0.100   356.70  283.903864   16.314564  (   0.00, 366.62, 492.75)
 |    69 Air                    7   14.784   0.0012  30528.8407   71998.1725      0.350   357.05  283.903875   16.314569  (   0.00, 366.97, 492.76)
 |    70 PyrexGlass            10   20.495   2.2300     12.6748      43.5474      0.200   357.25  283.919659   16.319162  (   0.00, 367.17, 492.76)
 |    71 RPCGasDefault          8   16.809   0.0037   9559.7011   23915.1216      0.200   357.45  283.919679   16.319171  (   0.00, 367.37, 492.77)
 |    72 PyrexGlass            10   20.495   2.2300     12.6748      43.5474      0.200   357.65  283.935463   16.323764  (   0.00, 367.57, 492.77)
 |    73 Air                    7   14.784   0.0012  30528.8407   71998.1725      0.350   358.00  283.935474   16.323769  (   0.00, 367.92, 492.78)
 |    74 Aluminum              13   26.982   2.6990      8.8963      39.8672      0.100   358.10  283.946717   16.326278  (   0.00, 368.02, 492.78)
 |    75 Air                    7   14.784   0.0012  30528.8407   71998.1725      1.000   359.10  283.946750   16.326292  (   0.00, 369.02, 492.80)
 |    76 Iron                  26   55.845   7.8740      1.7575      17.1639     10.002   369.11  289.638017   16.909048  (   0.00, 379.02, 493.02)
 |    77 Aluminum              13   26.982   2.6990      8.8963      39.8672      0.100   369.21  289.649260   16.911557  (   0.00, 379.12, 493.02)
 |    78 Air                    7   14.784   0.0012  30528.8407   71998.1725      0.350   369.56  289.649272   16.911562  (   0.00, 379.47, 493.03)
 |    79 PyrexGlass            10   20.495   2.2300     12.6748      43.5474      0.200   369.76  289.665055   16.916156  (   0.00, 379.67, 493.04)
 |    80 RPCGasDefault          8   16.809   0.0037   9559.7011   23915.1216      0.200   369.96  289.665076   16.916164  (   0.00, 379.87, 493.04)
 |    81 PyrexGlass            10   20.495   2.2300     12.6748      43.5474      0.200   370.16  289.680859   16.920758  (   0.00, 380.07, 493.04)
 |    82 Air                    7   14.784   0.0012  30528.8407   71998.1725      0.350   370.51  289.680870   16.920763  (   0.00, 380.42, 493.05)
 |    83 Aluminum              13   26.982   2.6990      8.8963      39.8672      0.100   370.61  289.692114   16.923272  (   0.00, 380.52, 493.05)
 |    84 Aluminum              13   26.982   2.6990      8.8963      39.8672      0.100   370.71  289.703357   16.925781  (   0.00, 380.62, 493.06)
 |    85 Air                    7   14.784   0.0012  30528.8407   71998.1725      0.350   371.06  289.703368   16.925785  (   0.00, 380.97, 493.06)
 |    86 PyrexGlass            10   20.495   2.2300     12.6748      43.5474      0.200   371.26  289.719151   16.930379  (   0.00, 381.17, 493.07)
 |    87 RPCGasDefault          8   16.809   0.0037   9559.7011   23915.1216      0.200   371.46  289.719172   16.930388  (   0.00, 381.37, 493.07)
 |    88 PyrexGlass            10   20.495   2.2300     12.6748      43.5474      0.200   371.66  289.734956   16.934981  (   0.00, 381.57, 493.08)
 |    89 Air                    7   14.784   0.0012  30528.8407   71998.1725      0.350   372.01  289.734967   16.934986  (   0.00, 381.92, 493.09)
 |    90 Aluminum              13   26.982   2.6990      8.8963      39.8672      0.100   372.11  289.746210   16.937495  (   0.00, 382.02, 493.09)
 |    91 Air                    7   14.784   0.0012  30528.8407   71998.1725      1.000   373.11  289.746243   16.937509  (   0.00, 383.02, 493.11)
 |    92 Iron                  26   55.845   7.8740      1.7575      17.1639     10.002   383.11  295.437510   17.520265  (   0.00, 393.02, 493.33)
 |    93 Aluminum              13   26.982   2.6990      8.8963      39.8672      0.100   383.21  295.448753   17.522774  (   0.00, 393.12, 493.33)
 |    94 Air                    7   14.784   0.0012  30528.8407   71998.1725      0.350   383.56  295.448765   17.522779  (   0.00, 393.47, 493.34)
 |    95 PyrexGlass            10   20.495   2.2300     12.6748      43.5474      0.200   383.76  295.464548   17.527372  (   0.00, 393.67, 493.34)
 |    96 RPCGasDefault          8   16.809   0.0037   9559.7011   23915.1216      0.200   383.96  295.464569   17.527381  (   0.00, 393.87, 493.34)
 |    97 PyrexGlass            10   20.495   2.2300     12.6748      43.5474      0.200   384.16  295.480352   17.531975  (   0.00, 394.07, 493.35)
 |    98 Air                    7   14.784   0.0012  30528.8407   71998.1725      0.350   384.51  295.480363   17.531979  (   0.00, 394.42, 493.36)
 |    99 Aluminum              13   26.982   2.6990      8.8963      39.8672      0.100   384.61  295.491607   17.534488  (   0.00, 394.52, 493.36)
 |   100 Aluminum              13   26.982   2.6990      8.8963      39.8672      0.100   384.71  295.502850   17.536997  (   0.00, 394.62, 493.36)
 |   101 Air                    7   14.784   0.0012  30528.8407   71998.1725      0.350   385.06  295.502861   17.537002  (   0.00, 394.97, 493.37)
 |   102 PyrexGlass            10   20.495   2.2300     12.6748      43.5474      0.200   385.26  295.518644   17.541596  (   0.00, 395.17, 493.37)
 |   103 RPCGasDefault          8   16.809   0.0037   9559.7011   23915.1216      0.200   385.46  295.518665   17.541604  (   0.00, 395.37, 493.38)
 |   104 PyrexGlass            10   20.495   2.2300     12.6748      43.5474      0.200   385.66  295.534448   17.546198  (   0.00, 395.57, 493.38)
 |   105 Air                    7   14.784   0.0012  30528.8407   71998.1725      0.350   386.01  295.534460   17.546203  (   0.00, 395.92, 493.39)
 |   106 Aluminum              13   26.982   2.6990      8.8963      39.8672      0.100   386.11  295.545703   17.548712  (   0.00, 396.02, 493.39)
 |   107 Air                    7   14.784   0.0012  30528.8407   71998.1725      1.000   387.11  295.545736   17.548726  (   0.00, 397.02, 493.41)
 |   108 Iron                  26   55.845   7.8740      1.7575      17.1639     10.002   397.11  301.237003   18.131482  (   0.00, 407.02, 493.63)
 |   109 Aluminum              13   26.982   2.6990      8.8963      39.8672      0.100   397.21  301.248246   18.133991  (   0.00, 407.12, 493.63)
 |   110 Air                    7   14.784   0.0012  30528.8407   71998.1725      0.350   397.56  301.248258   18.133995  (   0.00, 407.47, 493.64)
 |   111 PyrexGlass            10   20.495   2.2300     12.6748      43.5474      0.200   397.76  301.264041   18.138589  (   0.00, 407.67, 493.64)
 |   112 RPCGasDefault          8   16.809   0.0037   9559.7011   23915.1216      0.200   397.96  301.264062   18.138598  (   0.00, 407.87, 493.65)
 |   113 PyrexGlass            10   20.495   2.2300     12.6748      43.5474      0.200   398.16  301.279845   18.143191  (   0.00, 408.07, 493.65)
 |   114 Air                    7   14.784   0.0012  30528.8407   71998.1725      0.350   398.51  301.279856   18.143196  (   0.00, 408.42, 493.66)
 |   115 Aluminum              13   26.982   2.6990      8.8963      39.8672      0.100   398.61  301.291100   18.145705  (   0.00, 408.52, 493.66)
 |   116 Aluminum              13   26.982   2.6990      8.8963      39.8672      0.100   398.71  301.302343   18.148214  (   0.00, 408.62, 493.67)
 |   117 Air                    7   14.784   0.0012  30528.8407   71998.1725      0.350   399.06  301.302354   18.148219  (   0.00, 408.97, 493.67)
 |   118 PyrexGlass            10   20.495   2.2300     12.6748      43.5474      0.200   399.26  301.318137   18.152813  (   0.00, 409.17, 493.68)
 |   119 RPCGasDefault          8   16.809   0.0037   9559.7011   23915.1216      0.200   399.46  301.318158   18.152821  (   0.00, 409.37, 493.68)
 |   120 PyrexGlass            10   20.495   2.2300     12.6748      43.5474      0.200   399.66  301.333941   18.157415  (   0.00, 409.57, 493.69)
 |   121 Air                    7   14.784   0.0012  30528.8407   71998.1725      0.350   400.01  301.333953   18.157420  (   0.00, 409.92, 493.69)
 |   122 Aluminum              13   26.982   2.6990      8.8963      39.8672      0.100   400.11  301.345196   18.159929  (   0.00, 410.02, 493.70)
 |   123 Air                    7   14.784   0.0012  30528.8407   71998.1725      1.000   401.11  301.345229   18.159943  (   0.00, 411.02, 493.72)
 |   124 Iron                  26   55.845   7.8740      1.7575      17.1639     10.002   411.12  307.036496   18.742698  (   0.00, 421.02, 493.94)
 |   125 Aluminum              13   26.982   2.6990      8.8963      39.8672      0.100   411.22  307.047739   18.745207  (   0.00, 421.12, 493.94)
 |   126 Air                    7   14.784   0.0012  30528.8407   71998.1725      0.350   411.57  307.047751   18.745212  (   0.00, 421.47, 493.94)
 |   127 PyrexGlass            10   20.495   2.2300     12.6748      43.5474      0.200   411.77  307.063534   18.749806  (   0.00, 421.67, 493.95)
 |   128 RPCGasDefault          8   16.809   0.0037   9559.7011   23915.1216      0.200   411.97  307.063555   18.749814  (   0.00, 421.87, 493.95)
 |   129 PyrexGlass            10   20.495   2.2300     12.6748      43.5474      0.200   412.17  307.079338   18.754408  (   0.00, 422.07, 493.96)
 |   130 Air                    7   14.784   0.0012  30528.8407   71998.1725      0.350   412.52  307.079349   18.754413  (   0.00, 422.42, 493.97)
 |   131 Aluminum              13   26.982   2.6990      8.8963      39.8672      0.100   412.62  307.090592   18.756922  (   0.00, 422.52, 493.97)
 |   132 Aluminum              13   26.982   2.6990      8.8963      39.8672      0.100   412.72  307.101836   18.759431  (   0.00, 422.62, 493.97)
 |   133 Air                    7   14.784   0.0012  30528.8407   71998.1725      0.350   413.07  307.101847   18.759436  (   0.00, 422.97, 493.98)
 |   134 PyrexGlass            10   20.495   2.2300     12.6748      43.5474      0.200   413.27  307.117630   18.764030  (   0.00, 423.17, 493.98)
 |   135 RPCGasDefault          8   16.809   0.0037   9559.7011   23915.1216      0.200   413.47  307.117651   18.764038  (   0.00, 423.37, 493.99)
 |   136 PyrexGlass            10   20.495   2.2300     12.6748      43.5474      0.200   413.67  307.133434   18.768632  (   0.00, 423.57, 493.99)
 |   137 Air                    7   14.784   0.0012  30528.8407   71998.1725      0.350   414.02  307.133446   18.768637  (   0.00, 423.92, 494.00)
 |   138 Aluminum              13   26.982   2.6990      8.8963      39.8672      0.100   414.12  307.144689   18.771145  (   0.00, 424.02, 494.00)
 |   139 Air                    7   14.784   0.0012  30528.8407   71998.1725      1.000   415.12  307.144722   18.771159  (   0.00, 425.02, 494.02)
 |   140 Iron                  26   55.845   7.8740      1.7575      17.1639     10.002   425.12  312.835989   19.353915  (   0.00, 435.02, 494.24)
 |   141 Aluminum              13   26.982   2.6990      8.8963      39.8672      0.100   425.22  312.847232   19.356424  (   0.00, 435.12, 494.24)
 |   142 Air                    7   14.784   0.0012  30528.8407   71998.1725      0.350   425.57  312.847244   19.356429  (   0.00, 435.47, 494.25)
 |   143 PyrexGlass            10   20.495   2.2300     12.6748      43.5474      0.200   425.77  312.863027   19.361023  (   0.00, 435.67, 494.25)
 |   144 RPCGasDefault          8   16.809   0.0037   9559.7011   23915.1216      0.200   425.97  312.863048   19.361031  (   0.00, 435.87, 494.26)
 |   145 PyrexGlass            10   20.495   2.2300     12.6748      43.5474      0.200   426.17  312.878831   19.365625  (   0.00, 436.07, 494.26)
 |   146 Air                    7   14.784   0.0012  30528.8407   71998.1725      0.350   426.52  312.878842   19.365630  (   0.00, 436.42, 494.27)
 |   147 Aluminum              13   26.982   2.6990      8.8963      39.8672      0.100   426.62  312.890085   19.368139  (   0.00, 436.52, 494.27)
 |   148 Aluminum              13   26.982   2.6990      8.8963      39.8672      0.100   426.72  312.901329   19.370648  (   0.00, 436.62, 494.27)
 |   149 Air                    7   14.784   0.0012  30528.8407   71998.1725      0.350   427.07  312.901340   19.370653  (   0.00, 436.97, 494.28)
 |   150 PyrexGlass            10   20.495   2.2300     12.6748      43.5474      0.200   427.27  312.917123   19.375246  (   0.00, 437.17, 494.29)
 |   151 RPCGasDefault          8   16.809   0.0037   9559.7011   23915.1216      0.200   427.47  312.917144   19.375255  (   0.00, 437.37, 494.29)
 |   152 PyrexGlass            10   20.495   2.2300     12.6748      43.5474      0.200   427.67  312.932927   19.379849  (   0.00, 437.57, 494.29)
 |   153 Air                    7   14.784   0.0012  30528.8407   71998.1725      0.350   428.02  312.932939   19.379853  (   0.00, 437.92, 494.30)
 |   154 Aluminum              13   26.982   2.6990      8.8963      39.8672      0.100   428.12  312.944182   19.382362  (   0.00, 438.02, 494.30)
 |   155 Air                    7   14.784   0.0012  30528.8407   71998.1725      1.000   429.12  312.944215   19.382376  (   0.00, 439.02, 494.33)
 |   156 Iron                  26   55.845   7.8740      1.7575      17.1639     10.002   439.12  318.635482   19.965132  (   0.00, 449.02, 494.54)
 |   157 Aluminum              13   26.982   2.6990      8.8963      39.8672      0.100   439.22  318.646725   19.967641  (   0.00, 449.12, 494.55)
 |   158 Air                    7   14.784   0.0012  30528.8407   71998.1725      0.350   439.57  318.646736   19.967646  (   0.00, 449.47, 494.55)
 |   159 PyrexGlass            10   20.495   2.2300     12.6748      43.5474      0.200   439.77  318.662520   19.972240  (   0.00, 449.67, 494.56)
 |   160 RPCGasDefault          8   16.809   0.0037   9559.7011   23915.1216      0.200   439.97  318.662541   19.972248  (   0.00, 449.87, 494.56)
 |   161 PyrexGlass            10   20.495   2.2300     12.6748      43.5474      0.200   440.17  318.678324   19.976842  (   0.00, 450.07, 494.57)
 |   162 Air                    7   14.784   0.0012  30528.8407   71998.1725      0.350   440.52  318.678335   19.976847  (   0.00, 450.42, 494.57)
 |   163 Aluminum              13   26.982   2.6990      8.8963      39.8672      0.100   440.62  318.689578   19.979356  (   0.00, 450.52, 494.58)
 |   164 Aluminum              13   26.982   2.6990      8.8963      39.8672      0.100   440.72  318.700822   19.981865  (   0.00, 450.62, 494.58)
 |   165 Air                    7   14.784   0.0012  30528.8407   71998.1725      0.350   441.07  318.700833   19.981869  (   0.00, 450.97, 494.59)
 |   166 PyrexGlass            10   20.495   2.2300     12.6748      43.5474      0.200   441.27  318.716616   19.986463  (   0.00, 451.17, 494.59)
 |   167 RPCGasDefault          8   16.809   0.0037   9559.7011   23915.1216      0.200   441.47  318.716637   19.986472  (   0.00, 451.37, 494.59)
 |   168 PyrexGlass            10   20.495   2.2300     12.6748      43.5474      0.200   441.67  318.732420   19.991065  (   0.00, 451.57, 494.60)
 |   169 Air                    7   14.784   0.0012  30528.8407   71998.1725      0.350   442.02  318.732432   19.991070  (   0.00, 451.92, 494.61)
 |   170 Aluminum              13   26.982   2.6990      8.8963      39.8672      0.100   442.12  318.743675   19.993579  (   0.00, 452.02, 494.61)
 |   171 Air                    7   14.784   0.0012  30528.8407   71998.1725      1.000   443.12  318.743708   19.993593  (   0.00, 453.02, 494.63)
 |   172 Iron                  26   55.845   7.8740      1.7575      17.1639     20.005   463.13  330.126242   21.159105  (   0.00, 473.02, 495.07)
 |   173 Air                    7   14.784   0.0012  30528.8407   71998.1725    227.035   690.16  330.133678   21.162258  (   0.00, 700.00, 500.00)
 +--------------------------------------------------------------------------------------------------------------------------------------------------
 |     0 Average Material      32   72.834   4.6922      2.0906      32.6129    690.163   690.16  330.133678   21.162258  (   0.00, 700.00, 500.00)
 +--------------------------------------------------------------------------------------------------------------------------------------------------
