materialScan compact_HE-Lhe_dip_sol_ell.xml 0. 0. -340. 0. 600. -340. > materialScan_compact_HE-Lhe_dip_sol_ell_0_0_-340-0_600_-340.txt
BEC-plug

VertexBarrelSupports_layer0 2.9 2.9 25.5
VertexBarrelSupports_layer1 17.1 17.1 25.5
 +--------------------------------------------------------------------------------------------------------------------------------------------------
 + Material scan between: x_0 = (   0.00,   0.00,-340.00) [cm] and x_1 = (   0.00, 600.00,-340.00) [cm] : 
 +--------------------------------------------------------------------------------------------------------------------------------------------------
 |     \   Material           Atomic                 Radiation   Interaction               Path   Integrated  Integrated    Material
 | Num. \  Name          Number/Z   Mass/A  Density    Length       Length    Thickness   Length      X0        Lambda      Endpoint  
 | Layer \                        [g/mole]  [g/cm3]     [cm]        [cm]          [cm]      [cm]     [cm]        [cm]     (     cm,     cm,     cm)
 +--------------------------------------------------------------------------------------------------------------------------------------------------
 |     1 Air                    7   14.784   0.0012  30528.7508   71299.2615      2.000     2.00    0.000066    0.000028  (   0.00,   2.00,   0.00)
 |     2 Beryllium              4    9.012   1.8480     35.2760      39.4488      0.400     2.40    0.011405    0.010168  (   0.00,   2.40,   0.00)
 |     3 Air                    7   14.784   0.0012  30528.7508   71299.2615     10.100    12.50    0.011736    0.010309  (   0.00,  12.50,   0.00)
 |     4 Lead                  82  207.200  11.3500      0.5612      18.2592     89.912   102.41  160.223171    4.934502  (   0.00, 102.41,   0.00)
 |     5 Air                    7   14.784   0.0012  30528.7508   71299.2615     15.613   118.02  160.223682    4.934721  (   0.00, 118.02,   0.00)
 |     6 Aluminum              13   26.982   2.6990      8.8963      38.8767      3.000   121.02  160.560900    5.011888  (   0.00, 121.02,   0.00)
 |     7 Vacuum                 7   14.784   0.0000 3.66345e+11  8.55591e+11      1.500   122.52  160.560900    5.011888  (   0.00, 122.52,   0.00)
 |     8 Aluminum              13   26.982   2.6990      8.8963      38.8767      3.000   125.52  160.898117    5.089055  (   0.00, 125.52,   0.00)
 |     9 Air                    7   14.784   0.0012  30528.7508   71299.2615     19.500   145.02  160.898756    5.089329  (   0.00, 145.02,   0.00)
 |    10 Aluminum              13   26.982   2.6990      8.8963      38.8767      1.500   146.52  161.067365    5.127912  (   0.00, 146.52,   0.00)
 |    11 Aluminum              13   26.982   2.6990      8.8963      38.8767      3.000   149.52  161.404583    5.205080  (   0.00, 149.52,   0.00)
 |    12 Vacuum                 7   14.784   0.0000 3.66345e+11  8.55591e+11      3.000   152.52  161.404583    5.205080  (   0.00, 152.52,   0.00)
 |    13 Aluminum              13   26.982   2.6990      8.8963      38.8767      4.000   156.52  161.854206    5.307969  (   0.00, 156.52,   0.00)
 |    14 Air                    7   14.784   0.0012  30528.7508   71299.2615      0.500   157.02  161.854223    5.307976  (   0.00, 157.02,   0.00)
 |    15 Steel235              26   55.757   7.8500      1.7652      16.9882    165.000   322.02  255.325431   15.020613  (   0.00, 322.02,   0.00)
 |    16 Air                    7   14.784   0.0012  30528.7508   71299.2615     25.191   347.22  255.326256   15.020966  (   0.00, 347.22,   0.00)
 |    17 Aluminum              13   26.982   2.6990      8.8963      38.8767      0.100   347.32  255.337497   15.023539  (   0.00, 347.32,   0.00)
 |    18 Air                    7   14.784   0.0012  30528.7508   71299.2615      0.350   347.67  255.337508   15.023544  (   0.00, 347.67,   0.00)
 |    19 PyrexGlass            10   20.495   2.2300     12.6748      42.3068      0.200   347.87  255.353288   15.028271  (   0.00, 347.87,   0.00)
 |    20 RPCGasDefault          8   16.809   0.0037   9559.7023   23347.6182      0.200   348.07  255.353309   15.028279  (   0.00, 348.07,   0.00)
 |    21 PyrexGlass            10   20.495   2.2300     12.6748      42.3068      0.200   348.27  255.369088   15.033007  (   0.00, 348.27,   0.00)
 |    22 Air                    7   14.784   0.0012  30528.7508   71299.2615      0.350   348.62  255.369099   15.033012  (   0.00, 348.62,   0.00)
 |    23 Aluminum              13   26.982   2.6990      8.8963      38.8767      0.100   348.72  255.380340   15.035584  (   0.00, 348.72,   0.00)
 |    24 Aluminum              13   26.982   2.6990      8.8963      38.8767      0.100   348.82  255.391581   15.038156  (   0.00, 348.82,   0.00)
 |    25 Air                    7   14.784   0.0012  30528.7508   71299.2615      0.350   349.17  255.391592   15.038161  (   0.00, 349.17,   0.00)
 |    26 PyrexGlass            10   20.495   2.2300     12.6748      42.3068      0.200   349.37  255.407372   15.042888  (   0.00, 349.37,   0.00)
 |    27 RPCGasDefault          8   16.809   0.0037   9559.7023   23347.6182      0.200   349.57  255.407392   15.042897  (   0.00, 349.57,   0.00)
 |    28 PyrexGlass            10   20.495   2.2300     12.6748      42.3068      0.200   349.77  255.423172   15.047624  (   0.00, 349.77,   0.00)
 |    29 Air                    7   14.784   0.0012  30528.7508   71299.2615      0.350   350.12  255.423183   15.047629  (   0.00, 350.12,   0.00)
 |    30 Aluminum              13   26.982   2.6990      8.8963      38.8767      0.100   350.22  255.434424   15.050202  (   0.00, 350.22,   0.00)
 |    31 Air                    7   14.784   0.0012  30528.7508   71299.2615      1.000   351.22  255.434457   15.050216  (   0.00, 351.22,   0.00)
 |    32 Iron                  26   55.845   7.8740      1.7575      16.9589      5.000   356.22  258.279423   15.345046  (   0.00, 356.22,   0.00)
 |    33 Aluminum              13   26.982   2.6990      8.8963      38.8767      0.100   356.32  258.290664   15.347618  (   0.00, 356.32,   0.00)
 |    34 Air                    7   14.784   0.0012  30528.7508   71299.2615      0.350   356.67  258.290675   15.347623  (   0.00, 356.67,   0.00)
 |    35 PyrexGlass            10   20.495   2.2300     12.6748      42.3068      0.200   356.87  258.306454   15.352350  (   0.00, 356.87,   0.00)
 |    36 RPCGasDefault          8   16.809   0.0037   9559.7023   23347.6182      0.200   357.07  258.306475   15.352359  (   0.00, 357.07,   0.00)
 |    37 PyrexGlass            10   20.495   2.2300     12.6748      42.3068      0.200   357.27  258.322255   15.357086  (   0.00, 357.27,   0.00)
 |    38 Air                    7   14.784   0.0012  30528.7508   71299.2615      0.350   357.62  258.322266   15.357091  (   0.00, 357.62,   0.00)
 |    39 Aluminum              13   26.982   2.6990      8.8963      38.8767      0.100   357.72  258.333507   15.359663  (   0.00, 357.72,   0.00)
 |    40 Aluminum              13   26.982   2.6990      8.8963      38.8767      0.100   357.82  258.344747   15.362235  (   0.00, 357.82,   0.00)
 |    41 Air                    7   14.784   0.0012  30528.7508   71299.2615      0.350   358.17  258.344759   15.362240  (   0.00, 358.17,   0.00)
 |    42 PyrexGlass            10   20.495   2.2300     12.6748      42.3068      0.200   358.37  258.360538   15.366968  (   0.00, 358.37,   0.00)
 |    43 RPCGasDefault          8   16.809   0.0037   9559.7023   23347.6182      0.200   358.57  258.360559   15.366976  (   0.00, 358.57,   0.00)
 |    44 PyrexGlass            10   20.495   2.2300     12.6748      42.3068      0.200   358.77  258.376338   15.371704  (   0.00, 358.77,   0.00)
 |    45 Air                    7   14.784   0.0012  30528.7508   71299.2615      0.350   359.12  258.376350   15.371709  (   0.00, 359.12,   0.00)
 |    46 Aluminum              13   26.982   2.6990      8.8963      38.8767      0.100   359.22  258.387591   15.374281  (   0.00, 359.22,   0.00)
 |    47 Air                    7   14.784   0.0012  30528.7508   71299.2615      1.000   360.22  258.387623   15.374295  (   0.00, 360.22,   0.00)
 |    48 Iron                  26   55.845   7.8740      1.7575      16.9589     20.000   380.22  269.767489   16.553615  (   0.00, 380.22,   0.00)
 |    49 Aluminum              13   26.982   2.6990      8.8963      38.8767      0.100   380.32  269.778729   16.556187  (   0.00, 380.32,   0.00)
 |    50 Air                    7   14.784   0.0012  30528.7508   71299.2615      0.350   380.67  269.778741   16.556192  (   0.00, 380.67,   0.00)
 |    51 PyrexGlass            10   20.495   2.2300     12.6748      42.3068      0.200   380.87  269.794520   16.560920  (   0.00, 380.87,   0.00)
 |    52 RPCGasDefault          8   16.809   0.0037   9559.7023   23347.6182      0.200   381.07  269.794541   16.560928  (   0.00, 381.07,   0.00)
 |    53 PyrexGlass            10   20.495   2.2300     12.6748      42.3068      0.200   381.27  269.810321   16.565656  (   0.00, 381.27,   0.00)
 |    54 Air                    7   14.784   0.0012  30528.7508   71299.2615      0.350   381.62  269.810332   16.565660  (   0.00, 381.62,   0.00)
 |    55 Aluminum              13   26.982   2.6990      8.8963      38.8767      0.100   381.72  269.821573   16.568233  (   0.00, 381.72,   0.00)
 |    56 Aluminum              13   26.982   2.6990      8.8963      38.8767      0.100   381.82  269.832813   16.570805  (   0.00, 381.82,   0.00)
 |    57 Air                    7   14.784   0.0012  30528.7508   71299.2615      0.350   382.17  269.832825   16.570810  (   0.00, 382.17,   0.00)
 |    58 PyrexGlass            10   20.495   2.2300     12.6748      42.3068      0.200   382.37  269.848604   16.575537  (   0.00, 382.37,   0.00)
 |    59 RPCGasDefault          8   16.809   0.0037   9559.7023   23347.6182      0.200   382.57  269.848625   16.575546  (   0.00, 382.57,   0.00)
 |    60 PyrexGlass            10   20.495   2.2300     12.6748      42.3068      0.200   382.77  269.864404   16.580273  (   0.00, 382.77,   0.00)
 |    61 Air                    7   14.784   0.0012  30528.7508   71299.2615      0.350   383.12  269.864416   16.580278  (   0.00, 383.12,   0.00)
 |    62 Aluminum              13   26.982   2.6990      8.8963      38.8767      0.100   383.22  269.875656   16.582850  (   0.00, 383.22,   0.00)
 |    63 Air                    7   14.784   0.0012  30528.7508   71299.2615      1.000   384.22  269.875689   16.582864  (   0.00, 384.22,   0.00)
 |    64 Iron                  26   55.845   7.8740      1.7575      16.9589     10.000   394.22  275.565622   17.172524  (   0.00, 394.22,   0.00)
 |    65 Aluminum              13   26.982   2.6990      8.8963      38.8767      0.100   394.32  275.576863   17.175097  (   0.00, 394.32,   0.00)
 |    66 Air                    7   14.784   0.0012  30528.7508   71299.2615      0.350   394.67  275.576874   17.175102  (   0.00, 394.67,   0.00)
 |    67 PyrexGlass            10   20.495   2.2300     12.6748      42.3068      0.200   394.87  275.592653   17.179829  (   0.00, 394.87,   0.00)
 |    68 RPCGasDefault          8   16.809   0.0037   9559.7023   23347.6182      0.200   395.07  275.592674   17.179837  (   0.00, 395.07,   0.00)
 |    69 PyrexGlass            10   20.495   2.2300     12.6748      42.3068      0.200   395.27  275.608454   17.184565  (   0.00, 395.27,   0.00)
 |    70 Air                    7   14.784   0.0012  30528.7508   71299.2615      0.350   395.62  275.608465   17.184570  (   0.00, 395.62,   0.00)
 |    71 Aluminum              13   26.982   2.6990      8.8963      38.8767      0.100   395.72  275.619706   17.187142  (   0.00, 395.72,   0.00)
 |    72 Aluminum              13   26.982   2.6990      8.8963      38.8767      0.100   395.82  275.630946   17.189714  (   0.00, 395.82,   0.00)
 |    73 Air                    7   14.784   0.0012  30528.7508   71299.2615      0.350   396.17  275.630958   17.189719  (   0.00, 396.17,   0.00)
 |    74 PyrexGlass            10   20.495   2.2300     12.6748      42.3068      0.200   396.37  275.646737   17.194447  (   0.00, 396.37,   0.00)
 |    75 RPCGasDefault          8   16.809   0.0037   9559.7023   23347.6182      0.200   396.57  275.646758   17.194455  (   0.00, 396.57,   0.00)
 |    76 PyrexGlass            10   20.495   2.2300     12.6748      42.3068      0.200   396.77  275.662537   17.199182  (   0.00, 396.77,   0.00)
 |    77 Air                    7   14.784   0.0012  30528.7508   71299.2615      0.350   397.12  275.662549   17.199187  (   0.00, 397.12,   0.00)
 |    78 Aluminum              13   26.982   2.6990      8.8963      38.8767      0.100   397.22  275.673789   17.201760  (   0.00, 397.22,   0.00)
 |    79 Air                    7   14.784   0.0012  30528.7508   71299.2615      1.000   398.22  275.673822   17.201774  (   0.00, 398.22,   0.00)
 |    80 Iron                  26   55.845   7.8740      1.7575      16.9589     10.000   408.22  281.363755   17.791434  (   0.00, 408.22,   0.00)
 |    81 Aluminum              13   26.982   2.6990      8.8963      38.8767      0.100   408.32  281.374996   17.794006  (   0.00, 408.32,   0.00)
 |    82 Air                    7   14.784   0.0012  30528.7508   71299.2615      0.350   408.67  281.375007   17.794011  (   0.00, 408.67,   0.00)
 |    83 PyrexGlass            10   20.495   2.2300     12.6748      42.3068      0.200   408.87  281.390786   17.798738  (   0.00, 408.87,   0.00)
 |    84 RPCGasDefault          8   16.809   0.0037   9559.7023   23347.6182      0.200   409.07  281.390807   17.798747  (   0.00, 409.07,   0.00)
 |    85 PyrexGlass            10   20.495   2.2300     12.6748      42.3068      0.200   409.27  281.406587   17.803474  (   0.00, 409.27,   0.00)
 |    86 Air                    7   14.784   0.0012  30528.7508   71299.2615      0.350   409.62  281.406598   17.803479  (   0.00, 409.62,   0.00)
 |    87 Aluminum              13   26.982   2.6990      8.8963      38.8767      0.100   409.72  281.417839   17.806051  (   0.00, 409.72,   0.00)
 |    88 Aluminum              13   26.982   2.6990      8.8963      38.8767      0.100   409.82  281.429079   17.808624  (   0.00, 409.82,   0.00)
 |    89 Air                    7   14.784   0.0012  30528.7508   71299.2615      0.350   410.17  281.429091   17.808628  (   0.00, 410.17,   0.00)
 |    90 PyrexGlass            10   20.495   2.2300     12.6748      42.3068      0.200   410.37  281.444870   17.813356  (   0.00, 410.37,   0.00)
 |    91 RPCGasDefault          8   16.809   0.0037   9559.7023   23347.6182      0.200   410.57  281.444891   17.813364  (   0.00, 410.57,   0.00)
 |    92 PyrexGlass            10   20.495   2.2300     12.6748      42.3068      0.200   410.77  281.460671   17.818092  (   0.00, 410.77,   0.00)
 |    93 Air                    7   14.784   0.0012  30528.7508   71299.2615      0.350   411.12  281.460682   17.818097  (   0.00, 411.12,   0.00)
 |    94 Aluminum              13   26.982   2.6990      8.8963      38.8767      0.100   411.22  281.471923   17.820669  (   0.00, 411.22,   0.00)
 |    95 Air                    7   14.784   0.0012  30528.7508   71299.2615      1.000   412.22  281.471955   17.820683  (   0.00, 412.22,   0.00)
 |    96 Iron                  26   55.845   7.8740      1.7575      16.9589     10.000   422.22  287.161888   18.410343  (   0.00, 422.22,   0.00)
 |    97 Aluminum              13   26.982   2.6990      8.8963      38.8767      0.100   422.32  287.173129   18.412915  (   0.00, 422.32,   0.00)
 |    98 Air                    7   14.784   0.0012  30528.7508   71299.2615      0.350   422.67  287.173140   18.412920  (   0.00, 422.67,   0.00)
 |    99 PyrexGlass            10   20.495   2.2300     12.6748      42.3068      0.200   422.87  287.188920   18.417648  (   0.00, 422.87,   0.00)
 |   100 RPCGasDefault          8   16.809   0.0037   9559.7023   23347.6182      0.200   423.07  287.188940   18.417656  (   0.00, 423.07,   0.00)
 |   101 PyrexGlass            10   20.495   2.2300     12.6748      42.3068      0.200   423.27  287.204720   18.422383  (   0.00, 423.27,   0.00)
 |   102 Air                    7   14.784   0.0012  30528.7508   71299.2615      0.350   423.62  287.204731   18.422388  (   0.00, 423.62,   0.00)
 |   103 Aluminum              13   26.982   2.6990      8.8963      38.8767      0.100   423.72  287.215972   18.424961  (   0.00, 423.72,   0.00)
 |   104 Aluminum              13   26.982   2.6990      8.8963      38.8767      0.100   423.82  287.227212   18.427533  (   0.00, 423.82,   0.00)
 |   105 Air                    7   14.784   0.0012  30528.7508   71299.2615      0.350   424.17  287.227224   18.427538  (   0.00, 424.17,   0.00)
 |   106 PyrexGlass            10   20.495   2.2300     12.6748      42.3068      0.200   424.37  287.243003   18.432265  (   0.00, 424.37,   0.00)
 |   107 RPCGasDefault          8   16.809   0.0037   9559.7023   23347.6182      0.200   424.57  287.243024   18.432274  (   0.00, 424.57,   0.00)
 |   108 PyrexGlass            10   20.495   2.2300     12.6748      42.3068      0.200   424.77  287.258804   18.437001  (   0.00, 424.77,   0.00)
 |   109 Air                    7   14.784   0.0012  30528.7508   71299.2615      0.350   425.12  287.258815   18.437006  (   0.00, 425.12,   0.00)
 |   110 Aluminum              13   26.982   2.6990      8.8963      38.8767      0.100   425.22  287.270056   18.439578  (   0.00, 425.22,   0.00)
 |   111 Air                    7   14.784   0.0012  30528.7508   71299.2615      1.000   426.22  287.270088   18.439592  (   0.00, 426.22,   0.00)
 |   112 Iron                  26   55.845   7.8740      1.7575      16.9589     10.000   436.22  292.960021   19.029252  (   0.00, 436.22,   0.00)
 |   113 Aluminum              13   26.982   2.6990      8.8963      38.8767      0.100   436.32  292.971262   19.031825  (   0.00, 436.32,   0.00)
 |   114 Air                    7   14.784   0.0012  30528.7508   71299.2615      0.350   436.67  292.971273   19.031830  (   0.00, 436.67,   0.00)
 |   115 PyrexGlass            10   20.495   2.2300     12.6748      42.3068      0.200   436.87  292.987053   19.036557  (   0.00, 436.87,   0.00)
 |   116 RPCGasDefault          8   16.809   0.0037   9559.7023   23347.6182      0.200   437.07  292.987074   19.036565  (   0.00, 437.07,   0.00)
 |   117 PyrexGlass            10   20.495   2.2300     12.6748      42.3068      0.200   437.27  293.002853   19.041293  (   0.00, 437.27,   0.00)
 |   118 Air                    7   14.784   0.0012  30528.7508   71299.2615      0.350   437.62  293.002864   19.041298  (   0.00, 437.62,   0.00)
 |   119 Aluminum              13   26.982   2.6990      8.8963      38.8767      0.100   437.72  293.014105   19.043870  (   0.00, 437.72,   0.00)
 |   120 Aluminum              13   26.982   2.6990      8.8963      38.8767      0.100   437.82  293.025346   19.046442  (   0.00, 437.82,   0.00)
 |   121 Air                    7   14.784   0.0012  30528.7508   71299.2615      0.350   438.17  293.025357   19.046447  (   0.00, 438.17,   0.00)
 |   122 PyrexGlass            10   20.495   2.2300     12.6748      42.3068      0.200   438.37  293.041136   19.051174  (   0.00, 438.37,   0.00)
 |   123 RPCGasDefault          8   16.809   0.0037   9559.7023   23347.6182      0.200   438.57  293.041157   19.051183  (   0.00, 438.57,   0.00)
 |   124 PyrexGlass            10   20.495   2.2300     12.6748      42.3068      0.200   438.77  293.056937   19.055910  (   0.00, 438.77,   0.00)
 |   125 Air                    7   14.784   0.0012  30528.7508   71299.2615      0.350   439.12  293.056948   19.055915  (   0.00, 439.12,   0.00)
 |   126 Aluminum              13   26.982   2.6990      8.8963      38.8767      0.100   439.22  293.068189   19.058488  (   0.00, 439.22,   0.00)
 |   127 Air                    7   14.784   0.0012  30528.7508   71299.2615      1.000   440.22  293.068222   19.058502  (   0.00, 440.22,   0.00)
 |   128 Iron                  26   55.845   7.8740      1.7575      16.9589     10.000   450.22  298.758154   19.648162  (   0.00, 450.22,   0.00)
 |   129 Aluminum              13   26.982   2.6990      8.8963      38.8767      0.100   450.32  298.769395   19.650734  (   0.00, 450.32,   0.00)
 |   130 Air                    7   14.784   0.0012  30528.7508   71299.2615      0.350   450.67  298.769406   19.650739  (   0.00, 450.67,   0.00)
 |   131 PyrexGlass            10   20.495   2.2300     12.6748      42.3068      0.200   450.87  298.785186   19.655466  (   0.00, 450.87,   0.00)
 |   132 RPCGasDefault          8   16.809   0.0037   9559.7023   23347.6182      0.200   451.07  298.785207   19.655475  (   0.00, 451.07,   0.00)
 |   133 PyrexGlass            10   20.495   2.2300     12.6748      42.3068      0.200   451.27  298.800986   19.660202  (   0.00, 451.27,   0.00)
 |   134 Air                    7   14.784   0.0012  30528.7508   71299.2615      0.350   451.62  298.800997   19.660207  (   0.00, 451.62,   0.00)
 |   135 Aluminum              13   26.982   2.6990      8.8963      38.8767      0.100   451.72  298.812238   19.662779  (   0.00, 451.72,   0.00)
 |   136 Aluminum              13   26.982   2.6990      8.8963      38.8767      0.100   451.82  298.823479   19.665352  (   0.00, 451.82,   0.00)
 |   137 Air                    7   14.784   0.0012  30528.7508   71299.2615      0.350   452.17  298.823490   19.665356  (   0.00, 452.17,   0.00)
 |   138 PyrexGlass            10   20.495   2.2300     12.6748      42.3068      0.200   452.37  298.839269   19.670084  (   0.00, 452.37,   0.00)
 |   139 RPCGasDefault          8   16.809   0.0037   9559.7023   23347.6182      0.200   452.57  298.839290   19.670092  (   0.00, 452.57,   0.00)
 |   140 PyrexGlass            10   20.495   2.2300     12.6748      42.3068      0.200   452.77  298.855070   19.674820  (   0.00, 452.77,   0.00)
 |   141 Air                    7   14.784   0.0012  30528.7508   71299.2615      0.350   453.12  298.855081   19.674825  (   0.00, 453.12,   0.00)
 |   142 Aluminum              13   26.982   2.6990      8.8963      38.8767      0.100   453.22  298.866322   19.677397  (   0.00, 453.22,   0.00)
 |   143 Air                    7   14.784   0.0012  30528.7508   71299.2615      1.000   454.22  298.866355   19.677411  (   0.00, 454.22,   0.00)
 |   144 Iron                  26   55.845   7.8740      1.7575      16.9589     10.000   464.22  304.556287   20.267071  (   0.00, 464.22,   0.00)
 |   145 Aluminum              13   26.982   2.6990      8.8963      38.8767      0.100   464.32  304.567528   20.269643  (   0.00, 464.32,   0.00)
 |   146 Air                    7   14.784   0.0012  30528.7508   71299.2615      0.350   464.67  304.567539   20.269648  (   0.00, 464.67,   0.00)
 |   147 PyrexGlass            10   20.495   2.2300     12.6748      42.3068      0.200   464.87  304.583319   20.274376  (   0.00, 464.87,   0.00)
 |   148 RPCGasDefault          8   16.809   0.0037   9559.7023   23347.6182      0.200   465.07  304.583340   20.274384  (   0.00, 465.07,   0.00)
 |   149 PyrexGlass            10   20.495   2.2300     12.6748      42.3068      0.200   465.27  304.599119   20.279111  (   0.00, 465.27,   0.00)
 |   150 Air                    7   14.784   0.0012  30528.7508   71299.2615      0.350   465.62  304.599131   20.279116  (   0.00, 465.62,   0.00)
 |   151 Aluminum              13   26.982   2.6990      8.8963      38.8767      0.100   465.72  304.610371   20.281689  (   0.00, 465.72,   0.00)
 |   152 Aluminum              13   26.982   2.6990      8.8963      38.8767      0.100   465.82  304.621612   20.284261  (   0.00, 465.82,   0.00)
 |   153 Air                    7   14.784   0.0012  30528.7508   71299.2615      0.350   466.17  304.621623   20.284266  (   0.00, 466.17,   0.00)
 |   154 PyrexGlass            10   20.495   2.2300     12.6748      42.3068      0.200   466.37  304.637403   20.288993  (   0.00, 466.37,   0.00)
 |   155 RPCGasDefault          8   16.809   0.0037   9559.7023   23347.6182      0.200   466.57  304.637423   20.289002  (   0.00, 466.57,   0.00)
 |   156 PyrexGlass            10   20.495   2.2300     12.6748      42.3068      0.200   466.77  304.653203   20.293729  (   0.00, 466.77,   0.00)
 |   157 Air                    7   14.784   0.0012  30528.7508   71299.2615      0.350   467.12  304.653214   20.293734  (   0.00, 467.12,   0.00)
 |   158 Aluminum              13   26.982   2.6990      8.8963      38.8767      0.100   467.22  304.664455   20.296306  (   0.00, 467.22,   0.00)
 |   159 Air                    7   14.784   0.0012  30528.7508   71299.2615      1.000   468.22  304.664488   20.296320  (   0.00, 468.22,   0.00)
 |   160 Iron                  26   55.845   7.8740      1.7575      16.9589     10.000   478.22  310.354420   20.885980  (   0.00, 478.22,   0.00)
 |   161 Aluminum              13   26.982   2.6990      8.8963      38.8767      0.100   478.32  310.365661   20.888553  (   0.00, 478.32,   0.00)
 |   162 Air                    7   14.784   0.0012  30528.7508   71299.2615      0.350   478.67  310.365673   20.888557  (   0.00, 478.67,   0.00)
 |   163 PyrexGlass            10   20.495   2.2300     12.6748      42.3068      0.200   478.87  310.381452   20.893285  (   0.00, 478.87,   0.00)
 |   164 RPCGasDefault          8   16.809   0.0037   9559.7023   23347.6182      0.200   479.07  310.381473   20.893293  (   0.00, 479.07,   0.00)
 |   165 PyrexGlass            10   20.495   2.2300     12.6748      42.3068      0.200   479.27  310.397252   20.898021  (   0.00, 479.27,   0.00)
 |   166 Air                    7   14.784   0.0012  30528.7508   71299.2615      0.350   479.62  310.397264   20.898026  (   0.00, 479.62,   0.00)
 |   167 Aluminum              13   26.982   2.6990      8.8963      38.8767      0.100   479.72  310.408504   20.900598  (   0.00, 479.72,   0.00)
 |   168 Aluminum              13   26.982   2.6990      8.8963      38.8767      0.100   479.82  310.419745   20.903170  (   0.00, 479.82,   0.00)
 |   169 Air                    7   14.784   0.0012  30528.7508   71299.2615      0.350   480.17  310.419756   20.903175  (   0.00, 480.17,   0.00)
 |   170 PyrexGlass            10   20.495   2.2300     12.6748      42.3068      0.200   480.37  310.435536   20.907902  (   0.00, 480.37,   0.00)
 |   171 RPCGasDefault          8   16.809   0.0037   9559.7023   23347.6182      0.200   480.57  310.435557   20.907911  (   0.00, 480.57,   0.00)
 |   172 PyrexGlass            10   20.495   2.2300     12.6748      42.3068      0.200   480.77  310.451336   20.912638  (   0.00, 480.77,   0.00)
 |   173 Air                    7   14.784   0.0012  30528.7508   71299.2615      0.350   481.12  310.451347   20.912643  (   0.00, 481.12,   0.00)
 |   174 Aluminum              13   26.982   2.6990      8.8963      38.8767      0.100   481.22  310.462588   20.915216  (   0.00, 481.22,   0.00)
 |   175 Air                    7   14.784   0.0012  30528.7508   71299.2615      1.000   482.22  310.462621   20.915230  (   0.00, 482.22,   0.00)
 |   176 Iron                  26   55.845   7.8740      1.7575      16.9589     10.000   492.22  316.152554   21.504890  (   0.00, 492.22,   0.00)
 |   177 Aluminum              13   26.982   2.6990      8.8963      38.8767      0.100   492.32  316.163794   21.507462  (   0.00, 492.32,   0.00)
 |   178 Air                    7   14.784   0.0012  30528.7508   71299.2615      0.350   492.67  316.163806   21.507467  (   0.00, 492.67,   0.00)
 |   179 PyrexGlass            10   20.495   2.2300     12.6748      42.3068      0.200   492.87  316.179585   21.512194  (   0.00, 492.87,   0.00)
 |   180 RPCGasDefault          8   16.809   0.0037   9559.7023   23347.6182      0.200   493.07  316.179606   21.512203  (   0.00, 493.07,   0.00)
 |   181 PyrexGlass            10   20.495   2.2300     12.6748      42.3068      0.200   493.27  316.195385   21.516930  (   0.00, 493.27,   0.00)
 |   182 Air                    7   14.784   0.0012  30528.7508   71299.2615      0.350   493.62  316.195397   21.516935  (   0.00, 493.62,   0.00)
 |   183 Aluminum              13   26.982   2.6990      8.8963      38.8767      0.100   493.72  316.206637   21.519507  (   0.00, 493.72,   0.00)
 |   184 Aluminum              13   26.982   2.6990      8.8963      38.8767      0.100   493.82  316.217878   21.522079  (   0.00, 493.82,   0.00)
 |   185 Air                    7   14.784   0.0012  30528.7508   71299.2615      0.350   494.17  316.217889   21.522084  (   0.00, 494.17,   0.00)
 |   186 PyrexGlass            10   20.495   2.2300     12.6748      42.3068      0.200   494.37  316.233669   21.526812  (   0.00, 494.37,   0.00)
 |   187 RPCGasDefault          8   16.809   0.0037   9559.7023   23347.6182      0.200   494.57  316.233690   21.526820  (   0.00, 494.57,   0.00)
 |   188 PyrexGlass            10   20.495   2.2300     12.6748      42.3068      0.200   494.77  316.249469   21.531548  (   0.00, 494.77,   0.00)
 |   189 Air                    7   14.784   0.0012  30528.7508   71299.2615      0.350   495.12  316.249480   21.531553  (   0.00, 495.12,   0.00)
 |   190 Aluminum              13   26.982   2.6990      8.8963      38.8767      0.100   495.22  316.260721   21.534125  (   0.00, 495.22,   0.00)
 |   191 Air                    7   14.784   0.0012  30528.7508   71299.2615      1.000   496.22  316.260754   21.534139  (   0.00, 496.22,   0.00)
 |   192 Iron                  26   55.845   7.8740      1.7575      16.9589     20.000   516.22  327.640619   22.713459  (   0.00, 516.22,   0.00)
 |   193 Air                    7   14.784   0.0012  30528.7508   71299.2615     83.785   600.00  327.643364   22.714634  (   0.00, 600.00,   0.00)
 +--------------------------------------------------------------------------------------------------------------------------------------------------
 |     0 Average Material      31   69.195   5.6193      1.8313      26.4147    600.000   600.00  327.643364   22.714634  (   0.00, 600.00,   0.00)
 +--------------------------------------------------------------------------------------------------------------------------------------------------
