> materialScan compact_HE-Lhe_dip_sol_ell.xml 0. 0. 410. 0. 600. 410. > materialScan_compact_HE-Lhe_dip_sol_ell_0_0_410-0_600_4100.txt
FEC-Plug

VertexBarrelSupports_layer0 2.9 2.9 25.5
VertexBarrelSupports_layer1 17.1 17.1 25.5
 +--------------------------------------------------------------------------------------------------------------------------------------------------
 + Material scan between: x_0 = (   0.00,   0.00, 410.00) [cm] and x_1 = (   0.00, 600.00, 410.00) [cm] : 
 +--------------------------------------------------------------------------------------------------------------------------------------------------
 |     \   Material           Atomic                 Radiation   Interaction               Path   Integrated  Integrated    Material
 | Num. \  Name          Number/Z   Mass/A  Density    Length       Length    Thickness   Length      X0        Lambda      Endpoint  
 | Layer \                        [g/mole]  [g/cm3]     [cm]        [cm]          [cm]      [cm]     [cm]        [cm]     (     cm,     cm,     cm)
 +--------------------------------------------------------------------------------------------------------------------------------------------------
 |     1 Air                    7   14.784   0.0012  30528.7508   71299.2615      2.000     2.00    0.000066    0.000028  (   0.00,   2.00,   0.00)
 |     2 Beryllium              4    9.012   1.8480     35.2760      39.4488      0.400     2.40    0.011405    0.010168  (   0.00,   2.40,   0.00)
 |     3 Air                    7   14.784   0.0012  30528.7508   71299.2615     10.100    12.50    0.011736    0.010309  (   0.00,  12.50,   0.00)
 |     4 TungstenDens25        72  177.566  18.2000      0.3806      10.6775     89.912   102.41  236.264733    8.430987  (   0.00, 102.41,   0.00)
 |     5 Air                    7   14.784   0.0012  30528.7508   71299.2615     15.613   118.02  236.265244    8.431206  (   0.00, 118.02,   0.00)
 |     6 Aluminum              13   26.982   2.6990      8.8963      38.8767      3.000   121.02  236.602462    8.508373  (   0.00, 121.02,   0.00)
 |     7 Vacuum                 7   14.784   0.0000 3.66345e+11  8.55591e+11      1.500   122.52  236.602462    8.508373  (   0.00, 122.52,   0.00)
 |     8 Aluminum              13   26.982   2.6990      8.8963      38.8767      3.000   125.52  236.939679    8.585540  (   0.00, 125.52,   0.00)
 |     9 Air                    7   14.784   0.0012  30528.7508   71299.2615     19.500   145.02  236.940318    8.585813  (   0.00, 145.02,   0.00)
 |    10 Aluminum              13   26.982   2.6990      8.8963      38.8767      1.500   146.52  237.108927    8.624397  (   0.00, 146.52,   0.00)
 |    11 Aluminum              13   26.982   2.6990      8.8963      38.8767      3.000   149.52  237.446145    8.701564  (   0.00, 149.52,   0.00)
 |    12 Vacuum                 7   14.784   0.0000 3.66345e+11  8.55591e+11      3.000   152.52  237.446145    8.701564  (   0.00, 152.52,   0.00)
 |    13 Aluminum              13   26.982   2.6990      8.8963      38.8767      4.000   156.52  237.895768    8.804453  (   0.00, 156.52,   0.00)
 |    14 Air                    7   14.784   0.0012  30528.7508   71299.2615      0.500   157.02  237.895785    8.804460  (   0.00, 157.02,   0.00)
 |    15 Steel235              26   55.757   7.8500      1.7652      16.9882    165.000   322.02  331.366993   18.517098  (   0.00, 322.02,   0.00)
 |    16 Air                    7   14.784   0.0012  30528.7508   71299.2615     25.191   347.22  331.367818   18.517451  (   0.00, 347.22,   0.00)
 |    17 Aluminum              13   26.982   2.6990      8.8963      38.8767      0.100   347.32  331.379059   18.520023  (   0.00, 347.32,   0.00)
 |    18 Air                    7   14.784   0.0012  30528.7508   71299.2615      0.350   347.67  331.379070   18.520028  (   0.00, 347.67,   0.00)
 |    19 PyrexGlass            10   20.495   2.2300     12.6748      42.3068      0.200   347.87  331.394850   18.524755  (   0.00, 347.87,   0.00)
 |    20 RPCGasDefault          8   16.809   0.0037   9559.7023   23347.6182      0.200   348.07  331.394871   18.524764  (   0.00, 348.07,   0.00)
 |    21 PyrexGlass            10   20.495   2.2300     12.6748      42.3068      0.200   348.27  331.410650   18.529491  (   0.00, 348.27,   0.00)
 |    22 Air                    7   14.784   0.0012  30528.7508   71299.2615      0.350   348.62  331.410662   18.529496  (   0.00, 348.62,   0.00)
 |    23 Aluminum              13   26.982   2.6990      8.8963      38.8767      0.100   348.72  331.421902   18.532068  (   0.00, 348.72,   0.00)
 |    24 Aluminum              13   26.982   2.6990      8.8963      38.8767      0.100   348.82  331.433143   18.534641  (   0.00, 348.82,   0.00)
 |    25 Air                    7   14.784   0.0012  30528.7508   71299.2615      0.350   349.17  331.433154   18.534646  (   0.00, 349.17,   0.00)
 |    26 PyrexGlass            10   20.495   2.2300     12.6748      42.3068      0.200   349.37  331.448934   18.539373  (   0.00, 349.37,   0.00)
 |    27 RPCGasDefault          8   16.809   0.0037   9559.7023   23347.6182      0.200   349.57  331.448955   18.539382  (   0.00, 349.57,   0.00)
 |    28 PyrexGlass            10   20.495   2.2300     12.6748      42.3068      0.200   349.77  331.464734   18.544109  (   0.00, 349.77,   0.00)
 |    29 Air                    7   14.784   0.0012  30528.7508   71299.2615      0.350   350.12  331.464745   18.544114  (   0.00, 350.12,   0.00)
 |    30 Aluminum              13   26.982   2.6990      8.8963      38.8767      0.100   350.22  331.475986   18.546686  (   0.00, 350.22,   0.00)
 |    31 Air                    7   14.784   0.0012  30528.7508   71299.2615      1.000   351.22  331.476019   18.546700  (   0.00, 351.22,   0.00)
 |    32 Iron                  26   55.845   7.8740      1.7575      16.9589      5.000   356.22  334.320985   18.841530  (   0.00, 356.22,   0.00)
 |    33 Aluminum              13   26.982   2.6990      8.8963      38.8767      0.100   356.32  334.332226   18.844102  (   0.00, 356.32,   0.00)
 |    34 Air                    7   14.784   0.0012  30528.7508   71299.2615      0.350   356.67  334.332237   18.844107  (   0.00, 356.67,   0.00)
 |    35 PyrexGlass            10   20.495   2.2300     12.6748      42.3068      0.200   356.87  334.348017   18.848835  (   0.00, 356.87,   0.00)
 |    36 RPCGasDefault          8   16.809   0.0037   9559.7023   23347.6182      0.200   357.07  334.348037   18.848843  (   0.00, 357.07,   0.00)
 |    37 PyrexGlass            10   20.495   2.2300     12.6748      42.3068      0.200   357.27  334.363817   18.853571  (   0.00, 357.27,   0.00)
 |    38 Air                    7   14.784   0.0012  30528.7508   71299.2615      0.350   357.62  334.363828   18.853575  (   0.00, 357.62,   0.00)
 |    39 Aluminum              13   26.982   2.6990      8.8963      38.8767      0.100   357.72  334.375069   18.856148  (   0.00, 357.72,   0.00)
 |    40 Aluminum              13   26.982   2.6990      8.8963      38.8767      0.100   357.82  334.386309   18.858720  (   0.00, 357.82,   0.00)
 |    41 Air                    7   14.784   0.0012  30528.7508   71299.2615      0.350   358.17  334.386321   18.858725  (   0.00, 358.17,   0.00)
 |    42 PyrexGlass            10   20.495   2.2300     12.6748      42.3068      0.200   358.37  334.402100   18.863452  (   0.00, 358.37,   0.00)
 |    43 RPCGasDefault          8   16.809   0.0037   9559.7023   23347.6182      0.200   358.57  334.402121   18.863461  (   0.00, 358.57,   0.00)
 |    44 PyrexGlass            10   20.495   2.2300     12.6748      42.3068      0.200   358.77  334.417901   18.868188  (   0.00, 358.77,   0.00)
 |    45 Air                    7   14.784   0.0012  30528.7508   71299.2615      0.350   359.12  334.417912   18.868193  (   0.00, 359.12,   0.00)
 |    46 Aluminum              13   26.982   2.6990      8.8963      38.8767      0.100   359.22  334.429153   18.870765  (   0.00, 359.22,   0.00)
 |    47 Air                    7   14.784   0.0012  30528.7508   71299.2615      1.000   360.22  334.429185   18.870779  (   0.00, 360.22,   0.00)
 |    48 Iron                  26   55.845   7.8740      1.7575      16.9589     20.000   380.22  345.809051   20.050100  (   0.00, 380.22,   0.00)
 |    49 Aluminum              13   26.982   2.6990      8.8963      38.8767      0.100   380.32  345.820292   20.052672  (   0.00, 380.32,   0.00)
 |    50 Air                    7   14.784   0.0012  30528.7508   71299.2615      0.350   380.67  345.820303   20.052677  (   0.00, 380.67,   0.00)
 |    51 PyrexGlass            10   20.495   2.2300     12.6748      42.3068      0.200   380.87  345.836082   20.057404  (   0.00, 380.87,   0.00)
 |    52 RPCGasDefault          8   16.809   0.0037   9559.7023   23347.6182      0.200   381.07  345.836103   20.057413  (   0.00, 381.07,   0.00)
 |    53 PyrexGlass            10   20.495   2.2300     12.6748      42.3068      0.200   381.27  345.851883   20.062140  (   0.00, 381.27,   0.00)
 |    54 Air                    7   14.784   0.0012  30528.7508   71299.2615      0.350   381.62  345.851894   20.062145  (   0.00, 381.62,   0.00)
 |    55 Aluminum              13   26.982   2.6990      8.8963      38.8767      0.100   381.72  345.863135   20.064717  (   0.00, 381.72,   0.00)
 |    56 Aluminum              13   26.982   2.6990      8.8963      38.8767      0.100   381.82  345.874375   20.067289  (   0.00, 381.82,   0.00)
 |    57 Air                    7   14.784   0.0012  30528.7508   71299.2615      0.350   382.17  345.874387   20.067294  (   0.00, 382.17,   0.00)
 |    58 PyrexGlass            10   20.495   2.2300     12.6748      42.3068      0.200   382.37  345.890166   20.072022  (   0.00, 382.37,   0.00)
 |    59 RPCGasDefault          8   16.809   0.0037   9559.7023   23347.6182      0.200   382.57  345.890187   20.072030  (   0.00, 382.57,   0.00)
 |    60 PyrexGlass            10   20.495   2.2300     12.6748      42.3068      0.200   382.77  345.905966   20.076758  (   0.00, 382.77,   0.00)
 |    61 Air                    7   14.784   0.0012  30528.7508   71299.2615      0.350   383.12  345.905978   20.076763  (   0.00, 383.12,   0.00)
 |    62 Aluminum              13   26.982   2.6990      8.8963      38.8767      0.100   383.22  345.917218   20.079335  (   0.00, 383.22,   0.00)
 |    63 Air                    7   14.784   0.0012  30528.7508   71299.2615      1.000   384.22  345.917251   20.079349  (   0.00, 384.22,   0.00)
 |    64 Iron                  26   55.845   7.8740      1.7575      16.9589     10.000   394.22  351.607184   20.669009  (   0.00, 394.22,   0.00)
 |    65 Aluminum              13   26.982   2.6990      8.8963      38.8767      0.100   394.32  351.618425   20.671581  (   0.00, 394.32,   0.00)
 |    66 Air                    7   14.784   0.0012  30528.7508   71299.2615      0.350   394.67  351.618436   20.671586  (   0.00, 394.67,   0.00)
 |    67 PyrexGlass            10   20.495   2.2300     12.6748      42.3068      0.200   394.87  351.634215   20.676313  (   0.00, 394.87,   0.00)
 |    68 RPCGasDefault          8   16.809   0.0037   9559.7023   23347.6182      0.200   395.07  351.634236   20.676322  (   0.00, 395.07,   0.00)
 |    69 PyrexGlass            10   20.495   2.2300     12.6748      42.3068      0.200   395.27  351.650016   20.681049  (   0.00, 395.27,   0.00)
 |    70 Air                    7   14.784   0.0012  30528.7508   71299.2615      0.350   395.62  351.650027   20.681054  (   0.00, 395.62,   0.00)
 |    71 Aluminum              13   26.982   2.6990      8.8963      38.8767      0.100   395.72  351.661268   20.683626  (   0.00, 395.72,   0.00)
 |    72 Aluminum              13   26.982   2.6990      8.8963      38.8767      0.100   395.82  351.672508   20.686199  (   0.00, 395.82,   0.00)
 |    73 Air                    7   14.784   0.0012  30528.7508   71299.2615      0.350   396.17  351.672520   20.686204  (   0.00, 396.17,   0.00)
 |    74 PyrexGlass            10   20.495   2.2300     12.6748      42.3068      0.200   396.37  351.688299   20.690931  (   0.00, 396.37,   0.00)
 |    75 RPCGasDefault          8   16.809   0.0037   9559.7023   23347.6182      0.200   396.57  351.688320   20.690940  (   0.00, 396.57,   0.00)
 |    76 PyrexGlass            10   20.495   2.2300     12.6748      42.3068      0.200   396.77  351.704100   20.695667  (   0.00, 396.77,   0.00)
 |    77 Air                    7   14.784   0.0012  30528.7508   71299.2615      0.350   397.12  351.704111   20.695672  (   0.00, 397.12,   0.00)
 |    78 Aluminum              13   26.982   2.6990      8.8963      38.8767      0.100   397.22  351.715352   20.698244  (   0.00, 397.22,   0.00)
 |    79 Air                    7   14.784   0.0012  30528.7508   71299.2615      1.000   398.22  351.715384   20.698258  (   0.00, 398.22,   0.00)
 |    80 Iron                  26   55.845   7.8740      1.7575      16.9589     10.000   408.22  357.405317   21.287918  (   0.00, 408.22,   0.00)
 |    81 Aluminum              13   26.982   2.6990      8.8963      38.8767      0.100   408.32  357.416558   21.290490  (   0.00, 408.32,   0.00)
 |    82 Air                    7   14.784   0.0012  30528.7508   71299.2615      0.350   408.67  357.416569   21.290495  (   0.00, 408.67,   0.00)
 |    83 PyrexGlass            10   20.495   2.2300     12.6748      42.3068      0.200   408.87  357.432349   21.295223  (   0.00, 408.87,   0.00)
 |    84 RPCGasDefault          8   16.809   0.0037   9559.7023   23347.6182      0.200   409.07  357.432369   21.295231  (   0.00, 409.07,   0.00)
 |    85 PyrexGlass            10   20.495   2.2300     12.6748      42.3068      0.200   409.27  357.448149   21.299959  (   0.00, 409.27,   0.00)
 |    86 Air                    7   14.784   0.0012  30528.7508   71299.2615      0.350   409.62  357.448160   21.299964  (   0.00, 409.62,   0.00)
 |    87 Aluminum              13   26.982   2.6990      8.8963      38.8767      0.100   409.72  357.459401   21.302536  (   0.00, 409.72,   0.00)
 |    88 Aluminum              13   26.982   2.6990      8.8963      38.8767      0.100   409.82  357.470641   21.305108  (   0.00, 409.82,   0.00)
 |    89 Air                    7   14.784   0.0012  30528.7508   71299.2615      0.350   410.17  357.470653   21.305113  (   0.00, 410.17,   0.00)
 |    90 PyrexGlass            10   20.495   2.2300     12.6748      42.3068      0.200   410.37  357.486432   21.309840  (   0.00, 410.37,   0.00)
 |    91 RPCGasDefault          8   16.809   0.0037   9559.7023   23347.6182      0.200   410.57  357.486453   21.309849  (   0.00, 410.57,   0.00)
 |    92 PyrexGlass            10   20.495   2.2300     12.6748      42.3068      0.200   410.77  357.502233   21.314576  (   0.00, 410.77,   0.00)
 |    93 Air                    7   14.784   0.0012  30528.7508   71299.2615      0.350   411.12  357.502244   21.314581  (   0.00, 411.12,   0.00)
 |    94 Aluminum              13   26.982   2.6990      8.8963      38.8767      0.100   411.22  357.513485   21.317153  (   0.00, 411.22,   0.00)
 |    95 Air                    7   14.784   0.0012  30528.7508   71299.2615      1.000   412.22  357.513517   21.317167  (   0.00, 412.22,   0.00)
 |    96 Iron                  26   55.845   7.8740      1.7575      16.9589     10.000   422.22  363.203450   21.906828  (   0.00, 422.22,   0.00)
 |    97 Aluminum              13   26.982   2.6990      8.8963      38.8767      0.100   422.32  363.214691   21.909400  (   0.00, 422.32,   0.00)
 |    98 Air                    7   14.784   0.0012  30528.7508   71299.2615      0.350   422.67  363.214702   21.909405  (   0.00, 422.67,   0.00)
 |    99 PyrexGlass            10   20.495   2.2300     12.6748      42.3068      0.200   422.87  363.230482   21.914132  (   0.00, 422.87,   0.00)
 |   100 RPCGasDefault          8   16.809   0.0037   9559.7023   23347.6182      0.200   423.07  363.230503   21.914141  (   0.00, 423.07,   0.00)
 |   101 PyrexGlass            10   20.495   2.2300     12.6748      42.3068      0.200   423.27  363.246282   21.918868  (   0.00, 423.27,   0.00)
 |   102 Air                    7   14.784   0.0012  30528.7508   71299.2615      0.350   423.62  363.246293   21.918873  (   0.00, 423.62,   0.00)
 |   103 Aluminum              13   26.982   2.6990      8.8963      38.8767      0.100   423.72  363.257534   21.921445  (   0.00, 423.72,   0.00)
 |   104 Aluminum              13   26.982   2.6990      8.8963      38.8767      0.100   423.82  363.268775   21.924017  (   0.00, 423.82,   0.00)
 |   105 Air                    7   14.784   0.0012  30528.7508   71299.2615      0.350   424.17  363.268786   21.924022  (   0.00, 424.17,   0.00)
 |   106 PyrexGlass            10   20.495   2.2300     12.6748      42.3068      0.200   424.37  363.284565   21.928750  (   0.00, 424.37,   0.00)
 |   107 RPCGasDefault          8   16.809   0.0037   9559.7023   23347.6182      0.200   424.57  363.284586   21.928758  (   0.00, 424.57,   0.00)
 |   108 PyrexGlass            10   20.495   2.2300     12.6748      42.3068      0.200   424.77  363.300366   21.933486  (   0.00, 424.77,   0.00)
 |   109 Air                    7   14.784   0.0012  30528.7508   71299.2615      0.350   425.12  363.300377   21.933490  (   0.00, 425.12,   0.00)
 |   110 Aluminum              13   26.982   2.6990      8.8963      38.8767      0.100   425.22  363.311618   21.936063  (   0.00, 425.22,   0.00)
 |   111 Air                    7   14.784   0.0012  30528.7508   71299.2615      1.000   426.22  363.311650   21.936077  (   0.00, 426.22,   0.00)
 |   112 Iron                  26   55.845   7.8740      1.7575      16.9589     10.000   436.22  369.001583   22.525737  (   0.00, 436.22,   0.00)
 |   113 Aluminum              13   26.982   2.6990      8.8963      38.8767      0.100   436.32  369.012824   22.528309  (   0.00, 436.32,   0.00)
 |   114 Air                    7   14.784   0.0012  30528.7508   71299.2615      0.350   436.67  369.012835   22.528314  (   0.00, 436.67,   0.00)
 |   115 PyrexGlass            10   20.495   2.2300     12.6748      42.3068      0.200   436.87  369.028615   22.533041  (   0.00, 436.87,   0.00)
 |   116 RPCGasDefault          8   16.809   0.0037   9559.7023   23347.6182      0.200   437.07  369.028636   22.533050  (   0.00, 437.07,   0.00)
 |   117 PyrexGlass            10   20.495   2.2300     12.6748      42.3068      0.200   437.27  369.044415   22.537777  (   0.00, 437.27,   0.00)
 |   118 Air                    7   14.784   0.0012  30528.7508   71299.2615      0.350   437.62  369.044426   22.537782  (   0.00, 437.62,   0.00)
 |   119 Aluminum              13   26.982   2.6990      8.8963      38.8767      0.100   437.72  369.055667   22.540354  (   0.00, 437.72,   0.00)
 |   120 Aluminum              13   26.982   2.6990      8.8963      38.8767      0.100   437.82  369.066908   22.542927  (   0.00, 437.82,   0.00)
 |   121 Air                    7   14.784   0.0012  30528.7508   71299.2615      0.350   438.17  369.066919   22.542932  (   0.00, 438.17,   0.00)
 |   122 PyrexGlass            10   20.495   2.2300     12.6748      42.3068      0.200   438.37  369.082698   22.547659  (   0.00, 438.37,   0.00)
 |   123 RPCGasDefault          8   16.809   0.0037   9559.7023   23347.6182      0.200   438.57  369.082719   22.547668  (   0.00, 438.57,   0.00)
 |   124 PyrexGlass            10   20.495   2.2300     12.6748      42.3068      0.200   438.77  369.098499   22.552395  (   0.00, 438.77,   0.00)
 |   125 Air                    7   14.784   0.0012  30528.7508   71299.2615      0.350   439.12  369.098510   22.552400  (   0.00, 439.12,   0.00)
 |   126 Aluminum              13   26.982   2.6990      8.8963      38.8767      0.100   439.22  369.109751   22.554972  (   0.00, 439.22,   0.00)
 |   127 Air                    7   14.784   0.0012  30528.7508   71299.2615      1.000   440.22  369.109784   22.554986  (   0.00, 440.22,   0.00)
 |   128 Iron                  26   55.845   7.8740      1.7575      16.9589     10.000   450.22  374.799716   23.144646  (   0.00, 450.22,   0.00)
 |   129 Aluminum              13   26.982   2.6990      8.8963      38.8767      0.100   450.32  374.810957   23.147218  (   0.00, 450.32,   0.00)
 |   130 Air                    7   14.784   0.0012  30528.7508   71299.2615      0.350   450.67  374.810968   23.147223  (   0.00, 450.67,   0.00)
 |   131 PyrexGlass            10   20.495   2.2300     12.6748      42.3068      0.200   450.87  374.826748   23.151951  (   0.00, 450.87,   0.00)
 |   132 RPCGasDefault          8   16.809   0.0037   9559.7023   23347.6182      0.200   451.07  374.826769   23.151959  (   0.00, 451.07,   0.00)
 |   133 PyrexGlass            10   20.495   2.2300     12.6748      42.3068      0.200   451.27  374.842548   23.156687  (   0.00, 451.27,   0.00)
 |   134 Air                    7   14.784   0.0012  30528.7508   71299.2615      0.350   451.62  374.842560   23.156692  (   0.00, 451.62,   0.00)
 |   135 Aluminum              13   26.982   2.6990      8.8963      38.8767      0.100   451.72  374.853800   23.159264  (   0.00, 451.72,   0.00)
 |   136 Aluminum              13   26.982   2.6990      8.8963      38.8767      0.100   451.82  374.865041   23.161836  (   0.00, 451.82,   0.00)
 |   137 Air                    7   14.784   0.0012  30528.7508   71299.2615      0.350   452.17  374.865052   23.161841  (   0.00, 452.17,   0.00)
 |   138 PyrexGlass            10   20.495   2.2300     12.6748      42.3068      0.200   452.37  374.880832   23.166568  (   0.00, 452.37,   0.00)
 |   139 RPCGasDefault          8   16.809   0.0037   9559.7023   23347.6182      0.200   452.57  374.880852   23.166577  (   0.00, 452.57,   0.00)
 |   140 PyrexGlass            10   20.495   2.2300     12.6748      42.3068      0.200   452.77  374.896632   23.171304  (   0.00, 452.77,   0.00)
 |   141 Air                    7   14.784   0.0012  30528.7508   71299.2615      0.350   453.12  374.896643   23.171309  (   0.00, 453.12,   0.00)
 |   142 Aluminum              13   26.982   2.6990      8.8963      38.8767      0.100   453.22  374.907884   23.173881  (   0.00, 453.22,   0.00)
 |   143 Air                    7   14.784   0.0012  30528.7508   71299.2615      1.000   454.22  374.907917   23.173895  (   0.00, 454.22,   0.00)
 |   144 Iron                  26   55.845   7.8740      1.7575      16.9589     10.000   464.22  380.597849   23.763555  (   0.00, 464.22,   0.00)
 |   145 Aluminum              13   26.982   2.6990      8.8963      38.8767      0.100   464.32  380.609090   23.766128  (   0.00, 464.32,   0.00)
 |   146 Air                    7   14.784   0.0012  30528.7508   71299.2615      0.350   464.67  380.609101   23.766133  (   0.00, 464.67,   0.00)
 |   147 PyrexGlass            10   20.495   2.2300     12.6748      42.3068      0.200   464.87  380.624881   23.770860  (   0.00, 464.87,   0.00)
 |   148 RPCGasDefault          8   16.809   0.0037   9559.7023   23347.6182      0.200   465.07  380.624902   23.770869  (   0.00, 465.07,   0.00)
 |   149 PyrexGlass            10   20.495   2.2300     12.6748      42.3068      0.200   465.27  380.640681   23.775596  (   0.00, 465.27,   0.00)
 |   150 Air                    7   14.784   0.0012  30528.7508   71299.2615      0.350   465.62  380.640693   23.775601  (   0.00, 465.62,   0.00)
 |   151 Aluminum              13   26.982   2.6990      8.8963      38.8767      0.100   465.72  380.651933   23.778173  (   0.00, 465.72,   0.00)
 |   152 Aluminum              13   26.982   2.6990      8.8963      38.8767      0.100   465.82  380.663174   23.780745  (   0.00, 465.82,   0.00)
 |   153 Air                    7   14.784   0.0012  30528.7508   71299.2615      0.350   466.17  380.663185   23.780750  (   0.00, 466.17,   0.00)
 |   154 PyrexGlass            10   20.495   2.2300     12.6748      42.3068      0.200   466.37  380.678965   23.785478  (   0.00, 466.37,   0.00)
 |   155 RPCGasDefault          8   16.809   0.0037   9559.7023   23347.6182      0.200   466.57  380.678986   23.785486  (   0.00, 466.57,   0.00)
 |   156 PyrexGlass            10   20.495   2.2300     12.6748      42.3068      0.200   466.77  380.694765   23.790214  (   0.00, 466.77,   0.00)
 |   157 Air                    7   14.784   0.0012  30528.7508   71299.2615      0.350   467.12  380.694776   23.790218  (   0.00, 467.12,   0.00)
 |   158 Aluminum              13   26.982   2.6990      8.8963      38.8767      0.100   467.22  380.706017   23.792791  (   0.00, 467.22,   0.00)
 |   159 Air                    7   14.784   0.0012  30528.7508   71299.2615      1.000   468.22  380.706050   23.792805  (   0.00, 468.22,   0.00)
 |   160 Iron                  26   55.845   7.8740      1.7575      16.9589     10.000   478.22  386.395983   24.382465  (   0.00, 478.22,   0.00)
 |   161 Aluminum              13   26.982   2.6990      8.8963      38.8767      0.100   478.32  386.407223   24.385037  (   0.00, 478.32,   0.00)
 |   162 Air                    7   14.784   0.0012  30528.7508   71299.2615      0.350   478.67  386.407235   24.385042  (   0.00, 478.67,   0.00)
 |   163 PyrexGlass            10   20.495   2.2300     12.6748      42.3068      0.200   478.87  386.423014   24.389769  (   0.00, 478.87,   0.00)
 |   164 RPCGasDefault          8   16.809   0.0037   9559.7023   23347.6182      0.200   479.07  386.423035   24.389778  (   0.00, 479.07,   0.00)
 |   165 PyrexGlass            10   20.495   2.2300     12.6748      42.3068      0.200   479.27  386.438814   24.394505  (   0.00, 479.27,   0.00)
 |   166 Air                    7   14.784   0.0012  30528.7508   71299.2615      0.350   479.62  386.438826   24.394510  (   0.00, 479.62,   0.00)
 |   167 Aluminum              13   26.982   2.6990      8.8963      38.8767      0.100   479.72  386.450066   24.397082  (   0.00, 479.72,   0.00)
 |   168 Aluminum              13   26.982   2.6990      8.8963      38.8767      0.100   479.82  386.461307   24.399655  (   0.00, 479.82,   0.00)
 |   169 Air                    7   14.784   0.0012  30528.7508   71299.2615      0.350   480.17  386.461318   24.399660  (   0.00, 480.17,   0.00)
 |   170 PyrexGlass            10   20.495   2.2300     12.6748      42.3068      0.200   480.37  386.477098   24.404387  (   0.00, 480.37,   0.00)
 |   171 RPCGasDefault          8   16.809   0.0037   9559.7023   23347.6182      0.200   480.57  386.477119   24.404395  (   0.00, 480.57,   0.00)
 |   172 PyrexGlass            10   20.495   2.2300     12.6748      42.3068      0.200   480.77  386.492898   24.409123  (   0.00, 480.77,   0.00)
 |   173 Air                    7   14.784   0.0012  30528.7508   71299.2615      0.350   481.12  386.492909   24.409128  (   0.00, 481.12,   0.00)
 |   174 Aluminum              13   26.982   2.6990      8.8963      38.8767      0.100   481.22  386.504150   24.411700  (   0.00, 481.22,   0.00)
 |   175 Air                    7   14.784   0.0012  30528.7508   71299.2615      1.000   482.22  386.504183   24.411714  (   0.00, 482.22,   0.00)
 |   176 Iron                  26   55.845   7.8740      1.7575      16.9589     10.000   492.22  392.194116   25.001374  (   0.00, 492.22,   0.00)
 |   177 Aluminum              13   26.982   2.6990      8.8963      38.8767      0.100   492.32  392.205356   25.003946  (   0.00, 492.32,   0.00)
 |   178 Air                    7   14.784   0.0012  30528.7508   71299.2615      0.350   492.67  392.205368   25.003951  (   0.00, 492.67,   0.00)
 |   179 PyrexGlass            10   20.495   2.2300     12.6748      42.3068      0.200   492.87  392.221147   25.008679  (   0.00, 492.87,   0.00)
 |   180 RPCGasDefault          8   16.809   0.0037   9559.7023   23347.6182      0.200   493.07  392.221168   25.008687  (   0.00, 493.07,   0.00)
 |   181 PyrexGlass            10   20.495   2.2300     12.6748      42.3068      0.200   493.27  392.236947   25.013415  (   0.00, 493.27,   0.00)
 |   182 Air                    7   14.784   0.0012  30528.7508   71299.2615      0.350   493.62  392.236959   25.013419  (   0.00, 493.62,   0.00)
 |   183 Aluminum              13   26.982   2.6990      8.8963      38.8767      0.100   493.72  392.248199   25.015992  (   0.00, 493.72,   0.00)
 |   184 Aluminum              13   26.982   2.6990      8.8963      38.8767      0.100   493.82  392.259440   25.018564  (   0.00, 493.82,   0.00)
 |   185 Air                    7   14.784   0.0012  30528.7508   71299.2615      0.350   494.17  392.259451   25.018569  (   0.00, 494.17,   0.00)
 |   186 PyrexGlass            10   20.495   2.2300     12.6748      42.3068      0.200   494.37  392.275231   25.023296  (   0.00, 494.37,   0.00)
 |   187 RPCGasDefault          8   16.809   0.0037   9559.7023   23347.6182      0.200   494.57  392.275252   25.023305  (   0.00, 494.57,   0.00)
 |   188 PyrexGlass            10   20.495   2.2300     12.6748      42.3068      0.200   494.77  392.291031   25.028032  (   0.00, 494.77,   0.00)
 |   189 Air                    7   14.784   0.0012  30528.7508   71299.2615      0.350   495.12  392.291043   25.028037  (   0.00, 495.12,   0.00)
 |   190 Aluminum              13   26.982   2.6990      8.8963      38.8767      0.100   495.22  392.302283   25.030609  (   0.00, 495.22,   0.00)
 |   191 Air                    7   14.784   0.0012  30528.7508   71299.2615      1.000   496.22  392.302316   25.030623  (   0.00, 496.22,   0.00)
 |   192 Iron                  26   55.845   7.8740      1.7575      16.9589     20.000   516.22  403.682181   26.209944  (   0.00, 516.22,   0.00)
 |   193 Air                    7   14.784   0.0012  30528.7508   71299.2615     83.785   600.00  403.684926   26.211119  (   0.00, 600.00,   0.00)
 +--------------------------------------------------------------------------------------------------------------------------------------------------
 |     0 Average Material      33   75.213   6.6458      1.4863      22.8910    600.000   600.00  403.684926   26.211119  (   0.00, 600.00,   0.00)
 +--------------------------------------------------------------------------------------------------------------------------------------------------
