> materialScan compact_Lhe_dip_sol_ell.xml 0. 0. 0. 0. 500. 0. >| materialScan_compact_Lhe_dip_sol_ell_0_0_0-0_500_0.txt
VertexBarrelSupports_layer0 2.5 2.5 50.625
VertexBarrelSupports_layer1 4.5 4.5 51.7
 +--------------------------------------------------------------------------------------------------------------------------------------------------
 + Material scan between: x_0 = (   0.00,   0.00,   0.00) [cm] and x_1 = (   0.00, 500.00,   0.00) [cm] : 
 +--------------------------------------------------------------------------------------------------------------------------------------------------
 |     \   Material           Atomic                 Radiation   Interaction               Path   Integrated  Integrated    Material
 | Num. \  Name          Number/Z   Mass/A  Density    Length       Length    Thickness   Length      X0        Lambda      Endpoint  
 | Layer \                        [g/mole]  [g/cm3]     [cm]        [cm]          [cm]      [cm]     [cm]        [cm]     (     cm,     cm,     cm)
 +--------------------------------------------------------------------------------------------------------------------------------------------------
 |     1 Air                    7   14.784   0.0012  30528.7508   71299.2615      0.001     0.00    0.000000    0.000000  (   0.00,   0.00,   0.00)
 |     2 Vacuum                 7   14.784   0.0000 3.66345e+11  8.55591e+11      2.000     2.00    0.000000    0.000000  (   0.00,   2.00,   0.00)
 |     3 Beryllium              4    9.012   1.8480     35.2760      39.4488      0.399     2.40    0.011311    0.010114  (   0.00,   2.40,   0.00)
 |     4 Air                    7   14.784   0.0012  30528.7508   71299.2615      0.100     2.50    0.011314    0.010116  (   0.00,   2.50,   0.00)
 |     5 Air                    7   14.784   0.0012  30528.7508   71299.2615      0.750     3.25    0.011339    0.010126  (   0.00,   3.25,   0.00)
 |     6 Air                    7   14.784   0.0012  30528.7508   71299.2615      0.231     3.48    0.011346    0.010130  (   0.00,   3.48,   0.00)
 |     7 CarbonFiber_50D        6   11.968   0.7500     56.1492     102.0193      0.013     3.49    0.011578    0.010257  (   0.00,   3.49,   0.00)
 |     8 Air                    7   14.784   0.0012  30528.7508   71299.2615      0.026     3.52    0.011579    0.010257  (   0.00,   3.52,   0.00)
 |     9 Silicon               14   28.085   2.3300      9.3661      45.7533      0.005     3.52    0.012112    0.010367  (   0.00,   3.52,   0.00)
 |    10 Air                    7   14.784   0.0012  30528.7508   71299.2615      0.111     3.64    0.012116    0.010368  (   0.00,   3.64,   0.00)
 |    11 Kapton                 6   12.701   1.4300     28.3749      55.4761      0.004     3.64    0.012250    0.010437  (   0.00,   3.64,   0.00)
 |    12 Air                    7   14.784   0.0012  30528.7508   71299.2615      0.006     3.65    0.012250    0.010437  (   0.00,   3.65,   0.00)
 |    13 Copper                29   63.546   8.9600      1.4356      15.5142      0.000     3.65    0.012515    0.010461  (   0.00,   3.65,   0.00)
 |    14 Air                    7   14.784   0.0012  30528.7508   71299.2615      0.104     3.75    0.012518    0.010463  (   0.00,   3.75,   0.00)
 |    15 Air                    7   14.784   0.0012  30528.7508   71299.2615      0.750     4.50    0.012543    0.010473  (   0.00,   4.50,   0.00)
 |    16 Air                    7   14.784   0.0012  30528.7508   71299.2615      0.800     5.30    0.012569    0.010484  (   0.00,   5.30,   0.00)
 |    17 Air                    7   14.784   0.0012  30528.7508   71299.2615      3.700     9.00    0.012690    0.010536  (   0.00,   9.00,   0.00)
 |    18 Air                    7   14.784   0.0012  30528.7508   71299.2615      1.837    10.84    0.012750    0.010562  (   0.00,  10.84,   0.00)
 |    19 PEEK                   6   12.213   1.3700     30.3288      56.3795      0.021    10.86    0.013454    0.010940  (   0.00,  10.86,   0.00)
 |    20 CarbonFiber_50D        6   11.968   0.7500     56.1492     102.0193      0.017    10.88    0.013757    0.011108  (   0.00,  10.88,   0.00)
 |    21 Rohacell31_50D         6   12.079   0.0160   2584.8782    4648.6381      0.192    11.07    0.013832    0.011149  (   0.00,  11.07,   0.00)
 |    22 Epoxy                  6   11.888   1.3000     31.5900      54.2275      0.019    11.09    0.014422    0.011493  (   0.00,  11.09,   0.00)
 |    23 CarbonFiber_50D        6   11.968   0.7500     56.1492     102.0193      0.017    11.10    0.014726    0.011660  (   0.00,  11.10,   0.00)
 |    24 Silicon               14   28.085   2.3300      9.3661      45.7533      0.032    11.14    0.018142    0.012359  (   0.00,  11.14,   0.00)
 |    25 Silicon               14   28.085   2.3300      9.3661      45.7533      0.001    11.14    0.018196    0.012371  (   0.00,  11.14,   0.00)
 |    26 Air                    7   14.784   0.0012  30528.7508   71299.2615      0.006    11.14    0.018196    0.012371  (   0.00,  11.14,   0.00)
 |    27 Kapton                 6   12.701   1.4300     28.3749      55.4761      0.004    11.15    0.018339    0.012444  (   0.00,  11.15,   0.00)
 |    28 Air                    7   14.784   0.0012  30528.7508   71299.2615      0.007    11.15    0.018339    0.012444  (   0.00,  11.15,   0.00)
 |    29 Copper                29   63.546   8.9600      1.4356      15.5142      0.000    11.15    0.018622    0.012470  (   0.00,  11.15,   0.00)
 |    30 Air                    7   14.784   0.0012  30528.7508   71299.2615      0.004    11.16    0.018622    0.012470  (   0.00,  11.16,   0.00)
 |    31 Air                    7   14.784   0.0012  30528.7508   71299.2615      4.743    15.90    0.018777    0.012536  (   0.00,  15.90,   0.00)
 |    32 Air                    7   14.784   0.0012  30528.7508   71299.2615      6.000    21.90    0.018974    0.012621  (   0.00,  21.90,   0.00)
 |    33 Air                    7   14.784   0.0012  30528.7508   71299.2615      6.000    27.90    0.019170    0.012705  (   0.00,  27.90,   0.00)
 |    34 Air                    7   14.784   0.0012  30528.7508   71299.2615      5.100    33.00    0.019337    0.012776  (   0.00,  33.00,   0.00)
 |    35 Air                    7   14.784   0.0012  30528.7508   71299.2615      8.300    41.30    0.019609    0.012893  (   0.00,  41.30,   0.00)
 |    36 CarbonFiber            6   11.968   1.5000     28.0746      51.0096      0.050    41.35    0.021390    0.013873  (   0.00,  41.35,   0.00)
 |    37 Rohacell31_15percent   6   12.079   0.0048   8616.2607   15495.4602      0.807    42.16    0.021484    0.013925  (   0.00,  42.16,   0.00)
 |    38 CarbonFiber            6   11.968   1.5000     28.0746      51.0096      0.050    42.21    0.023265    0.014905  (   0.00,  42.21,   0.00)
 |    39 Air                    7   14.784   0.0012  30528.7508   71299.2615      0.894    43.10    0.023294    0.014918  (   0.00,  43.10,   0.00)
 |    40 PEEK                   6   12.213   1.3700     30.3288      56.3795      0.020    43.12    0.023969    0.015281  (   0.00,  43.12,   0.00)
 |    41 CarbonFiber_50D        6   11.968   0.7500     56.1492     102.0193      0.016    43.14    0.024261    0.015442  (   0.00,  43.14,   0.00)
 |    42 Rohacell31_50D         6   12.079   0.0160   2584.8782    4648.6381      0.184    43.32    0.024332    0.015481  (   0.00,  43.32,   0.00)
 |    43 Epoxy                  6   11.888   1.3000     31.5900      54.2275      0.018    43.34    0.024900    0.015812  (   0.00,  43.34,   0.00)
 |    44 CarbonFiber_50D        6   11.968   0.7500     56.1492     102.0193      0.016    43.36    0.025191    0.015972  (   0.00,  43.36,   0.00)
 |    45 Silicon               14   28.085   2.3300      9.3661      45.7533      0.031    43.39    0.028471    0.016644  (   0.00,  43.39,   0.00)
 |    46 Silicon               14   28.085   2.3300      9.3661      45.7533      0.000    43.39    0.028524    0.016654  (   0.00,  43.39,   0.00)
 |    47 Air                    7   14.784   0.0012  30528.7508   71299.2615      0.005    43.39    0.028524    0.016655  (   0.00,  43.39,   0.00)
 |    48 Kapton                 6   12.701   1.4300     28.3749      55.4761      0.005    43.40    0.028708    0.016749  (   0.00,  43.40,   0.00)
 |    49 Air                    7   14.784   0.0012  30528.7508   71299.2615      0.006    43.40    0.028708    0.016749  (   0.00,  43.40,   0.00)
 |    50 Copper                29   63.546   8.9600      1.4356      15.5142      0.001    43.40    0.029079    0.016783  (   0.00,  43.40,   0.00)
 |    51 Air                    7   14.784   0.0012  30528.7508   71299.2615      0.004    43.41    0.029079    0.016783  (   0.00,  43.41,   0.00)
 |    52 Air                    7   14.784   0.0012  30528.7508   71299.2615      4.591    48.00    0.029230    0.016848  (   0.00,  48.00,   0.00)
 |    53 Air                    7   14.784   0.0012  30528.7508   71299.2615      8.100    56.10    0.029495    0.016961  (   0.00,  56.10,   0.00)
 |    54 CarbonFiber            6   11.968   1.5000     28.0746      51.0096      0.050    56.15    0.031276    0.017941  (   0.00,  56.15,   0.00)
 |    55 Rohacell31_15percent   6   12.079   0.0048   8616.2607   15495.4602      0.807    56.96    0.031370    0.017993  (   0.00,  56.96,   0.00)
 |    56 CarbonFiber            6   11.968   1.5000     28.0746      51.0096      0.050    57.01    0.033151    0.018974  (   0.00,  57.01,   0.00)
 |    57 Air                    7   14.784   0.0012  30528.7508   71299.2615      1.182    58.19    0.033189    0.018990  (   0.00,  58.19,   0.00)
 |    58 PEEK                   6   12.213   1.3700     30.3288      56.3795      0.020    58.21    0.033861    0.019351  (   0.00,  58.21,   0.00)
 |    59 CarbonFiber_50D        6   11.968   0.7500     56.1492     102.0193      0.016    58.23    0.034151    0.019511  (   0.00,  58.23,   0.00)
 |    60 Rohacell31_50D         6   12.079   0.0160   2584.8782    4648.6381      0.183    58.41    0.034222    0.019550  (   0.00,  58.41,   0.00)
 |    61 Epoxy                  6   11.888   1.3000     31.5900      54.2275      0.018    58.43    0.034786    0.019879  (   0.00,  58.43,   0.00)
 |    62 CarbonFiber_50D        6   11.968   0.7500     56.1492     102.0193      0.016    58.44    0.035076    0.020039  (   0.00,  58.44,   0.00)
 |    63 Silicon               14   28.085   2.3300      9.3661      45.7533      0.031    58.47    0.038336    0.020706  (   0.00,  58.47,   0.00)
 |    64 Silicon               14   28.085   2.3300      9.3661      45.7533      0.000    58.47    0.038388    0.020717  (   0.00,  58.47,   0.00)
 |    65 Air                    7   14.784   0.0012  30528.7508   71299.2615      0.004    58.48    0.038388    0.020717  (   0.00,  58.48,   0.00)
 |    66 Kapton                 6   12.701   1.4300     28.3749      55.4761      0.007    58.49    0.038618    0.020834  (   0.00,  58.49,   0.00)
 |    67 Air                    7   14.784   0.0012  30528.7508   71299.2615      0.005    58.49    0.038618    0.020834  (   0.00,  58.49,   0.00)
 |    68 Copper                29   63.546   8.9600      1.4356      15.5142      0.001    58.49    0.039079    0.020877  (   0.00,  58.49,   0.00)
 |    69 Air                    7   14.784   0.0012  30528.7508   71299.2615      0.004    58.49    0.039079    0.020877  (   0.00,  58.49,   0.00)
 |    70 Air                    7   14.784   0.0012  30528.7508   71299.2615      4.505    63.00    0.039227    0.020940  (   0.00,  63.00,   0.00)
 |    71 Air                    7   14.784   0.0012  30528.7508   71299.2615      2.222    65.22    0.039300    0.020971  (   0.00,  65.22,   0.00)
 |    72 Kapton                 6   12.701   1.4300     28.3749      55.4761      0.030    65.25    0.040357    0.021512  (   0.00,  65.25,   0.00)
 |    73 Polystyrene            6   11.077   1.0320     42.5383      70.1339      0.300    65.55    0.047409    0.025790  (   0.00,  65.55,   0.00)
 |    74 Lead                  82  207.200  11.3500      0.5612      18.2592      0.300    65.85    0.581971    0.042220  (   0.00,  65.85,   0.00)
 |    75 Polystyrene            6   11.077   1.0320     42.5383      70.1339      0.500    66.35    0.593725    0.049349  (   0.00,  66.35,   0.00)
 |    76 Air                    7   14.784   0.0012  30528.7508   71299.2615      0.150    66.50    0.593730    0.049351  (   0.00,  66.50,   0.00)
 |    77 Lead                  82  207.200  11.3500      0.5612      18.2592      0.300    66.80    1.128292    0.065781  (   0.00,  66.80,   0.00)
 |    78 Polystyrene            6   11.077   1.0320     42.5383      70.1339      0.500    67.30    1.140046    0.072910  (   0.00,  67.30,   0.00)
 |    79 Air                    7   14.784   0.0012  30528.7508   71299.2615      0.150    67.45    1.140051    0.072912  (   0.00,  67.45,   0.00)
 |    80 Lead                  82  207.200  11.3500      0.5612      18.2592      0.300    67.75    1.674613    0.089343  (   0.00,  67.75,   0.00)
 |    81 Polystyrene            6   11.077   1.0320     42.5383      70.1339      0.500    68.25    1.686367    0.096472  (   0.00,  68.25,   0.00)
 |    82 Air                    7   14.784   0.0012  30528.7508   71299.2615      0.150    68.40    1.686372    0.096474  (   0.00,  68.40,   0.00)
 |    83 Lead                  82  207.200  11.3500      0.5612      18.2592      0.300    68.70    2.220934    0.112904  (   0.00,  68.70,   0.00)
 |    84 Polystyrene            6   11.077   1.0320     42.5383      70.1339      0.500    69.20    2.232688    0.120033  (   0.00,  69.20,   0.00)
 |    85 Air                    7   14.784   0.0012  30528.7508   71299.2615      0.150    69.35    2.232693    0.120035  (   0.00,  69.35,   0.00)
 |    86 Lead                  82  207.200  11.3500      0.5612      18.2592      0.300    69.65    2.767255    0.136465  (   0.00,  69.65,   0.00)
 |    87 Polystyrene            6   11.077   1.0320     42.5383      70.1339      0.500    70.15    2.779009    0.143595  (   0.00,  70.15,   0.00)
 |    88 Air                    7   14.784   0.0012  30528.7508   71299.2615      0.150    70.30    2.779014    0.143597  (   0.00,  70.30,   0.00)
 |    89 Lead                  82  207.200  11.3500      0.5612      18.2592      0.300    70.60    3.313576    0.160027  (   0.00,  70.60,   0.00)
 |    90 Polystyrene            6   11.077   1.0320     42.5383      70.1339      0.500    71.10    3.325330    0.167156  (   0.00,  71.10,   0.00)
 |    91 Air                    7   14.784   0.0012  30528.7508   71299.2615      0.150    71.25    3.325335    0.167158  (   0.00,  71.25,   0.00)
 |    92 Lead                  82  207.200  11.3500      0.5612      18.2592      0.300    71.55    3.859897    0.183588  (   0.00,  71.55,   0.00)
 |    93 Polystyrene            6   11.077   1.0320     42.5383      70.1339      0.500    72.05    3.871651    0.190717  (   0.00,  72.05,   0.00)
 |    94 Air                    7   14.784   0.0012  30528.7508   71299.2615      0.150    72.20    3.871656    0.190719  (   0.00,  72.20,   0.00)
 |    95 Lead                  82  207.200  11.3500      0.5612      18.2592      0.300    72.50    4.406218    0.207150  (   0.00,  72.50,   0.00)
 |    96 Polystyrene            6   11.077   1.0320     42.5383      70.1339      0.500    73.00    4.417972    0.214279  (   0.00,  73.00,   0.00)
 |    97 Air                    7   14.784   0.0012  30528.7508   71299.2615      0.150    73.15    4.417977    0.214281  (   0.00,  73.15,   0.00)
 |    98 Lead                  82  207.200  11.3500      0.5612      18.2592      0.300    73.45    4.952539    0.230711  (   0.00,  73.45,   0.00)
 |    99 Polystyrene            6   11.077   1.0320     42.5383      70.1339      0.500    73.95    4.964293    0.237840  (   0.00,  73.95,   0.00)
 |   100 Air                    7   14.784   0.0012  30528.7508   71299.2615      0.150    74.10    4.964298    0.237842  (   0.00,  74.10,   0.00)
 |   101 Lead                  82  207.200  11.3500      0.5612      18.2592      0.400    74.50    5.677047    0.259749  (   0.00,  74.50,   0.00)
 |   102 Polystyrene            6   11.077   1.0320     42.5383      70.1339      0.500    75.00    5.688801    0.266878  (   0.00,  75.00,   0.00)
 |   103 Air                    7   14.784   0.0012  30528.7508   71299.2615      0.150    75.15    5.688806    0.266880  (   0.00,  75.15,   0.00)
 |   104 Lead                  82  207.200  11.3500      0.5612      18.2592      0.400    75.55    6.401555    0.288787  (   0.00,  75.55,   0.00)
 |   105 Polystyrene            6   11.077   1.0320     42.5383      70.1339      0.500    76.05    6.413309    0.295916  (   0.00,  76.05,   0.00)
 |   106 Air                    7   14.784   0.0012  30528.7508   71299.2615      0.150    76.20    6.413314    0.295918  (   0.00,  76.20,   0.00)
 |   107 Lead                  82  207.200  11.3500      0.5612      18.2592      0.400    76.60    7.126063    0.317825  (   0.00,  76.60,   0.00)
 |   108 Polystyrene            6   11.077   1.0320     42.5383      70.1339      0.500    77.10    7.137817    0.324954  (   0.00,  77.10,   0.00)
 |   109 Air                    7   14.784   0.0012  30528.7508   71299.2615      0.150    77.25    7.137822    0.324957  (   0.00,  77.25,   0.00)
 |   110 Lead                  82  207.200  11.3500      0.5612      18.2592      0.400    77.65    7.850572    0.346863  (   0.00,  77.65,   0.00)
 |   111 Polystyrene            6   11.077   1.0320     42.5383      70.1339      0.500    78.15    7.862326    0.353992  (   0.00,  78.15,   0.00)
 |   112 Air                    7   14.784   0.0012  30528.7508   71299.2615      0.150    78.30    7.862331    0.353995  (   0.00,  78.30,   0.00)
 |   113 Lead                  82  207.200  11.3500      0.5612      18.2592      0.400    78.70    8.575080    0.375901  (   0.00,  78.70,   0.00)
 |   114 Polystyrene            6   11.077   1.0320     42.5383      70.1339      0.500    79.20    8.586834    0.383031  (   0.00,  79.20,   0.00)
 |   115 Air                    7   14.784   0.0012  30528.7508   71299.2615      0.150    79.35    8.586839    0.383033  (   0.00,  79.35,   0.00)
 |   116 Lead                  82  207.200  11.3500      0.5612      18.2592      0.400    79.75    9.299588    0.404939  (   0.00,  79.75,   0.00)
 |   117 Polystyrene            6   11.077   1.0320     42.5383      70.1339      0.500    80.25    9.311342    0.412069  (   0.00,  80.25,   0.00)
 |   118 Air                    7   14.784   0.0012  30528.7508   71299.2615      0.150    80.40    9.311347    0.412071  (   0.00,  80.40,   0.00)
 |   119 Lead                  82  207.200  11.3500      0.5612      18.2592      0.400    80.80   10.024096    0.433978  (   0.00,  80.80,   0.00)
 |   120 Polystyrene            6   11.077   1.0320     42.5383      70.1339      0.500    81.30   10.035850    0.441107  (   0.00,  81.30,   0.00)
 |   121 Air                    7   14.784   0.0012  30528.7508   71299.2615      0.150    81.45   10.035855    0.441109  (   0.00,  81.45,   0.00)
 |   122 Lead                  82  207.200  11.3500      0.5612      18.2592      0.400    81.85   10.748605    0.463016  (   0.00,  81.85,   0.00)
 |   123 Polystyrene            6   11.077   1.0320     42.5383      70.1339      0.500    82.35   10.760359    0.470145  (   0.00,  82.35,   0.00)
 |   124 Air                    7   14.784   0.0012  30528.7508   71299.2615      0.150    82.50   10.760364    0.470147  (   0.00,  82.50,   0.00)
 |   125 Lead                  82  207.200  11.3500      0.5612      18.2592      0.400    82.90   11.473113    0.492054  (   0.00,  82.90,   0.00)
 |   126 Polystyrene            6   11.077   1.0320     42.5383      70.1339      0.500    83.40   11.484867    0.499183  (   0.00,  83.40,   0.00)
 |   127 Air                    7   14.784   0.0012  30528.7508   71299.2615      0.150    83.55   11.484872    0.499185  (   0.00,  83.55,   0.00)
 |   128 Lead                  82  207.200  11.3500      0.5612      18.2592      0.400    83.95   12.197621    0.521092  (   0.00,  83.95,   0.00)
 |   129 Polystyrene            6   11.077   1.0320     42.5383      70.1339      0.500    84.45   12.209375    0.528221  (   0.00,  84.45,   0.00)
 |   130 Air                    7   14.784   0.0012  30528.7508   71299.2615      0.150    84.60   12.209380    0.528223  (   0.00,  84.60,   0.00)
 |   131 Lead                  82  207.200  11.3500      0.5612      18.2592      0.400    85.00   12.922129    0.550130  (   0.00,  85.00,   0.00)
 |   132 Polystyrene            6   11.077   1.0320     42.5383      70.1339      0.500    85.50   12.933883    0.557259  (   0.00,  85.50,   0.00)
 |   133 Air                    7   14.784   0.0012  30528.7508   71299.2615      0.150    85.65   12.933888    0.557261  (   0.00,  85.65,   0.00)
 |   134 Lead                  82  207.200  11.3500      0.5612      18.2592      0.400    86.05   13.646637    0.579168  (   0.00,  86.05,   0.00)
 |   135 Polystyrene            6   11.077   1.0320     42.5383      70.1339      0.500    86.55   13.658392    0.586297  (   0.00,  86.55,   0.00)
 |   136 Air                    7   14.784   0.0012  30528.7508   71299.2615      0.150    86.70   13.658396    0.586299  (   0.00,  86.70,   0.00)
 |   137 Lead                  82  207.200  11.3500      0.5612      18.2592      0.400    87.10   14.371146    0.608206  (   0.00,  87.10,   0.00)
 |   138 Polystyrene            6   11.077   1.0320     42.5383      70.1339      0.500    87.60   14.382900    0.615335  (   0.00,  87.60,   0.00)
 |   139 Air                    7   14.784   0.0012  30528.7508   71299.2615      0.150    87.75   14.382905    0.615337  (   0.00,  87.75,   0.00)
 |   140 Lead                  82  207.200  11.3500      0.5612      18.2592      0.400    88.15   15.095654    0.637244  (   0.00,  88.15,   0.00)
 |   141 Polystyrene            6   11.077   1.0320     42.5383      70.1339      0.500    88.65   15.107408    0.644373  (   0.00,  88.65,   0.00)
 |   142 Air                    7   14.784   0.0012  30528.7508   71299.2615      0.150    88.80   15.107413    0.644376  (   0.00,  88.80,   0.00)
 |   143 Lead                  82  207.200  11.3500      0.5612      18.2592      0.600    89.40   16.176537    0.677236  (   0.00,  89.40,   0.00)
 |   144 Polystyrene            6   11.077   1.0320     42.5383      70.1339      0.500    89.90   16.188291    0.684365  (   0.00,  89.90,   0.00)
 |   145 Air                    7   14.784   0.0012  30528.7508   71299.2615      0.150    90.05   16.188296    0.684367  (   0.00,  90.05,   0.00)
 |   146 Lead                  82  207.200  11.3500      0.5612      18.2592      0.600    90.65   17.257420    0.717227  (   0.00,  90.65,   0.00)
 |   147 Polystyrene            6   11.077   1.0320     42.5383      70.1339      0.500    91.15   17.269174    0.724356  (   0.00,  91.15,   0.00)
 |   148 Air                    7   14.784   0.0012  30528.7508   71299.2615      0.150    91.30   17.269179    0.724358  (   0.00,  91.30,   0.00)
 |   149 Lead                  82  207.200  11.3500      0.5612      18.2592      0.600    91.90   18.338302    0.757219  (   0.00,  91.90,   0.00)
 |   150 Polystyrene            6   11.077   1.0320     42.5383      70.1339      0.500    92.40   18.350056    0.764348  (   0.00,  92.40,   0.00)
 |   151 Air                    7   14.784   0.0012  30528.7508   71299.2615      0.150    92.55   18.350061    0.764350  (   0.00,  92.55,   0.00)
 |   152 Lead                  82  207.200  11.3500      0.5612      18.2592      0.600    93.15   19.419185    0.797210  (   0.00,  93.15,   0.00)
 |   153 Polystyrene            6   11.077   1.0320     42.5383      70.1339      0.500    93.65   19.430939    0.804339  (   0.00,  93.65,   0.00)
 |   154 Air                    7   14.784   0.0012  30528.7508   71299.2615      0.150    93.80   19.430944    0.804341  (   0.00,  93.80,   0.00)
 |   155 Lead                  82  207.200  11.3500      0.5612      18.2592      0.600    94.40   20.500068    0.837202  (   0.00,  94.40,   0.00)
 |   156 Polystyrene            6   11.077   1.0320     42.5383      70.1339      0.500    94.90   20.511822    0.844331  (   0.00,  94.90,   0.00)
 |   157 Air                    7   14.784   0.0012  30528.7508   71299.2615      0.150    95.05   20.511827    0.844333  (   0.00,  95.05,   0.00)
 |   158 Lead                  82  207.200  11.3500      0.5612      18.2592      0.600    95.65   21.580951    0.877193  (   0.00,  95.65,   0.00)
 |   159 Polystyrene            6   11.077   1.0320     42.5383      70.1339      0.500    96.15   21.592705    0.884322  (   0.00,  96.15,   0.00)
 |   160 Air                    7   14.784   0.0012  30528.7508   71299.2615      0.150    96.30   21.592710    0.884324  (   0.00,  96.30,   0.00)
 |   161 Lead                  82  207.200  11.3500      0.5612      18.2592      0.600    96.90   22.661834    0.917185  (   0.00,  96.90,   0.00)
 |   162 Polystyrene            6   11.077   1.0320     42.5383      70.1339      0.500    97.40   22.673588    0.924314  (   0.00,  97.40,   0.00)
 |   163 Air                    7   14.784   0.0012  30528.7508   71299.2615      0.150    97.55   22.673593    0.924316  (   0.00,  97.55,   0.00)
 |   164 Lead                  82  207.200  11.3500      0.5612      18.2592      0.600    98.15   23.742717    0.957176  (   0.00,  98.15,   0.00)
 |   165 Polystyrene            6   11.077   1.0320     42.5383      70.1339      0.500    98.65   23.754471    0.964305  (   0.00,  98.65,   0.00)
 |   166 Air                    7   14.784   0.0012  30528.7508   71299.2615      0.150    98.80   23.754476    0.964307  (   0.00,  98.80,   0.00)
 |   167 Lead                  82  207.200  11.3500      0.5612      18.2592      0.600    99.40   24.823599    0.997167  (   0.00,  99.40,   0.00)
 |   168 Polystyrene            6   11.077   1.0320     42.5383      70.1339      0.500    99.90   24.835353    1.004297  (   0.00,  99.90,   0.00)
 |   169 Air                    7   14.784   0.0012  30528.7508   71299.2615      0.150   100.05   24.835358    1.004299  (   0.00, 100.05,   0.00)
 |   170 Lead                  82  207.200  11.3500      0.5612      18.2592      0.600   100.65   25.904482    1.037159  (   0.00, 100.65,   0.00)
 |   171 Polystyrene            6   11.077   1.0320     42.5383      70.1339      0.500   101.15   25.916236    1.044288  (   0.00, 101.15,   0.00)
 |   172 Air                    7   14.784   0.0012  30528.7508   71299.2615      0.150   101.30   25.916241    1.044290  (   0.00, 101.30,   0.00)
 |   173 Lead                  82  207.200  11.3500      0.5612      18.2592      0.600   101.90   26.985365    1.077150  (   0.00, 101.90,   0.00)
 |   174 Polystyrene            6   11.077   1.0320     42.5383      70.1339      0.500   102.40   26.997119    1.084280  (   0.00, 102.40,   0.00)
 |   175 Air                    7   14.784   0.0012  30528.7508   71299.2615      0.150   102.55   26.997124    1.084282  (   0.00, 102.55,   0.00)
 |   176 Lead                  82  207.200  11.3500      0.5612      18.2592      0.600   103.15   28.066248    1.117142  (   0.00, 103.15,   0.00)
 |   177 Polystyrene            6   11.077   1.0320     42.5383      70.1339      0.500   103.65   28.078002    1.124271  (   0.00, 103.65,   0.00)
 |   178 Air                    7   14.784   0.0012  30528.7508   71299.2615      0.150   103.80   28.078007    1.124273  (   0.00, 103.80,   0.00)
 |   179 Lead                  82  207.200  11.3500      0.5612      18.2592      0.600   104.40   29.147131    1.157133  (   0.00, 104.40,   0.00)
 |   180 Polystyrene            6   11.077   1.0320     42.5383      70.1339      0.500   104.90   29.158885    1.164263  (   0.00, 104.90,   0.00)
 |   181 Air                    7   14.784   0.0012  30528.7508   71299.2615      0.150   105.05   29.158890    1.164265  (   0.00, 105.05,   0.00)
 |   182 Lead                  82  207.200  11.3500      0.5612      18.2592      0.600   105.65   30.228013    1.197125  (   0.00, 105.65,   0.00)
 |   183 Polystyrene            6   11.077   1.0320     42.5383      70.1339      0.500   106.15   30.239768    1.204254  (   0.00, 106.15,   0.00)
 |   184 Air                    7   14.784   0.0012  30528.7508   71299.2615      0.150   106.30   30.239773    1.204256  (   0.00, 106.30,   0.00)
 |   185 Air                    7   14.784   0.0012  30528.7508   71299.2615     17.013   123.32   30.240330    1.204495  (   0.00, 123.32,   0.00)
 |   186 Aluminum              13   26.982   2.6990      8.8963      38.8767      3.000   126.32   30.577547    1.281662  (   0.00, 126.32,   0.00)
 |   187 Vacuum                 7   14.784   0.0000 3.66345e+11  8.55591e+11      1.500   127.82   30.577547    1.281662  (   0.00, 127.82,   0.00)
 |   188 Aluminum              13   26.982   2.6990      8.8963      38.8767      3.000   130.82   30.914765    1.358829  (   0.00, 130.82,   0.00)
 |   189 Air                    7   14.784   0.0012  30528.7508   71299.2615      2.000   132.82   30.914831    1.358857  (   0.00, 132.82,   0.00)
 |   190 Aluminum              13   26.982   2.6990      8.8963      38.8767      6.000   138.82   31.589266    1.513191  (   0.00, 138.82,   0.00)
 |   191 Aluminum              13   26.982   2.6990      8.8963      38.8767      5.000   143.82   32.151296    1.641803  (   0.00, 143.82,   0.00)
 |   192 Air                    7   14.784   0.0012  30528.7508   71299.2615      6.500   150.32   32.151508    1.641894  (   0.00, 150.32,   0.00)
 |   193 Aluminum              13   26.982   2.6990      8.8963      38.8767      1.500   151.82   32.320117    1.680477  (   0.00, 151.82,   0.00)
 |   194 Aluminum              13   26.982   2.6990      8.8963      38.8767      3.000   154.82   32.657335    1.757645  (   0.00, 154.82,   0.00)
 |   195 Vacuum                 7   14.784   0.0000 3.66345e+11  8.55591e+11      3.000   157.82   32.657335    1.757645  (   0.00, 157.82,   0.00)
 |   196 Aluminum              13   26.982   2.6990      8.8963      38.8767      4.000   161.82   33.106959    1.860534  (   0.00, 161.82,   0.00)
 |   197 Air                    7   14.784   0.0012  30528.7508   71299.2615      0.500   162.32   33.106975    1.860541  (   0.00, 162.32,   0.00)
 |   198 Steel235              26   55.757   7.8500      1.7652      16.9882     10.000   172.32   38.771897    2.449186  (   0.00, 172.32,   0.00)
 |   199 Polystyrene            6   11.077   1.0320     42.5383      70.1339      0.500   172.82   38.783651    2.456315  (   0.00, 172.82,   0.00)
 |   200 Air                    7   14.784   0.0012  30528.7508   71299.2615      0.150   172.97   38.783656    2.456317  (   0.00, 172.97,   0.00)
 |   201 Steel235              26   55.757   7.8500      1.7652      16.9882     10.000   182.97   44.448577    3.044962  (   0.00, 182.97,   0.00)
 |   202 Polystyrene            6   11.077   1.0320     42.5383      70.1339      0.500   183.47   44.460332    3.052091  (   0.00, 183.47,   0.00)
 |   203 Air                    7   14.784   0.0012  30528.7508   71299.2615      0.150   183.62   44.460337    3.052093  (   0.00, 183.62,   0.00)
 |   204 Steel235              26   55.757   7.8500      1.7652      16.9882     10.000   193.62   50.125258    3.640738  (   0.00, 193.62,   0.00)
 |   205 Polystyrene            6   11.077   1.0320     42.5383      70.1339      0.500   194.12   50.137012    3.647867  (   0.00, 194.12,   0.00)
 |   206 Air                    7   14.784   0.0012  30528.7508   71299.2615      0.150   194.27   50.137017    3.647869  (   0.00, 194.27,   0.00)
 |   207 Steel235              26   55.757   7.8500      1.7652      16.9882     12.500   206.77   57.218169    4.383675  (   0.00, 206.77,   0.00)
 |   208 Polystyrene            6   11.077   1.0320     42.5383      70.1339      0.500   207.27   57.229924    4.390804  (   0.00, 207.27,   0.00)
 |   209 Air                    7   14.784   0.0012  30528.7508   71299.2615      0.150   207.42   57.229928    4.390806  (   0.00, 207.42,   0.00)
 |   210 Steel235              26   55.757   7.8500      1.7652      16.9882     12.500   219.92   64.311081    5.126612  (   0.00, 219.92,   0.00)
 |   211 Polystyrene            6   11.077   1.0320     42.5383      70.1339      0.500   220.42   64.322835    5.133741  (   0.00, 220.42,   0.00)
 |   212 Air                    7   14.784   0.0012  30528.7508   71299.2615      0.150   220.57   64.322840    5.133743  (   0.00, 220.57,   0.00)
 |   213 Steel235              26   55.757   7.8500      1.7652      16.9882     12.500   233.07   71.403992    5.869549  (   0.00, 233.07,   0.00)
 |   214 Polystyrene            6   11.077   1.0320     42.5383      70.1339      0.500   233.57   71.415746    5.876678  (   0.00, 233.57,   0.00)
 |   215 Air                    7   14.784   0.0012  30528.7508   71299.2615      0.150   233.72   71.415751    5.876680  (   0.00, 233.72,   0.00)
 |   216 Steel235              26   55.757   7.8500      1.7652      16.9882     15.000   248.72   79.913133    6.759647  (   0.00, 248.72,   0.00)
 |   217 Polystyrene            6   11.077   1.0320     42.5383      70.1339      0.500   249.22   79.924888    6.766777  (   0.00, 249.22,   0.00)
 |   218 Air                    7   14.784   0.0012  30528.7508   71299.2615      0.150   249.37   79.924893    6.766779  (   0.00, 249.37,   0.00)
 |   219 Steel235              26   55.757   7.8500      1.7652      16.9882     15.000   264.37   88.422275    7.649746  (   0.00, 264.37,   0.00)
 |   220 Polystyrene            6   11.077   1.0320     42.5383      70.1339      0.500   264.87   88.434029    7.656875  (   0.00, 264.87,   0.00)
 |   221 Air                    7   14.784   0.0012  30528.7508   71299.2615      0.150   265.02   88.434034    7.656877  (   0.00, 265.02,   0.00)
 |   222 Steel235              26   55.757   7.8500      1.7652      16.9882     15.000   280.02   96.931417    8.539844  (   0.00, 280.02,   0.00)
 |   223 Polystyrene            6   11.077   1.0320     42.5383      70.1339      0.500   280.52   96.943171    8.546973  (   0.00, 280.52,   0.00)
 |   224 Air                    7   14.784   0.0012  30528.7508   71299.2615      0.150   280.67   96.943176    8.546975  (   0.00, 280.67,   0.00)
 |   225 Steel235              26   55.757   7.8500      1.7652      16.9882     15.000   295.67  105.440558    9.429942  (   0.00, 295.67,   0.00)
 |   226 Polystyrene            6   11.077   1.0320     42.5383      70.1339      0.500   296.17  105.452312    9.437072  (   0.00, 296.17,   0.00)
 |   227 Air                    7   14.784   0.0012  30528.7508   71299.2615      0.150   296.32  105.452317    9.437074  (   0.00, 296.32,   0.00)
 |   228 Steel235              26   55.757   7.8500      1.7652      16.9882     15.000   311.32  113.949700   10.320041  (   0.00, 311.32,   0.00)
 |   229 Polystyrene            6   11.077   1.0320     42.5383      70.1339      0.500   311.82  113.961454   10.327170  (   0.00, 311.82,   0.00)
 |   230 Air                    7   14.784   0.0012  30528.7508   71299.2615      0.150   311.97  113.961459   10.327172  (   0.00, 311.97,   0.00)
 |   231 Air                    7   14.784   0.0012  30528.7508   71299.2615     24.469   336.43  113.962261   10.327515  (   0.00, 336.43,   0.00)
 |   232 Aluminum              13   26.982   2.6990      8.8963      38.8767      0.100   336.53  113.973501   10.330088  (   0.00, 336.53,   0.00)
 |   233 Air                    7   14.784   0.0012  30528.7508   71299.2615      0.350   336.88  113.973513   10.330092  (   0.00, 336.88,   0.00)
 |   234 PyrexGlass            10   20.495   2.2300     12.6748      42.3068      0.200   337.08  113.989292   10.334820  (   0.00, 337.08,   0.00)
 |   235 RPCGasDefault          8   16.809   0.0037   9559.7023   23347.6182      0.200   337.28  113.989313   10.334828  (   0.00, 337.28,   0.00)
 |   236 PyrexGlass            10   20.495   2.2300     12.6748      42.3068      0.200   337.48  114.005092   10.339556  (   0.00, 337.48,   0.00)
 |   237 Air                    7   14.784   0.0012  30528.7508   71299.2615      0.350   337.83  114.005104   10.339561  (   0.00, 337.83,   0.00)
 |   238 Aluminum              13   26.982   2.6990      8.8963      38.8767      0.100   337.93  114.016344   10.342133  (   0.00, 337.93,   0.00)
 |   239 Aluminum              13   26.982   2.6990      8.8963      38.8767      0.100   338.03  114.027585   10.344705  (   0.00, 338.03,   0.00)
 |   240 Air                    7   14.784   0.0012  30528.7508   71299.2615      0.350   338.38  114.027596   10.344710  (   0.00, 338.38,   0.00)
 |   241 PyrexGlass            10   20.495   2.2300     12.6748      42.3068      0.200   338.58  114.043376   10.349437  (   0.00, 338.58,   0.00)
 |   242 RPCGasDefault          8   16.809   0.0037   9559.7023   23347.6182      0.200   338.78  114.043397   10.349446  (   0.00, 338.78,   0.00)
 |   243 PyrexGlass            10   20.495   2.2300     12.6748      42.3068      0.200   338.98  114.059176   10.354173  (   0.00, 338.98,   0.00)
 |   244 Air                    7   14.784   0.0012  30528.7508   71299.2615      0.350   339.33  114.059187   10.354178  (   0.00, 339.33,   0.00)
 |   245 Aluminum              13   26.982   2.6990      8.8963      38.8767      0.100   339.43  114.070428   10.356751  (   0.00, 339.43,   0.00)
 |   246 Air                    7   14.784   0.0012  30528.7508   71299.2615      1.000   340.43  114.070461   10.356765  (   0.00, 340.43,   0.00)
 |   247 Iron                  26   55.845   7.8740      1.7575      16.9589      5.000   345.43  116.915427   10.651595  (   0.00, 345.43,   0.00)
 |   248 Aluminum              13   26.982   2.6990      8.8963      38.8767      0.100   345.53  116.926668   10.654167  (   0.00, 345.53,   0.00)
 |   249 Air                    7   14.784   0.0012  30528.7508   71299.2615      0.350   345.88  116.926679   10.654172  (   0.00, 345.88,   0.00)
 |   250 PyrexGlass            10   20.495   2.2300     12.6748      42.3068      0.200   346.08  116.942459   10.658899  (   0.00, 346.08,   0.00)
 |   251 RPCGasDefault          8   16.809   0.0037   9559.7023   23347.6182      0.200   346.28  116.942480   10.658908  (   0.00, 346.28,   0.00)
 |   252 PyrexGlass            10   20.495   2.2300     12.6748      42.3068      0.200   346.48  116.958259   10.663635  (   0.00, 346.48,   0.00)
 |   253 Air                    7   14.784   0.0012  30528.7508   71299.2615      0.350   346.83  116.958270   10.663640  (   0.00, 346.83,   0.00)
 |   254 Aluminum              13   26.982   2.6990      8.8963      38.8767      0.100   346.93  116.969511   10.666212  (   0.00, 346.93,   0.00)
 |   255 Aluminum              13   26.982   2.6990      8.8963      38.8767      0.100   347.03  116.980752   10.668784  (   0.00, 347.03,   0.00)
 |   256 Air                    7   14.784   0.0012  30528.7508   71299.2615      0.350   347.38  116.980763   10.668789  (   0.00, 347.38,   0.00)
 |   257 PyrexGlass            10   20.495   2.2300     12.6748      42.3068      0.200   347.58  116.996542   10.673517  (   0.00, 347.58,   0.00)
 |   258 RPCGasDefault          8   16.809   0.0037   9559.7023   23347.6182      0.200   347.78  116.996563   10.673525  (   0.00, 347.78,   0.00)
 |   259 PyrexGlass            10   20.495   2.2300     12.6748      42.3068      0.200   347.98  117.012343   10.678253  (   0.00, 347.98,   0.00)
 |   260 Air                    7   14.784   0.0012  30528.7508   71299.2615      0.350   348.33  117.012354   10.678258  (   0.00, 348.33,   0.00)
 |   261 Aluminum              13   26.982   2.6990      8.8963      38.8767      0.100   348.43  117.023595   10.680830  (   0.00, 348.43,   0.00)
 |   262 Air                    7   14.784   0.0012  30528.7508   71299.2615      1.000   349.43  117.023628   10.680844  (   0.00, 349.43,   0.00)
 |   263 Iron                  26   55.845   7.8740      1.7575      16.9589     20.000   369.43  128.403493   11.860164  (   0.00, 369.43,   0.00)
 |   264 Aluminum              13   26.982   2.6990      8.8963      38.8767      0.100   369.53  128.414734   11.862736  (   0.00, 369.53,   0.00)
 |   265 Air                    7   14.784   0.0012  30528.7508   71299.2615      0.350   369.88  128.414745   11.862741  (   0.00, 369.88,   0.00)
 |   266 PyrexGlass            10   20.495   2.2300     12.6748      42.3068      0.200   370.08  128.430525   11.867469  (   0.00, 370.08,   0.00)
 |   267 RPCGasDefault          8   16.809   0.0037   9559.7023   23347.6182      0.200   370.28  128.430545   11.867477  (   0.00, 370.28,   0.00)
 |   268 PyrexGlass            10   20.495   2.2300     12.6748      42.3068      0.200   370.48  128.446325   11.872204  (   0.00, 370.48,   0.00)
 |   269 Air                    7   14.784   0.0012  30528.7508   71299.2615      0.350   370.83  128.446336   11.872209  (   0.00, 370.83,   0.00)
 |   270 Aluminum              13   26.982   2.6990      8.8963      38.8767      0.100   370.93  128.457577   11.874782  (   0.00, 370.93,   0.00)
 |   271 Aluminum              13   26.982   2.6990      8.8963      38.8767      0.100   371.03  128.468817   11.877354  (   0.00, 371.03,   0.00)
 |   272 Air                    7   14.784   0.0012  30528.7508   71299.2615      0.350   371.38  128.468829   11.877359  (   0.00, 371.38,   0.00)
 |   273 PyrexGlass            10   20.495   2.2300     12.6748      42.3068      0.200   371.58  128.484608   11.882086  (   0.00, 371.58,   0.00)
 |   274 RPCGasDefault          8   16.809   0.0037   9559.7023   23347.6182      0.200   371.78  128.484629   11.882095  (   0.00, 371.78,   0.00)
 |   275 PyrexGlass            10   20.495   2.2300     12.6748      42.3068      0.200   371.98  128.500409   11.886822  (   0.00, 371.98,   0.00)
 |   276 Air                    7   14.784   0.0012  30528.7508   71299.2615      0.350   372.33  128.500420   11.886827  (   0.00, 372.33,   0.00)
 |   277 Aluminum              13   26.982   2.6990      8.8963      38.8767      0.100   372.43  128.511661   11.889399  (   0.00, 372.43,   0.00)
 |   278 Air                    7   14.784   0.0012  30528.7508   71299.2615      1.000   373.43  128.511693   11.889413  (   0.00, 373.43,   0.00)
 |   279 Iron                  26   55.845   7.8740      1.7575      16.9589     10.000   383.43  134.201626   12.479073  (   0.00, 383.43,   0.00)
 |   280 Aluminum              13   26.982   2.6990      8.8963      38.8767      0.100   383.53  134.212867   12.481646  (   0.00, 383.53,   0.00)
 |   281 Air                    7   14.784   0.0012  30528.7508   71299.2615      0.350   383.88  134.212878   12.481650  (   0.00, 383.88,   0.00)
 |   282 PyrexGlass            10   20.495   2.2300     12.6748      42.3068      0.200   384.08  134.228658   12.486378  (   0.00, 384.08,   0.00)
 |   283 RPCGasDefault          8   16.809   0.0037   9559.7023   23347.6182      0.200   384.28  134.228679   12.486386  (   0.00, 384.28,   0.00)
 |   284 PyrexGlass            10   20.495   2.2300     12.6748      42.3068      0.200   384.48  134.244458   12.491114  (   0.00, 384.48,   0.00)
 |   285 Air                    7   14.784   0.0012  30528.7508   71299.2615      0.350   384.83  134.244469   12.491119  (   0.00, 384.83,   0.00)
 |   286 Aluminum              13   26.982   2.6990      8.8963      38.8767      0.100   384.93  134.255710   12.493691  (   0.00, 384.93,   0.00)
 |   287 Aluminum              13   26.982   2.6990      8.8963      38.8767      0.100   385.03  134.266951   12.496263  (   0.00, 385.03,   0.00)
 |   288 Air                    7   14.784   0.0012  30528.7508   71299.2615      0.350   385.38  134.266962   12.496268  (   0.00, 385.38,   0.00)
 |   289 PyrexGlass            10   20.495   2.2300     12.6748      42.3068      0.200   385.58  134.282741   12.500995  (   0.00, 385.58,   0.00)
 |   290 RPCGasDefault          8   16.809   0.0037   9559.7023   23347.6182      0.200   385.78  134.282762   12.501004  (   0.00, 385.78,   0.00)
 |   291 PyrexGlass            10   20.495   2.2300     12.6748      42.3068      0.200   385.98  134.298542   12.505731  (   0.00, 385.98,   0.00)
 |   292 Air                    7   14.784   0.0012  30528.7508   71299.2615      0.350   386.33  134.298553   12.505736  (   0.00, 386.33,   0.00)
 |   293 Aluminum              13   26.982   2.6990      8.8963      38.8767      0.100   386.43  134.309794   12.508309  (   0.00, 386.43,   0.00)
 |   294 Air                    7   14.784   0.0012  30528.7508   71299.2615      1.000   387.43  134.309826   12.508323  (   0.00, 387.43,   0.00)
 |   295 Iron                  26   55.845   7.8740      1.7575      16.9589     10.000   397.43  139.999759   13.097983  (   0.00, 397.43,   0.00)
 |   296 Aluminum              13   26.982   2.6990      8.8963      38.8767      0.100   397.53  140.011000   13.100555  (   0.00, 397.53,   0.00)
 |   297 Air                    7   14.784   0.0012  30528.7508   71299.2615      0.350   397.88  140.011011   13.100560  (   0.00, 397.88,   0.00)
 |   298 PyrexGlass            10   20.495   2.2300     12.6748      42.3068      0.200   398.08  140.026791   13.105287  (   0.00, 398.08,   0.00)
 |   299 RPCGasDefault          8   16.809   0.0037   9559.7023   23347.6182      0.200   398.28  140.026812   13.105296  (   0.00, 398.28,   0.00)
 |   300 PyrexGlass            10   20.495   2.2300     12.6748      42.3068      0.200   398.48  140.042591   13.110023  (   0.00, 398.48,   0.00)
 |   301 Air                    7   14.784   0.0012  30528.7508   71299.2615      0.350   398.83  140.042602   13.110028  (   0.00, 398.83,   0.00)
 |   302 Aluminum              13   26.982   2.6990      8.8963      38.8767      0.100   398.93  140.053843   13.112600  (   0.00, 398.93,   0.00)
 |   303 Aluminum              13   26.982   2.6990      8.8963      38.8767      0.100   399.03  140.065084   13.115172  (   0.00, 399.03,   0.00)
 |   304 Air                    7   14.784   0.0012  30528.7508   71299.2615      0.350   399.38  140.065095   13.115177  (   0.00, 399.38,   0.00)
 |   305 PyrexGlass            10   20.495   2.2300     12.6748      42.3068      0.200   399.58  140.080874   13.119905  (   0.00, 399.58,   0.00)
 |   306 RPCGasDefault          8   16.809   0.0037   9559.7023   23347.6182      0.200   399.78  140.080895   13.119913  (   0.00, 399.78,   0.00)
 |   307 PyrexGlass            10   20.495   2.2300     12.6748      42.3068      0.200   399.98  140.096675   13.124641  (   0.00, 399.98,   0.00)
 |   308 Air                    7   14.784   0.0012  30528.7508   71299.2615      0.350   400.33  140.096686   13.124646  (   0.00, 400.33,   0.00)
 |   309 Aluminum              13   26.982   2.6990      8.8963      38.8767      0.100   400.43  140.107927   13.127218  (   0.00, 400.43,   0.00)
 |   310 Air                    7   14.784   0.0012  30528.7508   71299.2615      1.000   401.43  140.107960   13.127232  (   0.00, 401.43,   0.00)
 |   311 Iron                  26   55.845   7.8740      1.7575      16.9589     10.000   411.43  145.797892   13.716892  (   0.00, 411.43,   0.00)
 |   312 Aluminum              13   26.982   2.6990      8.8963      38.8767      0.100   411.53  145.809133   13.719464  (   0.00, 411.53,   0.00)
 |   313 Air                    7   14.784   0.0012  30528.7508   71299.2615      0.350   411.88  145.809144   13.719469  (   0.00, 411.88,   0.00)
 |   314 PyrexGlass            10   20.495   2.2300     12.6748      42.3068      0.200   412.08  145.824924   13.724197  (   0.00, 412.08,   0.00)
 |   315 RPCGasDefault          8   16.809   0.0037   9559.7023   23347.6182      0.200   412.28  145.824945   13.724205  (   0.00, 412.28,   0.00)
 |   316 PyrexGlass            10   20.495   2.2300     12.6748      42.3068      0.200   412.48  145.840724   13.728932  (   0.00, 412.48,   0.00)
 |   317 Air                    7   14.784   0.0012  30528.7508   71299.2615      0.350   412.83  145.840736   13.728937  (   0.00, 412.83,   0.00)
 |   318 Aluminum              13   26.982   2.6990      8.8963      38.8767      0.100   412.93  145.851976   13.731510  (   0.00, 412.93,   0.00)
 |   319 Aluminum              13   26.982   2.6990      8.8963      38.8767      0.100   413.03  145.863217   13.734082  (   0.00, 413.03,   0.00)
 |   320 Air                    7   14.784   0.0012  30528.7508   71299.2615      0.350   413.38  145.863228   13.734087  (   0.00, 413.38,   0.00)
 |   321 PyrexGlass            10   20.495   2.2300     12.6748      42.3068      0.200   413.58  145.879008   13.738814  (   0.00, 413.58,   0.00)
 |   322 RPCGasDefault          8   16.809   0.0037   9559.7023   23347.6182      0.200   413.78  145.879028   13.738823  (   0.00, 413.78,   0.00)
 |   323 PyrexGlass            10   20.495   2.2300     12.6748      42.3068      0.200   413.98  145.894808   13.743550  (   0.00, 413.98,   0.00)
 |   324 Air                    7   14.784   0.0012  30528.7508   71299.2615      0.350   414.33  145.894819   13.743555  (   0.00, 414.33,   0.00)
 |   325 Aluminum              13   26.982   2.6990      8.8963      38.8767      0.100   414.43  145.906060   13.746127  (   0.00, 414.43,   0.00)
 |   326 Air                    7   14.784   0.0012  30528.7508   71299.2615      1.000   415.43  145.906093   13.746141  (   0.00, 415.43,   0.00)
 |   327 Iron                  26   55.845   7.8740      1.7575      16.9589     10.000   425.43  151.596025   14.335801  (   0.00, 425.43,   0.00)
 |   328 Aluminum              13   26.982   2.6990      8.8963      38.8767      0.100   425.53  151.607266   14.338374  (   0.00, 425.53,   0.00)
 |   329 Air                    7   14.784   0.0012  30528.7508   71299.2615      0.350   425.88  151.607277   14.338378  (   0.00, 425.88,   0.00)
 |   330 PyrexGlass            10   20.495   2.2300     12.6748      42.3068      0.200   426.08  151.623057   14.343106  (   0.00, 426.08,   0.00)
 |   331 RPCGasDefault          8   16.809   0.0037   9559.7023   23347.6182      0.200   426.28  151.623078   14.343114  (   0.00, 426.28,   0.00)
 |   332 PyrexGlass            10   20.495   2.2300     12.6748      42.3068      0.200   426.48  151.638857   14.347842  (   0.00, 426.48,   0.00)
 |   333 Air                    7   14.784   0.0012  30528.7508   71299.2615      0.350   426.83  151.638869   14.347847  (   0.00, 426.83,   0.00)
 |   334 Aluminum              13   26.982   2.6990      8.8963      38.8767      0.100   426.93  151.650109   14.350419  (   0.00, 426.93,   0.00)
 |   335 Aluminum              13   26.982   2.6990      8.8963      38.8767      0.100   427.03  151.661350   14.352991  (   0.00, 427.03,   0.00)
 |   336 Air                    7   14.784   0.0012  30528.7508   71299.2615      0.350   427.38  151.661361   14.352996  (   0.00, 427.38,   0.00)
 |   337 PyrexGlass            10   20.495   2.2300     12.6748      42.3068      0.200   427.58  151.677141   14.357723  (   0.00, 427.58,   0.00)
 |   338 RPCGasDefault          8   16.809   0.0037   9559.7023   23347.6182      0.200   427.78  151.677162   14.357732  (   0.00, 427.78,   0.00)
 |   339 PyrexGlass            10   20.495   2.2300     12.6748      42.3068      0.200   427.98  151.692941   14.362459  (   0.00, 427.98,   0.00)
 |   340 Air                    7   14.784   0.0012  30528.7508   71299.2615      0.350   428.33  151.692952   14.362464  (   0.00, 428.33,   0.00)
 |   341 Aluminum              13   26.982   2.6990      8.8963      38.8767      0.100   428.43  151.704193   14.365036  (   0.00, 428.43,   0.00)
 |   342 Air                    7   14.784   0.0012  30528.7508   71299.2615      1.000   429.43  151.704226   14.365051  (   0.00, 429.43,   0.00)
 |   343 Iron                  26   55.845   7.8740      1.7575      16.9589     10.000   439.43  157.394159   14.954711  (   0.00, 439.43,   0.00)
 |   344 Aluminum              13   26.982   2.6990      8.8963      38.8767      0.100   439.53  157.405399   14.957283  (   0.00, 439.53,   0.00)
 |   345 Air                    7   14.784   0.0012  30528.7508   71299.2615      0.350   439.88  157.405411   14.957288  (   0.00, 439.88,   0.00)
 |   346 PyrexGlass            10   20.495   2.2300     12.6748      42.3068      0.200   440.08  157.421190   14.962015  (   0.00, 440.08,   0.00)
 |   347 RPCGasDefault          8   16.809   0.0037   9559.7023   23347.6182      0.200   440.28  157.421211   14.962024  (   0.00, 440.28,   0.00)
 |   348 PyrexGlass            10   20.495   2.2300     12.6748      42.3068      0.200   440.48  157.436990   14.966751  (   0.00, 440.48,   0.00)
 |   349 Air                    7   14.784   0.0012  30528.7508   71299.2615      0.350   440.83  157.437002   14.966756  (   0.00, 440.83,   0.00)
 |   350 Aluminum              13   26.982   2.6990      8.8963      38.8767      0.100   440.93  157.448242   14.969328  (   0.00, 440.93,   0.00)
 |   351 Aluminum              13   26.982   2.6990      8.8963      38.8767      0.100   441.03  157.459483   14.971900  (   0.00, 441.03,   0.00)
 |   352 Air                    7   14.784   0.0012  30528.7508   71299.2615      0.350   441.38  157.459494   14.971905  (   0.00, 441.38,   0.00)
 |   353 PyrexGlass            10   20.495   2.2300     12.6748      42.3068      0.200   441.58  157.475274   14.976633  (   0.00, 441.58,   0.00)
 |   354 RPCGasDefault          8   16.809   0.0037   9559.7023   23347.6182      0.200   441.78  157.475295   14.976641  (   0.00, 441.78,   0.00)
 |   355 PyrexGlass            10   20.495   2.2300     12.6748      42.3068      0.200   441.98  157.491074   14.981369  (   0.00, 441.98,   0.00)
 |   356 Air                    7   14.784   0.0012  30528.7508   71299.2615      0.350   442.33  157.491085   14.981374  (   0.00, 442.33,   0.00)
 |   357 Aluminum              13   26.982   2.6990      8.8963      38.8767      0.100   442.43  157.502326   14.983946  (   0.00, 442.43,   0.00)
 |   358 Air                    7   14.784   0.0012  30528.7508   71299.2615      1.000   443.43  157.502359   14.983960  (   0.00, 443.43,   0.00)
 |   359 Iron                  26   55.845   7.8740      1.7575      16.9589     10.000   453.43  163.192292   15.573620  (   0.00, 453.43,   0.00)
 |   360 Aluminum              13   26.982   2.6990      8.8963      38.8767      0.100   453.53  163.203532   15.576192  (   0.00, 453.53,   0.00)
 |   361 Air                    7   14.784   0.0012  30528.7508   71299.2615      0.350   453.88  163.203544   15.576197  (   0.00, 453.88,   0.00)
 |   362 PyrexGlass            10   20.495   2.2300     12.6748      42.3068      0.200   454.08  163.219323   15.580924  (   0.00, 454.08,   0.00)
 |   363 RPCGasDefault          8   16.809   0.0037   9559.7023   23347.6182      0.200   454.28  163.219344   15.580933  (   0.00, 454.28,   0.00)
 |   364 PyrexGlass            10   20.495   2.2300     12.6748      42.3068      0.200   454.48  163.235123   15.585660  (   0.00, 454.48,   0.00)
 |   365 Air                    7   14.784   0.0012  30528.7508   71299.2615      0.350   454.83  163.235135   15.585665  (   0.00, 454.83,   0.00)
 |   366 Aluminum              13   26.982   2.6990      8.8963      38.8767      0.100   454.93  163.246375   15.588238  (   0.00, 454.93,   0.00)
 |   367 Aluminum              13   26.982   2.6990      8.8963      38.8767      0.100   455.03  163.257616   15.590810  (   0.00, 455.03,   0.00)
 |   368 Air                    7   14.784   0.0012  30528.7508   71299.2615      0.350   455.38  163.257627   15.590815  (   0.00, 455.38,   0.00)
 |   369 PyrexGlass            10   20.495   2.2300     12.6748      42.3068      0.200   455.58  163.273407   15.595542  (   0.00, 455.58,   0.00)
 |   370 RPCGasDefault          8   16.809   0.0037   9559.7023   23347.6182      0.200   455.78  163.273428   15.595551  (   0.00, 455.78,   0.00)
 |   371 PyrexGlass            10   20.495   2.2300     12.6748      42.3068      0.200   455.98  163.289207   15.600278  (   0.00, 455.98,   0.00)
 |   372 Air                    7   14.784   0.0012  30528.7508   71299.2615      0.350   456.33  163.289219   15.600283  (   0.00, 456.33,   0.00)
 |   373 Aluminum              13   26.982   2.6990      8.8963      38.8767      0.100   456.43  163.300459   15.602855  (   0.00, 456.43,   0.00)
 |   374 Air                    7   14.784   0.0012  30528.7508   71299.2615      1.000   457.43  163.300492   15.602869  (   0.00, 457.43,   0.00)
 |   375 Iron                  26   55.845   7.8740      1.7575      16.9589     20.000   477.43  174.680357   16.782189  (   0.00, 477.43,   0.00)
 |   376 Air                    7   14.784   0.0012  30528.7508   71299.2615     22.566   500.00  174.681097   16.782506  (   0.00, 500.00,   0.00)
 +--------------------------------------------------------------------------------------------------------------------------------------------------
 |     0 Average Material      25   53.857   4.5129      2.8624      29.7929    500.000   500.00  174.681097   16.782506  (   0.00, 500.00,   0.00)
 +--------------------------------------------------------------------------------------------------------------------------------------------------
