materialScan compact_Lhe_dip_sol_ell_mat-LAr-EMC_sym.xml 0. 160. 360. 0. 165. 780.  > materialScan_compact_Lhe_dip_sol_ell_mat-LAr-EMC_sym_0_160_360-0_165_780.txt
TGeoManager: Changing system of units to ROOT units (cm, s, GeV).
DD4hep           WARN  ++ STD conditions NOT defined by client. NTP defaults taken.
VertexBarrelSupports_layer0 4.6 4.6 51.75
TGeoTube::SetTubeDimensions: In shape TGeoTube wrong rmin=37.869 rmax=15.591
 +--------------------------------------------------------------------------------------------------------------------------------------------------
 + Material scan between: x_0 = (   0.00, 160.00, 360.00) [cm] and x_1 = (   0.00, 165.00, 780.00) [cm] : 
 +--------------------------------------------------------------------------------------------------------------------------------------------------
 |     \   Material           Atomic                 Radiation   Interaction               Path   Integrated  Integrated    Material
 | Num. \  Name          Number/Z   Mass/A  Density    Length       Length    Thickness   Length      X0        Lambda      Endpoint  
 | Layer \                        [g/mole]  [g/cm3]     [cm]        [cm]          [cm]      [cm]     [cm]        [cm]     (     cm,     cm,     cm)
 +--------------------------------------------------------------------------------------------------------------------------------------------------
 |     1 Steel235              26   55.757   7.8500      1.7653      17.1928     11.001    11.00    6.231844    0.639847  (   0.00, 160.13, 371.00)
 |     2 Air                    7   14.784   0.0012  30528.8407   71998.1725      9.001    20.00    6.232139    0.639972  (   0.00, 160.24, 380.00)
 |     3 Steel235              26   55.757   7.8500      1.7653      17.1928      2.000    22.00    7.365202    0.756308  (   0.00, 160.26, 382.00)
 |     4 Polystyrene            6   11.077   1.0320     42.5383      70.1339      0.500    22.50    7.376957    0.763438  (   0.00, 160.27, 382.50)
 |     5 Air                    7   14.784   0.0012  30528.8407   71998.1725      0.150    22.65    7.376962    0.763440  (   0.00, 160.27, 382.65)
 |     6 Steel235              26   55.757   7.8500      1.7653      17.1928      2.000    24.65    8.510024    0.879776  (   0.00, 160.29, 384.65)
 |     7 Polystyrene            6   11.077   1.0320     42.5383      70.1339      0.500    25.15    8.521779    0.886906  (   0.00, 160.30, 385.15)
 |     8 Air                    7   14.784   0.0012  30528.8407   71998.1725      0.150    25.30    8.521784    0.886908  (   0.00, 160.30, 385.30)
 |     9 Steel235              26   55.757   7.8500      1.7653      17.1928      2.000    27.30    9.654847    1.003244  (   0.00, 160.32, 387.30)
 |    10 Polystyrene            6   11.077   1.0320     42.5383      70.1339      0.500    27.80    9.666602    1.010374  (   0.00, 160.33, 387.80)
 |    11 Air                    7   14.784   0.0012  30528.8407   71998.1725      0.150    27.95    9.666607    1.010376  (   0.00, 160.33, 387.95)
 |    12 Steel235              26   55.757   7.8500      1.7653      17.1928      2.000    29.95   10.799669    1.126712  (   0.00, 160.36, 389.95)
 |    13 Polystyrene            6   11.077   1.0320     42.5383      70.1339      0.500    30.45   10.811424    1.133841  (   0.00, 160.36, 390.45)
 |    14 Air                    7   14.784   0.0012  30528.8407   71998.1725      0.150    30.60   10.811429    1.133843  (   0.00, 160.36, 390.60)
 |    15 Steel235              26   55.757   7.8500      1.7653      17.1928      2.000    32.60   11.944492    1.250179  (   0.00, 160.39, 392.60)
 |    16 Polystyrene            6   11.077   1.0320     42.5383      70.1339      0.500    33.10   11.956247    1.257309  (   0.00, 160.39, 393.10)
 |    17 Air                    7   14.784   0.0012  30528.8407   71998.1725      0.150    33.25   11.956251    1.257311  (   0.00, 160.40, 393.25)
 |    18 Steel235              26   55.757   7.8500      1.7653      17.1928      2.000    35.25   13.089314    1.373647  (   0.00, 160.42, 395.25)
 |    19 Polystyrene            6   11.077   1.0320     42.5383      70.1339      0.500    35.75   13.101069    1.380777  (   0.00, 160.43, 395.75)
 |    20 Air                    7   14.784   0.0012  30528.8407   71998.1725      0.150    35.90   13.101074    1.380779  (   0.00, 160.43, 395.90)
 |    21 Steel235              26   55.757   7.8500      1.7653      17.1928      2.000    37.90   14.234137    1.497115  (   0.00, 160.45, 397.90)
 |    22 Polystyrene            6   11.077   1.0320     42.5383      70.1339      0.500    38.40   14.245891    1.504244  (   0.00, 160.46, 398.40)
 |    23 Air                    7   14.784   0.0012  30528.8407   71998.1725      0.150    38.55   14.245896    1.504247  (   0.00, 160.46, 398.55)
 |    24 Steel235              26   55.757   7.8500      1.7653      17.1928      2.000    40.55   15.378959    1.620582  (   0.00, 160.48, 400.55)
 |    25 Polystyrene            6   11.077   1.0320     42.5383      70.1339      0.500    41.05   15.390714    1.627712  (   0.00, 160.49, 401.05)
 |    26 Air                    7   14.784   0.0012  30528.8407   71998.1725      0.150    41.20   15.390719    1.627714  (   0.00, 160.49, 401.20)
 |    27 Steel235              26   55.757   7.8500      1.7653      17.1928      2.000    43.20   16.523781    1.744050  (   0.00, 160.51, 403.20)
 |    28 Polystyrene            6   11.077   1.0320     42.5383      70.1339      0.500    43.70   16.535536    1.751180  (   0.00, 160.52, 403.70)
 |    29 Air                    7   14.784   0.0012  30528.8407   71998.1725      0.150    43.85   16.535541    1.751182  (   0.00, 160.52, 403.85)
 |    30 Steel235              26   55.757   7.8500      1.7653      17.1928      2.000    45.85   17.668604    1.867518  (   0.00, 160.55, 405.85)
 |    31 Polystyrene            6   11.077   1.0320     42.5383      70.1339      0.500    46.35   17.680359    1.874648  (   0.00, 160.55, 406.35)
 |    32 Air                    7   14.784   0.0012  30528.8407   71998.1725      0.150    46.50   17.680364    1.874650  (   0.00, 160.55, 406.50)
 |    33 Steel235              26   55.757   7.8500      1.7653      17.1928      2.200    48.70   18.926733    2.002619  (   0.00, 160.58, 408.70)
 |    34 Polystyrene            6   11.077   1.0320     42.5383      70.1339      0.500    49.20   18.938488    2.009749  (   0.00, 160.59, 409.20)
 |    35 Air                    7   14.784   0.0012  30528.8407   71998.1725      0.150    49.35   18.938493    2.009751  (   0.00, 160.59, 409.35)
 |    36 Steel235              26   55.757   7.8500      1.7653      17.1928      2.200    51.55   20.184861    2.137720  (   0.00, 160.61, 411.55)
 |    37 Polystyrene            6   11.077   1.0320     42.5383      70.1339      0.500    52.05   20.196616    2.144850  (   0.00, 160.62, 412.05)
 |    38 Air                    7   14.784   0.0012  30528.8407   71998.1725      0.150    52.20   20.196621    2.144852  (   0.00, 160.62, 412.20)
 |    39 Steel235              26   55.757   7.8500      1.7653      17.1928      2.200    54.40   21.442990    2.272822  (   0.00, 160.65, 414.40)
 |    40 Polystyrene            6   11.077   1.0320     42.5383      70.1339      0.500    54.90   21.454745    2.279951  (   0.00, 160.65, 414.90)
 |    41 Air                    7   14.784   0.0012  30528.8407   71998.1725      0.150    55.05   21.454750    2.279954  (   0.00, 160.66, 415.05)
 |    42 Steel235              26   55.757   7.8500      1.7653      17.1928      2.200    57.25   22.701119    2.407923  (   0.00, 160.68, 417.25)
 |    43 Polystyrene            6   11.077   1.0320     42.5383      70.1339      0.500    57.75   22.712874    2.415053  (   0.00, 160.69, 417.75)
 |    44 Air                    7   14.784   0.0012  30528.8407   71998.1725      0.150    57.90   22.712879    2.415055  (   0.00, 160.69, 417.90)
 |    45 Steel235              26   55.757   7.8500      1.7653      17.1928      2.200    60.10   23.959248    2.543024  (   0.00, 160.72, 420.10)
 |    46 Polystyrene            6   11.077   1.0320     42.5383      70.1339      0.500    60.60   23.971003    2.550154  (   0.00, 160.72, 420.60)
 |    47 Air                    7   14.784   0.0012  30528.8407   71998.1725      0.150    60.75   23.971007    2.550156  (   0.00, 160.72, 420.75)
 |    48 Steel235              26   55.757   7.8500      1.7653      17.1928      2.200    62.95   25.217376    2.678126  (   0.00, 160.75, 422.95)
 |    49 Polystyrene            6   11.077   1.0320     42.5383      70.1339      0.500    63.45   25.229131    2.685255  (   0.00, 160.76, 423.45)
 |    50 Air                    7   14.784   0.0012  30528.8407   71998.1725      0.150    63.60   25.229136    2.685257  (   0.00, 160.76, 423.60)
 |    51 Steel235              26   55.757   7.8500      1.7653      17.1928      2.200    65.80   26.475505    2.813227  (   0.00, 160.78, 425.80)
 |    52 Polystyrene            6   11.077   1.0320     42.5383      70.1339      0.500    66.30   26.487260    2.820357  (   0.00, 160.79, 426.30)
 |    53 Air                    7   14.784   0.0012  30528.8407   71998.1725      0.150    66.45   26.487265    2.820359  (   0.00, 160.79, 426.45)
 |    54 Steel235              26   55.757   7.8500      1.7653      17.1928      2.200    68.65   27.733634    2.948328  (   0.00, 160.82, 428.65)
 |    55 Polystyrene            6   11.077   1.0320     42.5383      70.1339      0.500    69.15   27.745389    2.955458  (   0.00, 160.82, 429.15)
 |    56 Air                    7   14.784   0.0012  30528.8407   71998.1725      0.150    69.30   27.745394    2.955460  (   0.00, 160.83, 429.30)
 |    57 Steel235              26   55.757   7.8500      1.7653      17.1928      2.200    71.51   28.991762    3.083430  (   0.00, 160.85, 431.50)
 |    58 Polystyrene            6   11.077   1.0320     42.5383      70.1339      0.500    72.01   29.003517    3.090559  (   0.00, 160.86, 432.00)
 |    59 Air                    7   14.784   0.0012  30528.8407   71998.1725      0.150    72.16   29.003522    3.090561  (   0.00, 160.86, 432.15)
 |    60 Steel235              26   55.757   7.8500      1.7653      17.1928      2.200    74.36   30.249891    3.218531  (   0.00, 160.89, 434.35)
 |    61 Polystyrene            6   11.077   1.0320     42.5383      70.1339      0.500    74.86   30.261646    3.225661  (   0.00, 160.89, 434.85)
 |    62 Air                    7   14.784   0.0012  30528.8407   71998.1725      0.150    75.01   30.261651    3.225663  (   0.00, 160.89, 435.00)
 |    63 Steel235              26   55.757   7.8500      1.7653      17.1928      2.200    77.21   31.508020    3.353632  (   0.00, 160.92, 437.20)
 |    64 Polystyrene            6   11.077   1.0320     42.5383      70.1339      0.500    77.71   31.519775    3.360762  (   0.00, 160.93, 437.70)
 |    65 Air                    7   14.784   0.0012  30528.8407   71998.1725      0.150    77.86   31.519780    3.360764  (   0.00, 160.93, 437.85)
 |    66 Steel235              26   55.757   7.8500      1.7653      17.1928      2.200    80.06   32.766149    3.488734  (   0.00, 160.95, 440.05)
 |    67 Polystyrene            6   11.077   1.0320     42.5383      70.1339      0.500    80.56   32.777904    3.495863  (   0.00, 160.96, 440.55)
 |    68 Air                    7   14.784   0.0012  30528.8407   71998.1725      0.150    80.71   32.777909    3.495865  (   0.00, 160.96, 440.70)
 |    69 Steel235              26   55.757   7.8500      1.7653      17.1928      2.200    82.91   34.024277    3.623835  (   0.00, 160.99, 442.90)
 |    70 Polystyrene            6   11.077   1.0320     42.5383      70.1339      0.500    83.41   34.036032    3.630965  (   0.00, 160.99, 443.40)
 |    71 Air                    7   14.784   0.0012  30528.8407   71998.1725      0.150    83.56   34.036037    3.630967  (   0.00, 160.99, 443.55)
 |    72 Steel235              26   55.757   7.8500      1.7653      17.1928      2.200    85.76   35.282406    3.758936  (   0.00, 161.02, 445.75)
 |    73 Polystyrene            6   11.077   1.0320     42.5383      70.1339      0.500    86.26   35.294161    3.766066  (   0.00, 161.03, 446.25)
 |    74 Air                    7   14.784   0.0012  30528.8407   71998.1725      0.150    86.41   35.294166    3.766068  (   0.00, 161.03, 446.40)
 |    75 Steel235              26   55.757   7.8500      1.7653      17.1928      2.200    88.61   36.540535    3.894037  (   0.00, 161.05, 448.60)
 |    76 Polystyrene            6   11.077   1.0320     42.5383      70.1339      0.500    89.11   36.552290    3.901167  (   0.00, 161.06, 449.10)
 |    77 Air                    7   14.784   0.0012  30528.8407   71998.1725      0.150    89.26   36.552295    3.901169  (   0.00, 161.06, 449.25)
 |    78 Steel235              26   55.757   7.8500      1.7653      17.1928      2.200    91.46   37.798664    4.029139  (   0.00, 161.09, 451.45)
 |    79 Polystyrene            6   11.077   1.0320     42.5383      70.1339      0.500    91.96   37.810419    4.036268  (   0.00, 161.09, 451.95)
 |    80 Air                    7   14.784   0.0012  30528.8407   71998.1725      0.150    92.11   37.810423    4.036271  (   0.00, 161.10, 452.10)
 |    81 Steel235              26   55.757   7.8500      1.7653      17.1928      2.200    94.31   39.056792    4.164240  (   0.00, 161.12, 454.30)
 |    82 Polystyrene            6   11.077   1.0320     42.5383      70.1339      0.500    94.81   39.068547    4.171370  (   0.00, 161.13, 454.80)
 |    83 Air                    7   14.784   0.0012  30528.8407   71998.1725      0.150    94.96   39.068552    4.171372  (   0.00, 161.13, 454.95)
 |    84 Steel235              26   55.757   7.8500      1.7653      17.1928      2.200    97.16   40.314921    4.299341  (   0.00, 161.16, 457.15)
 |    85 Polystyrene            6   11.077   1.0320     42.5383      70.1339      0.500    97.66   40.326676    4.306471  (   0.00, 161.16, 457.65)
 |    86 Air                    7   14.784   0.0012  30528.8407   71998.1725      0.150    97.81   40.326681    4.306473  (   0.00, 161.16, 457.80)
 |    87 Steel235              26   55.757   7.8500      1.7653      17.1928      2.200   100.01   41.573050    4.434443  (   0.00, 161.19, 460.00)
 |    88 Polystyrene            6   11.077   1.0320     42.5383      70.1339      0.500   100.51   41.584805    4.441572  (   0.00, 161.20, 460.50)
 |    89 Air                    7   14.784   0.0012  30528.8407   71998.1725      0.150   100.66   41.584810    4.441574  (   0.00, 161.20, 460.65)
 |    90 Steel235              26   55.757   7.8500      1.7653      17.1928      2.200   102.86   42.831178    4.569544  (   0.00, 161.22, 462.85)
 |    91 Polystyrene            6   11.077   1.0320     42.5383      70.1339      0.500   103.36   42.842933    4.576674  (   0.00, 161.23, 463.35)
 |    92 Air                    7   14.784   0.0012  30528.8407   71998.1725      0.150   103.51   42.842938    4.576676  (   0.00, 161.23, 463.50)
 |    93 Steel235              26   55.757   7.8500      1.7653      17.1928      2.500   106.01   44.259267    4.722096  (   0.00, 161.26, 466.00)
 |    94 Polystyrene            6   11.077   1.0320     42.5383      70.1339      0.500   106.51   44.271022    4.729225  (   0.00, 161.27, 466.50)
 |    95 Air                    7   14.784   0.0012  30528.8407   71998.1725      0.150   106.66   44.271026    4.729227  (   0.00, 161.27, 466.65)
 |    96 Steel235              26   55.757   7.8500      1.7653      17.1928      2.500   109.16   45.687355    4.874647  (   0.00, 161.30, 469.15)
 |    97 Polystyrene            6   11.077   1.0320     42.5383      70.1339      0.500   109.66   45.699110    4.881777  (   0.00, 161.31, 469.65)
 |    98 Air                    7   14.784   0.0012  30528.8407   71998.1725      0.150   109.81   45.699115    4.881779  (   0.00, 161.31, 469.80)
 |    99 Steel235              26   55.757   7.8500      1.7653      17.1928      2.500   112.31   47.115443    5.027199  (   0.00, 161.34, 472.30)
 |   100 Polystyrene            6   11.077   1.0320     42.5383      70.1339      0.500   112.81   47.127198    5.034329  (   0.00, 161.34, 472.80)
 |   101 Air                    7   14.784   0.0012  30528.8407   71998.1725      0.150   112.96   47.127203    5.034331  (   0.00, 161.34, 472.95)
 |   102 Steel235              26   55.757   7.8500      1.7653      17.1928      2.500   115.46   48.543531    5.179751  (   0.00, 161.37, 475.45)
 |   103 Polystyrene            6   11.077   1.0320     42.5383      70.1339      0.500   115.96   48.555286    5.186880  (   0.00, 161.38, 475.95)
 |   104 Air                    7   14.784   0.0012  30528.8407   71998.1725      0.150   116.11   48.555291    5.186883  (   0.00, 161.38, 476.10)
 |   105 Steel235              26   55.757   7.8500      1.7653      17.1928      2.500   118.61   49.971619    5.332302  (   0.00, 161.41, 478.60)
 |   106 Polystyrene            6   11.077   1.0320     42.5383      70.1339      0.500   119.11   49.983374    5.339432  (   0.00, 161.42, 479.10)
 |   107 Air                    7   14.784   0.0012  30528.8407   71998.1725      0.150   119.26   49.983379    5.339434  (   0.00, 161.42, 479.25)
 |   108 Steel235              26   55.757   7.8500      1.7653      17.1928      2.500   121.76   51.399707    5.484854  (   0.00, 161.45, 481.75)
 |   109 Polystyrene            6   11.077   1.0320     42.5383      70.1339      0.500   122.26   51.411462    5.491984  (   0.00, 161.46, 482.25)
 |   110 Air                    7   14.784   0.0012  30528.8407   71998.1725      0.150   122.41   51.411467    5.491986  (   0.00, 161.46, 482.40)
 |   111 Steel235              26   55.757   7.8500      1.7653      17.1928      2.500   124.91   52.827795    5.637406  (   0.00, 161.49, 484.90)
 |   112 Polystyrene            6   11.077   1.0320     42.5383      70.1339      0.500   125.41   52.839550    5.644536  (   0.00, 161.49, 485.40)
 |   113 Air                    7   14.784   0.0012  30528.8407   71998.1725      0.150   125.56   52.839555    5.644538  (   0.00, 161.49, 485.55)
 |   114 Steel235              26   55.757   7.8500      1.7653      17.1928      2.500   128.06   54.255883    5.789957  (   0.00, 161.52, 488.05)
 |   115 Polystyrene            6   11.077   1.0320     42.5383      70.1339      0.500   128.56   54.267638    5.797087  (   0.00, 161.53, 488.55)
 |   116 Air                    7   14.784   0.0012  30528.8407   71998.1725      0.150   128.71   54.267643    5.797089  (   0.00, 161.53, 488.70)
 |   117 Steel235              26   55.757   7.8500      1.7653      17.1928      2.500   131.21   55.683972    5.942509  (   0.00, 161.56, 491.20)
 |   118 Polystyrene            6   11.077   1.0320     42.5383      70.1339      0.500   131.71   55.695726    5.949639  (   0.00, 161.57, 491.70)
 |   119 Air                    7   14.784   0.0012  30528.8407   71998.1725      0.150   131.86   55.695731    5.949641  (   0.00, 161.57, 491.85)
 |   120 Steel235              26   55.757   7.8500      1.7653      17.1928      2.500   134.36   57.112060    6.095061  (   0.00, 161.60, 494.35)
 |   121 Polystyrene            6   11.077   1.0320     42.5383      70.1339      0.500   134.86   57.123815    6.102191  (   0.00, 161.61, 494.85)
 |   122 Air                    7   14.784   0.0012  30528.8407   71998.1725      0.150   135.01   57.123819    6.102193  (   0.00, 161.61, 495.00)
 |   123 Steel235              26   55.757   7.8500      1.7653      17.1928      2.500   137.51   58.540148    6.247613  (   0.00, 161.64, 497.50)
 |   124 Polystyrene            6   11.077   1.0320     42.5383      70.1339      0.500   138.01   58.551903    6.254742  (   0.00, 161.64, 498.00)
 |   125 Air                    7   14.784   0.0012  30528.8407   71998.1725      0.150   138.16   58.551908    6.254744  (   0.00, 161.64, 498.15)
 |   126 Steel235              26   55.757   7.8500      1.7653      17.1928      2.500   140.66   59.968236    6.400164  (   0.00, 161.67, 500.65)
 |   127 Polystyrene            6   11.077   1.0320     42.5383      70.1339      0.500   141.16   59.979991    6.407294  (   0.00, 161.68, 501.15)
 |   128 Air                    7   14.784   0.0012  30528.8407   71998.1725      0.150   141.31   59.979996    6.407296  (   0.00, 161.68, 501.30)
 |   129 Steel235              26   55.757   7.8500      1.7653      17.1928      2.500   143.81   61.396324    6.552716  (   0.00, 161.71, 503.80)
 |   130 Polystyrene            6   11.077   1.0320     42.5383      70.1339      0.500   144.31   61.408079    6.559846  (   0.00, 161.72, 504.30)
 |   131 Air                    7   14.784   0.0012  30528.8407   71998.1725      0.150   144.46   61.408084    6.559848  (   0.00, 161.72, 504.45)
 |   132 Steel235              26   55.757   7.8500      1.7653      17.1928      2.500   146.96   62.824412    6.705268  (   0.00, 161.75, 506.95)
 |   133 Polystyrene            6   11.077   1.0320     42.5383      70.1339      0.500   147.46   62.836167    6.712397  (   0.00, 161.76, 507.45)
 |   134 Air                    7   14.784   0.0012  30528.8407   71998.1725      0.150   147.61   62.836172    6.712399  (   0.00, 161.76, 507.60)
 |   135 Steel235              26   55.757   7.8500      1.7653      17.1928      2.500   150.11   64.252500    6.857819  (   0.00, 161.79, 510.10)
 |   136 Polystyrene            6   11.077   1.0320     42.5383      70.1339      0.500   150.61   64.264255    6.864949  (   0.00, 161.79, 510.60)
 |   137 Air                    7   14.784   0.0012  30528.8407   71998.1725      0.150   150.76   64.264260    6.864951  (   0.00, 161.79, 510.75)
 |   138 Steel235              26   55.757   7.8500      1.7653      17.1928      2.500   153.26   65.680588    7.010371  (   0.00, 161.82, 513.25)
 |   139 Polystyrene            6   11.077   1.0320     42.5383      70.1339      0.500   153.76   65.692343    7.017501  (   0.00, 161.83, 513.75)
 |   140 Air                    7   14.784   0.0012  30528.8407   71998.1725      0.150   153.91   65.692348    7.017503  (   0.00, 161.83, 513.90)
 |   141 Steel235              26   55.757   7.8500      1.7653      17.1928      2.500   156.41   67.108676    7.162923  (   0.00, 161.86, 516.40)
 |   142 Polystyrene            6   11.077   1.0320     42.5383      70.1339      0.500   156.91   67.120431    7.170052  (   0.00, 161.87, 516.90)
 |   143 Air                    7   14.784   0.0012  30528.8407   71998.1725      0.150   157.06   67.120436    7.170055  (   0.00, 161.87, 517.05)
 |   144 Steel235              26   55.757   7.8500      1.7653      17.1928      2.500   159.56   68.536765    7.315474  (   0.00, 161.90, 519.55)
 |   145 Polystyrene            6   11.077   1.0320     42.5383      70.1339      0.500   160.06   68.548520    7.322604  (   0.00, 161.91, 520.05)
 |   146 Air                    7   14.784   0.0012  30528.8407   71998.1725      0.150   160.21   68.548524    7.322606  (   0.00, 161.91, 520.20)
 |   147 Steel235              26   55.757   7.8500      1.7653      17.1928      2.500   162.71   69.964853    7.468026  (   0.00, 161.94, 522.70)
 |   148 Polystyrene            6   11.077   1.0320     42.5383      70.1339      0.500   163.21   69.976608    7.475156  (   0.00, 161.94, 523.20)
 |   149 Air                    7   14.784   0.0012  30528.8407   71998.1725      0.150   163.36   69.976613    7.475158  (   0.00, 161.94, 523.35)
 |   150 Steel235              26   55.757   7.8500      1.7653      17.1928      2.500   165.86   71.392941    7.620578  (   0.00, 161.97, 525.85)
 |   151 Polystyrene            6   11.077   1.0320     42.5383      70.1339      0.500   166.36   71.404696    7.627708  (   0.00, 161.98, 526.35)
 |   152 Air                    7   14.784   0.0012  30528.8407   71998.1725      0.150   166.51   71.404701    7.627710  (   0.00, 161.98, 526.50)
 |   153 Steel235              26   55.757   7.8500      1.7653      17.1928      2.500   169.01   72.821029    7.773129  (   0.00, 162.01, 529.00)
 |   154 Polystyrene            6   11.077   1.0320     42.5383      70.1339      0.500   169.51   72.832784    7.780259  (   0.00, 162.02, 529.50)
 |   155 Air                    7   14.784   0.0012  30528.8407   71998.1725      0.150   169.66   72.832789    7.780261  (   0.00, 162.02, 529.65)
 |   156 Steel235              26   55.757   7.8500      1.7653      17.1928      2.500   172.16   74.249117    7.925681  (   0.00, 162.05, 532.15)
 |   157 Polystyrene            6   11.077   1.0320     42.5383      70.1339      0.500   172.66   74.260872    7.932811  (   0.00, 162.06, 532.65)
 |   158 Air                    7   14.784   0.0012  30528.8407   71998.1725      0.150   172.81   74.260877    7.932813  (   0.00, 162.06, 532.80)
 |   159 Steel235              26   55.757   7.8500      1.7653      17.1928      2.500   175.31   75.677205    8.078233  (   0.00, 162.09, 535.30)
 |   160 Polystyrene            6   11.077   1.0320     42.5383      70.1339      0.500   175.81   75.688960    8.085363  (   0.00, 162.09, 535.80)
 |   161 Air                    7   14.784   0.0012  30528.8407   71998.1725      0.150   175.96   75.688965    8.085365  (   0.00, 162.09, 535.95)
 |   162 Steel235              26   55.757   7.8500      1.7653      17.1928      2.500   178.46   77.105293    8.230785  (   0.00, 162.12, 538.45)
 |   163 Polystyrene            6   11.077   1.0320     42.5383      70.1339      0.500   178.96   77.117048    8.237914  (   0.00, 162.13, 538.95)
 |   164 Air                    7   14.784   0.0012  30528.8407   71998.1725      0.150   179.11   77.117053    8.237916  (   0.00, 162.13, 539.10)
 |   165 Steel235              26   55.757   7.8500      1.7653      17.1928      2.500   181.61   78.533381    8.383336  (   0.00, 162.16, 541.60)
 |   166 Polystyrene            6   11.077   1.0320     42.5383      70.1339      0.500   182.11   78.545136    8.390466  (   0.00, 162.17, 542.10)
 |   167 Air                    7   14.784   0.0012  30528.8407   71998.1725      0.150   182.26   78.545141    8.390468  (   0.00, 162.17, 542.25)
 |   168 Steel235              26   55.757   7.8500      1.7653      17.1928      2.500   184.76   79.961469    8.535888  (   0.00, 162.20, 544.75)
 |   169 Polystyrene            6   11.077   1.0320     42.5383      70.1339      0.500   185.26   79.973224    8.543018  (   0.00, 162.21, 545.25)
 |   170 Air                    7   14.784   0.0012  30528.8407   71998.1725      0.150   185.41   79.973229    8.543020  (   0.00, 162.21, 545.40)
 |   171 Steel235              26   55.757   7.8500      1.7653      17.1928      2.500   187.91   81.389558    8.688440  (   0.00, 162.24, 547.90)
 |   172 Polystyrene            6   11.077   1.0320     42.5383      70.1339      0.500   188.41   81.401313    8.695569  (   0.00, 162.24, 548.40)
 |   173 Air                    7   14.784   0.0012  30528.8407   71998.1725      0.150   188.56   81.401317    8.695571  (   0.00, 162.24, 548.55)
 |   174 Steel235              26   55.757   7.8500      1.7653      17.1928      2.500   191.06   82.817646    8.840991  (   0.00, 162.27, 551.05)
 |   175 Polystyrene            6   11.077   1.0320     42.5383      70.1339      0.500   191.56   82.829401    8.848121  (   0.00, 162.28, 551.55)
 |   176 Air                    7   14.784   0.0012  30528.8407   71998.1725      0.150   191.71   82.829406    8.848123  (   0.00, 162.28, 551.70)
 |   177 Air                    7   14.784   0.0012  30528.8407   71998.1725     43.173   234.89   82.830820    8.848723  (   0.00, 162.80, 594.87)
 |   178 Air                    7   14.784   0.0012  30528.8407   71998.1725      1.000   235.89   82.830853    8.848737  (   0.00, 162.81, 595.87)
 |   179 Aluminum              13   26.982   2.6990      8.8963      39.8672      0.100   235.99   82.842094    8.851245  (   0.00, 162.81, 595.97)
 |   180 Air                    7   14.784   0.0012  30528.8407   71998.1725      0.350   236.34   82.842105    8.851250  (   0.00, 162.81, 596.32)
 |   181 PyrexGlass            10   20.495   2.2300     12.6748      43.5474      0.200   236.54   82.857886    8.855843  (   0.00, 162.82, 596.52)
 |   182 RPCGasDefault          8   16.809   0.0037   9559.7011   23915.1216      0.200   236.74   82.857907    8.855851  (   0.00, 162.82, 596.72)
 |   183 PyrexGlass            10   20.495   2.2300     12.6748      43.5474      0.200   236.94   82.873687    8.860444  (   0.00, 162.82, 596.92)
 |   184 Air                    7   14.784   0.0012  30528.8407   71998.1725      0.350   237.29   82.873699    8.860449  (   0.00, 162.82, 597.27)
 |   185 Aluminum              13   26.982   2.6990      8.8963      39.8672      0.100   237.39   82.884940    8.862958  (   0.00, 162.83, 597.37)
 |   186 Aluminum              13   26.982   2.6990      8.8963      39.8672      0.100   237.49   82.896182    8.865466  (   0.00, 162.83, 597.47)
 |   187 Air                    7   14.784   0.0012  30528.8407   71998.1725      0.350   237.84   82.896193    8.865471  (   0.00, 162.83, 597.82)
 |   188 PyrexGlass            10   20.495   2.2300     12.6748      43.5474      0.200   238.04   82.911974    8.870064  (   0.00, 162.83, 598.02)
 |   189 RPCGasDefault          8   16.809   0.0037   9559.7011   23915.1216      0.200   238.24   82.911995    8.870073  (   0.00, 162.84, 598.22)
 |   190 PyrexGlass            10   20.495   2.2300     12.6748      43.5474      0.200   238.44   82.927775    8.874666  (   0.00, 162.84, 598.42)
 |   191 Air                    7   14.784   0.0012  30528.8407   71998.1725      0.350   238.79   82.927786    8.874670  (   0.00, 162.84, 598.77)
 |   192 Aluminum              13   26.982   2.6990      8.8963      39.8672      0.100   238.89   82.939028    8.877179  (   0.00, 162.84, 598.87)
 |   193 Iron                  26   55.845   7.8740      1.7575      17.1639     10.001   248.89   88.629354    9.459839  (   0.00, 162.96, 608.87)
 |   194 Air                    7   14.784   0.0012  30528.8407   71998.1725      1.000   249.89   88.629386    9.459852  (   0.00, 162.97, 609.87)
 |   195 Aluminum              13   26.982   2.6990      8.8963      39.8672      0.100   249.99   88.640628    9.462361  (   0.00, 162.98, 609.97)
 |   196 Air                    7   14.784   0.0012  30528.8407   71998.1725      0.350   250.34   88.640639    9.462366  (   0.00, 162.98, 610.32)
 |   197 PyrexGlass            10   20.495   2.2300     12.6748      43.5474      0.200   250.54   88.656420    9.466959  (   0.00, 162.98, 610.52)
 |   198 RPCGasDefault          8   16.809   0.0037   9559.7011   23915.1216      0.200   250.74   88.656441    9.466967  (   0.00, 162.98, 610.72)
 |   199 PyrexGlass            10   20.495   2.2300     12.6748      43.5474      0.200   250.94   88.672221    9.471560  (   0.00, 162.99, 610.92)
 |   200 Air                    7   14.784   0.0012  30528.8407   71998.1725      0.350   251.29   88.672233    9.471565  (   0.00, 162.99, 611.27)
 |   201 Aluminum              13   26.982   2.6990      8.8963      39.8672      0.100   251.39   88.683474    9.474074  (   0.00, 162.99, 611.37)
 |   202 Aluminum              13   26.982   2.6990      8.8963      39.8672      0.100   251.49   88.694716    9.476582  (   0.00, 162.99, 611.47)
 |   203 Air                    7   14.784   0.0012  30528.8407   71998.1725      0.350   251.84   88.694727    9.476587  (   0.00, 163.00, 611.82)
 |   204 PyrexGlass            10   20.495   2.2300     12.6748      43.5474      0.200   252.04   88.710507    9.481180  (   0.00, 163.00, 612.02)
 |   205 RPCGasDefault          8   16.809   0.0037   9559.7011   23915.1216      0.200   252.24   88.710528    9.481188  (   0.00, 163.00, 612.22)
 |   206 PyrexGlass            10   20.495   2.2300     12.6748      43.5474      0.200   252.44   88.726309    9.485781  (   0.00, 163.00, 612.42)
 |   207 Air                    7   14.784   0.0012  30528.8407   71998.1725      0.350   252.79   88.726320    9.485786  (   0.00, 163.01, 612.77)
 |   208 Aluminum              13   26.982   2.6990      8.8963      39.8672      0.100   252.89   88.737562    9.488295  (   0.00, 163.01, 612.87)
 |   209 Iron                  26   55.845   7.8740      1.7575      17.1639     10.001   262.89   94.427888   10.070954  (   0.00, 163.13, 622.87)
 |   210 Air                    7   14.784   0.0012  30528.8407   71998.1725      1.000   263.89   94.427920   10.070968  (   0.00, 163.14, 623.87)
 |   211 Aluminum              13   26.982   2.6990      8.8963      39.8672      0.100   263.99   94.439162   10.073477  (   0.00, 163.14, 623.97)
 |   212 Air                    7   14.784   0.0012  30528.8407   71998.1725      0.350   264.34   94.439173   10.073482  (   0.00, 163.15, 624.32)
 |   213 PyrexGlass            10   20.495   2.2300     12.6748      43.5474      0.200   264.54   94.454954   10.078075  (   0.00, 163.15, 624.52)
 |   214 RPCGasDefault          8   16.809   0.0037   9559.7011   23915.1216      0.200   264.74   94.454975   10.078083  (   0.00, 163.15, 624.72)
 |   215 PyrexGlass            10   20.495   2.2300     12.6748      43.5474      0.200   264.94   94.470755   10.082676  (   0.00, 163.15, 624.92)
 |   216 Air                    7   14.784   0.0012  30528.8407   71998.1725      0.350   265.29   94.470767   10.082681  (   0.00, 163.16, 625.27)
 |   217 Aluminum              13   26.982   2.6990      8.8963      39.8672      0.100   265.39   94.482008   10.085189  (   0.00, 163.16, 625.37)
 |   218 Aluminum              13   26.982   2.6990      8.8963      39.8672      0.100   265.49   94.493249   10.087698  (   0.00, 163.16, 625.47)
 |   219 Air                    7   14.784   0.0012  30528.8407   71998.1725      0.350   265.84   94.493261   10.087703  (   0.00, 163.16, 625.82)
 |   220 PyrexGlass            10   20.495   2.2300     12.6748      43.5474      0.200   266.04   94.509041   10.092296  (   0.00, 163.17, 626.02)
 |   221 RPCGasDefault          8   16.809   0.0037   9559.7011   23915.1216      0.200   266.24   94.509062   10.092304  (   0.00, 163.17, 626.22)
 |   222 PyrexGlass            10   20.495   2.2300     12.6748      43.5474      0.200   266.44   94.524843   10.096897  (   0.00, 163.17, 626.42)
 |   223 Air                    7   14.784   0.0012  30528.8407   71998.1725      0.350   266.79   94.524854   10.096902  (   0.00, 163.18, 626.77)
 |   224 Aluminum              13   26.982   2.6990      8.8963      39.8672      0.100   266.89   94.536096   10.099410  (   0.00, 163.18, 626.87)
 |   225 Iron                  26   55.845   7.8740      1.7575      17.1639     10.001   276.89  100.226421   10.682070  (   0.00, 163.30, 636.87)
 |   226 Air                    7   14.784   0.0012  30528.8407   71998.1725      1.000   277.89  100.226454   10.682084  (   0.00, 163.31, 637.87)
 |   227 Aluminum              13   26.982   2.6990      8.8963      39.8672      0.100   277.99  100.237696   10.684592  (   0.00, 163.31, 637.97)
 |   228 Air                    7   14.784   0.0012  30528.8407   71998.1725      0.350   278.34  100.237707   10.684597  (   0.00, 163.31, 638.32)
 |   229 PyrexGlass            10   20.495   2.2300     12.6748      43.5474      0.200   278.54  100.253488   10.689190  (   0.00, 163.32, 638.52)
 |   230 RPCGasDefault          8   16.809   0.0037   9559.7011   23915.1216      0.200   278.74  100.253509   10.689199  (   0.00, 163.32, 638.72)
 |   231 PyrexGlass            10   20.495   2.2300     12.6748      43.5474      0.200   278.94  100.269289   10.693792  (   0.00, 163.32, 638.92)
 |   232 Air                    7   14.784   0.0012  30528.8407   71998.1725      0.350   279.29  100.269300   10.693797  (   0.00, 163.32, 639.27)
 |   233 Aluminum              13   26.982   2.6990      8.8963      39.8672      0.100   279.39  100.280542   10.696305  (   0.00, 163.33, 639.37)
 |   234 Aluminum              13   26.982   2.6990      8.8963      39.8672      0.100   279.49  100.291783   10.698814  (   0.00, 163.33, 639.47)
 |   235 Air                    7   14.784   0.0012  30528.8407   71998.1725      0.350   279.84  100.291795   10.698818  (   0.00, 163.33, 639.82)
 |   236 PyrexGlass            10   20.495   2.2300     12.6748      43.5474      0.200   280.04  100.307575   10.703411  (   0.00, 163.33, 640.02)
 |   237 RPCGasDefault          8   16.809   0.0037   9559.7011   23915.1216      0.200   280.24  100.307596   10.703420  (   0.00, 163.34, 640.22)
 |   238 PyrexGlass            10   20.495   2.2300     12.6748      43.5474      0.200   280.44  100.323377   10.708013  (   0.00, 163.34, 640.42)
 |   239 Air                    7   14.784   0.0012  30528.8407   71998.1725      0.350   280.79  100.323388   10.708018  (   0.00, 163.34, 640.77)
 |   240 Aluminum              13   26.982   2.6990      8.8963      39.8672      0.100   280.89  100.334630   10.710526  (   0.00, 163.34, 640.87)
 |   241 Iron                  26   55.845   7.8740      1.7575      17.1639     10.001   290.89  106.024955   11.293186  (   0.00, 163.46, 650.87)
 |   242 Air                    7   14.784   0.0012  30528.8407   71998.1725      1.000   291.89  106.024988   11.293200  (   0.00, 163.47, 651.87)
 |   243 Aluminum              13   26.982   2.6990      8.8963      39.8672      0.100   291.99  106.036230   11.295708  (   0.00, 163.48, 651.97)
 |   244 Air                    7   14.784   0.0012  30528.8407   71998.1725      0.350   292.34  106.036241   11.295713  (   0.00, 163.48, 652.32)
 |   245 PyrexGlass            10   20.495   2.2300     12.6748      43.5474      0.200   292.54  106.052021   11.300306  (   0.00, 163.48, 652.52)
 |   246 RPCGasDefault          8   16.809   0.0037   9559.7011   23915.1216      0.200   292.74  106.052042   11.300314  (   0.00, 163.48, 652.72)
 |   247 PyrexGlass            10   20.495   2.2300     12.6748      43.5474      0.200   292.94  106.067823   11.304907  (   0.00, 163.49, 652.92)
 |   248 Air                    7   14.784   0.0012  30528.8407   71998.1725      0.350   293.29  106.067834   11.304912  (   0.00, 163.49, 653.27)
 |   249 Aluminum              13   26.982   2.6990      8.8963      39.8672      0.100   293.39  106.079076   11.307421  (   0.00, 163.49, 653.37)
 |   250 Aluminum              13   26.982   2.6990      8.8963      39.8672      0.100   293.49  106.090317   11.309929  (   0.00, 163.49, 653.47)
 |   251 Air                    7   14.784   0.0012  30528.8407   71998.1725      0.350   293.84  106.090329   11.309934  (   0.00, 163.50, 653.82)
 |   252 PyrexGlass            10   20.495   2.2300     12.6748      43.5474      0.200   294.04  106.106109   11.314527  (   0.00, 163.50, 654.02)
 |   253 RPCGasDefault          8   16.809   0.0037   9559.7011   23915.1216      0.200   294.24  106.106130   11.314535  (   0.00, 163.50, 654.22)
 |   254 PyrexGlass            10   20.495   2.2300     12.6748      43.5474      0.200   294.44  106.121911   11.319129  (   0.00, 163.50, 654.42)
 |   255 Air                    7   14.784   0.0012  30528.8407   71998.1725      0.350   294.79  106.121922   11.319133  (   0.00, 163.51, 654.77)
 |   256 Aluminum              13   26.982   2.6990      8.8963      39.8672      0.100   294.89  106.133163   11.321642  (   0.00, 163.51, 654.87)
 |   257 Iron                  26   55.845   7.8740      1.7575      17.1639     10.001   304.89  111.823489   11.904301  (   0.00, 163.63, 664.87)
 |   258 Air                    7   14.784   0.0012  30528.8407   71998.1725      1.000   305.89  111.823522   11.904315  (   0.00, 163.64, 665.87)
 |   259 Aluminum              13   26.982   2.6990      8.8963      39.8672      0.100   305.99  111.834763   11.906824  (   0.00, 163.64, 665.97)
 |   260 Air                    7   14.784   0.0012  30528.8407   71998.1725      0.350   306.34  111.834775   11.906829  (   0.00, 163.65, 666.32)
 |   261 PyrexGlass            10   20.495   2.2300     12.6748      43.5474      0.200   306.54  111.850555   11.911422  (   0.00, 163.65, 666.52)
 |   262 RPCGasDefault          8   16.809   0.0037   9559.7011   23915.1216      0.200   306.74  111.850576   11.911430  (   0.00, 163.65, 666.72)
 |   263 PyrexGlass            10   20.495   2.2300     12.6748      43.5474      0.200   306.94  111.866357   11.916023  (   0.00, 163.65, 666.92)
 |   264 Air                    7   14.784   0.0012  30528.8407   71998.1725      0.350   307.29  111.866368   11.916028  (   0.00, 163.66, 667.27)
 |   265 Aluminum              13   26.982   2.6990      8.8963      39.8672      0.100   307.39  111.877610   11.918536  (   0.00, 163.66, 667.37)
 |   266 Aluminum              13   26.982   2.6990      8.8963      39.8672      0.100   307.49  111.888851   11.921045  (   0.00, 163.66, 667.47)
 |   267 Air                    7   14.784   0.0012  30528.8407   71998.1725      0.350   307.84  111.888863   11.921050  (   0.00, 163.66, 667.82)
 |   268 PyrexGlass            10   20.495   2.2300     12.6748      43.5474      0.200   308.04  111.904643   11.925643  (   0.00, 163.67, 668.02)
 |   269 RPCGasDefault          8   16.809   0.0037   9559.7011   23915.1216      0.200   308.24  111.904664   11.925651  (   0.00, 163.67, 668.22)
 |   270 PyrexGlass            10   20.495   2.2300     12.6748      43.5474      0.200   308.44  111.920444   11.930244  (   0.00, 163.67, 668.42)
 |   271 Air                    7   14.784   0.0012  30528.8407   71998.1725      0.350   308.79  111.920456   11.930249  (   0.00, 163.68, 668.77)
 |   272 Aluminum              13   26.982   2.6990      8.8963      39.8672      0.100   308.89  111.931697   11.932758  (   0.00, 163.68, 668.87)
 |   273 Iron                  26   55.845   7.8740      1.7575      17.1639     10.001   318.89  117.622023   12.515417  (   0.00, 163.80, 678.87)
 |   274 Air                    7   14.784   0.0012  30528.8407   71998.1725      1.000   319.89  117.622056   12.515431  (   0.00, 163.81, 679.87)
 |   275 Aluminum              13   26.982   2.6990      8.8963      39.8672      0.100   319.99  117.633297   12.517940  (   0.00, 163.81, 679.97)
 |   276 Air                    7   14.784   0.0012  30528.8407   71998.1725      0.350   320.34  117.633309   12.517944  (   0.00, 163.81, 680.32)
 |   277 PyrexGlass            10   20.495   2.2300     12.6748      43.5474      0.200   320.54  117.649089   12.522537  (   0.00, 163.82, 680.52)
 |   278 RPCGasDefault          8   16.809   0.0037   9559.7011   23915.1216      0.200   320.74  117.649110   12.522546  (   0.00, 163.82, 680.72)
 |   279 PyrexGlass            10   20.495   2.2300     12.6748      43.5474      0.200   320.94  117.664891   12.527139  (   0.00, 163.82, 680.92)
 |   280 Air                    7   14.784   0.0012  30528.8407   71998.1725      0.350   321.29  117.664902   12.527144  (   0.00, 163.82, 681.27)
 |   281 Aluminum              13   26.982   2.6990      8.8963      39.8672      0.100   321.39  117.676144   12.529652  (   0.00, 163.83, 681.37)
 |   282 Aluminum              13   26.982   2.6990      8.8963      39.8672      0.100   321.49  117.687385   12.532161  (   0.00, 163.83, 681.47)
 |   283 Air                    7   14.784   0.0012  30528.8407   71998.1725      0.350   321.84  117.687396   12.532166  (   0.00, 163.83, 681.82)
 |   284 PyrexGlass            10   20.495   2.2300     12.6748      43.5474      0.200   322.04  117.703177   12.536759  (   0.00, 163.83, 682.02)
 |   285 RPCGasDefault          8   16.809   0.0037   9559.7011   23915.1216      0.200   322.24  117.703198   12.536767  (   0.00, 163.84, 682.22)
 |   286 PyrexGlass            10   20.495   2.2300     12.6748      43.5474      0.200   322.44  117.718978   12.541360  (   0.00, 163.84, 682.42)
 |   287 Air                    7   14.784   0.0012  30528.8407   71998.1725      0.350   322.79  117.718990   12.541365  (   0.00, 163.84, 682.77)
 |   288 Aluminum              13   26.982   2.6990      8.8963      39.8672      0.100   322.89  117.730231   12.543873  (   0.00, 163.84, 682.87)
 |   289 Iron                  26   55.845   7.8740      1.7575      17.1639     10.001   332.89  123.420557   13.126533  (   0.00, 163.96, 692.87)
 |   290 Air                    7   14.784   0.0012  30528.8407   71998.1725      1.000   333.89  123.420590   13.126547  (   0.00, 163.97, 693.87)
 |   291 Aluminum              13   26.982   2.6990      8.8963      39.8672      0.100   333.99  123.431831   13.129055  (   0.00, 163.98, 693.97)
 |   292 Air                    7   14.784   0.0012  30528.8407   71998.1725      0.350   334.34  123.431843   13.129060  (   0.00, 163.98, 694.32)
 |   293 PyrexGlass            10   20.495   2.2300     12.6748      43.5474      0.200   334.54  123.447623   13.133653  (   0.00, 163.98, 694.52)
 |   294 RPCGasDefault          8   16.809   0.0037   9559.7011   23915.1216      0.200   334.74  123.447644   13.133662  (   0.00, 163.98, 694.72)
 |   295 PyrexGlass            10   20.495   2.2300     12.6748      43.5474      0.200   334.94  123.463425   13.138255  (   0.00, 163.99, 694.92)
 |   296 Air                    7   14.784   0.0012  30528.8407   71998.1725      0.350   335.29  123.463436   13.138259  (   0.00, 163.99, 695.27)
 |   297 Aluminum              13   26.982   2.6990      8.8963      39.8672      0.100   335.39  123.474677   13.140768  (   0.00, 163.99, 695.37)
 |   298 Aluminum              13   26.982   2.6990      8.8963      39.8672      0.100   335.49  123.485919   13.143276  (   0.00, 163.99, 695.47)
 |   299 Air                    7   14.784   0.0012  30528.8407   71998.1725      0.350   335.84  123.485930   13.143281  (   0.00, 164.00, 695.82)
 |   300 PyrexGlass            10   20.495   2.2300     12.6748      43.5474      0.200   336.04  123.501711   13.147874  (   0.00, 164.00, 696.02)
 |   301 RPCGasDefault          8   16.809   0.0037   9559.7011   23915.1216      0.200   336.24  123.501732   13.147883  (   0.00, 164.00, 696.22)
 |   302 PyrexGlass            10   20.495   2.2300     12.6748      43.5474      0.200   336.44  123.517512   13.152476  (   0.00, 164.00, 696.42)
 |   303 Air                    7   14.784   0.0012  30528.8407   71998.1725      0.350   336.79  123.517524   13.152481  (   0.00, 164.01, 696.77)
 |   304 Aluminum              13   26.982   2.6990      8.8963      39.8672      0.100   336.89  123.528765   13.154989  (   0.00, 164.01, 696.87)
 |   305 Iron                  26   55.845   7.8740      1.7575      17.1639     10.001   346.89  129.219091   13.737649  (   0.00, 164.13, 706.87)
 |   306 Air                    7   14.784   0.0012  30528.8407   71998.1725      1.000   347.89  129.219124   13.737662  (   0.00, 164.14, 707.87)
 |   307 Aluminum              13   26.982   2.6990      8.8963      39.8672      0.100   347.99  129.230365   13.740171  (   0.00, 164.14, 707.97)
 |   308 Air                    7   14.784   0.0012  30528.8407   71998.1725      0.350   348.34  129.230377   13.740176  (   0.00, 164.15, 708.32)
 |   309 PyrexGlass            10   20.495   2.2300     12.6748      43.5474      0.200   348.54  129.246157   13.744769  (   0.00, 164.15, 708.52)
 |   310 RPCGasDefault          8   16.809   0.0037   9559.7011   23915.1216      0.200   348.74  129.246178   13.744777  (   0.00, 164.15, 708.72)
 |   311 PyrexGlass            10   20.495   2.2300     12.6748      43.5474      0.200   348.94  129.261959   13.749370  (   0.00, 164.15, 708.92)
 |   312 Air                    7   14.784   0.0012  30528.8407   71998.1725      0.350   349.29  129.261970   13.749375  (   0.00, 164.16, 709.27)
 |   313 Aluminum              13   26.982   2.6990      8.8963      39.8672      0.100   349.39  129.273211   13.751884  (   0.00, 164.16, 709.37)
 |   314 Aluminum              13   26.982   2.6990      8.8963      39.8672      0.100   349.49  129.284453   13.754392  (   0.00, 164.16, 709.47)
 |   315 Air                    7   14.784   0.0012  30528.8407   71998.1725      0.350   349.84  129.284464   13.754397  (   0.00, 164.16, 709.82)
 |   316 PyrexGlass            10   20.495   2.2300     12.6748      43.5474      0.200   350.04  129.300245   13.758990  (   0.00, 164.17, 710.02)
 |   317 RPCGasDefault          8   16.809   0.0037   9559.7011   23915.1216      0.200   350.24  129.300266   13.758998  (   0.00, 164.17, 710.22)
 |   318 PyrexGlass            10   20.495   2.2300     12.6748      43.5474      0.200   350.44  129.316046   13.763591  (   0.00, 164.17, 710.42)
 |   319 Air                    7   14.784   0.0012  30528.8407   71998.1725      0.350   350.79  129.316058   13.763596  (   0.00, 164.18, 710.77)
 |   320 Aluminum              13   26.982   2.6990      8.8963      39.8672      0.100   350.89  129.327299   13.766105  (   0.00, 164.18, 710.87)
 |   321 Iron                  26   55.845   7.8740      1.7575      17.1639     10.001   360.90  135.017625   14.348764  (   0.00, 164.30, 720.87)
 |   322 Air                    7   14.784   0.0012  30528.8407   71998.1725      1.000   361.90  135.017658   14.348778  (   0.00, 164.31, 721.87)
 |   323 Aluminum              13   26.982   2.6990      8.8963      39.8672      0.100   362.00  135.028899   14.351287  (   0.00, 164.31, 721.97)
 |   324 Air                    7   14.784   0.0012  30528.8407   71998.1725      0.350   362.35  135.028910   14.351292  (   0.00, 164.31, 722.32)
 |   325 PyrexGlass            10   20.495   2.2300     12.6748      43.5474      0.200   362.55  135.044691   14.355885  (   0.00, 164.32, 722.52)
 |   326 RPCGasDefault          8   16.809   0.0037   9559.7011   23915.1216      0.200   362.75  135.044712   14.355893  (   0.00, 164.32, 722.72)
 |   327 PyrexGlass            10   20.495   2.2300     12.6748      43.5474      0.200   362.95  135.060492   14.360486  (   0.00, 164.32, 722.92)
 |   328 Air                    7   14.784   0.0012  30528.8407   71998.1725      0.350   363.30  135.060504   14.360491  (   0.00, 164.32, 723.27)
 |   329 Aluminum              13   26.982   2.6990      8.8963      39.8672      0.100   363.40  135.071745   14.362999  (   0.00, 164.33, 723.37)
 |   330 Aluminum              13   26.982   2.6990      8.8963      39.8672      0.100   363.50  135.082987   14.365508  (   0.00, 164.33, 723.47)
 |   331 Air                    7   14.784   0.0012  30528.8407   71998.1725      0.350   363.85  135.082998   14.365513  (   0.00, 164.33, 723.82)
 |   332 PyrexGlass            10   20.495   2.2300     12.6748      43.5474      0.200   364.05  135.098779   14.370106  (   0.00, 164.33, 724.02)
 |   333 RPCGasDefault          8   16.809   0.0037   9559.7011   23915.1216      0.200   364.25  135.098800   14.370114  (   0.00, 164.34, 724.22)
 |   334 PyrexGlass            10   20.495   2.2300     12.6748      43.5474      0.200   364.45  135.114580   14.374707  (   0.00, 164.34, 724.42)
 |   335 Air                    7   14.784   0.0012  30528.8407   71998.1725      0.350   364.80  135.114592   14.374712  (   0.00, 164.34, 724.77)
 |   336 Aluminum              13   26.982   2.6990      8.8963      39.8672      0.100   364.90  135.125833   14.377221  (   0.00, 164.34, 724.87)
 |   337 Iron                  26   55.845   7.8740      1.7575      17.1639     10.001   374.90  140.816159   14.959880  (   0.00, 164.46, 734.87)
 |   338 Air                    7   14.784   0.0012  30528.8407   71998.1725      1.000   375.90  140.816191   14.959894  (   0.00, 164.47, 735.87)
 |   339 Aluminum              13   26.982   2.6990      8.8963      39.8672      0.100   376.00  140.827433   14.962402  (   0.00, 164.48, 735.97)
 |   340 Air                    7   14.784   0.0012  30528.8407   71998.1725      0.350   376.35  140.827444   14.962407  (   0.00, 164.48, 736.32)
 |   341 PyrexGlass            10   20.495   2.2300     12.6748      43.5474      0.200   376.55  140.843225   14.967000  (   0.00, 164.48, 736.52)
 |   342 RPCGasDefault          8   16.809   0.0037   9559.7011   23915.1216      0.200   376.75  140.843246   14.967009  (   0.00, 164.48, 736.72)
 |   343 PyrexGlass            10   20.495   2.2300     12.6748      43.5474      0.200   376.95  140.859026   14.971602  (   0.00, 164.49, 736.92)
 |   344 Air                    7   14.784   0.0012  30528.8407   71998.1725      0.350   377.30  140.859038   14.971607  (   0.00, 164.49, 737.27)
 |   345 Aluminum              13   26.982   2.6990      8.8963      39.8672      0.100   377.40  140.870279   14.974115  (   0.00, 164.49, 737.37)
 |   346 Aluminum              13   26.982   2.6990      8.8963      39.8672      0.100   377.50  140.881521   14.976624  (   0.00, 164.49, 737.47)
 |   347 Air                    7   14.784   0.0012  30528.8407   71998.1725      0.350   377.85  140.881532   14.976628  (   0.00, 164.50, 737.82)
 |   348 PyrexGlass            10   20.495   2.2300     12.6748      43.5474      0.200   378.05  140.897313   14.981221  (   0.00, 164.50, 738.02)
 |   349 RPCGasDefault          8   16.809   0.0037   9559.7011   23915.1216      0.200   378.25  140.897333   14.981230  (   0.00, 164.50, 738.22)
 |   350 PyrexGlass            10   20.495   2.2300     12.6748      43.5474      0.200   378.45  140.913114   14.985823  (   0.00, 164.50, 738.42)
 |   351 Air                    7   14.784   0.0012  30528.8407   71998.1725      0.350   378.80  140.913125   14.985828  (   0.00, 164.51, 738.77)
 |   352 Aluminum              13   26.982   2.6990      8.8963      39.8672      0.100   378.90  140.924367   14.988336  (   0.00, 164.51, 738.87)
 |   353 Iron                  26   55.845   7.8740      1.7575      17.1639     10.001   388.90  146.614693   15.570996  (   0.00, 164.63, 748.87)
 |   354 Air                    7   14.784   0.0012  30528.8407   71998.1725      1.000   389.90  146.614725   15.571010  (   0.00, 164.64, 749.87)
 |   355 Aluminum              13   26.982   2.6990      8.8963      39.8672      0.100   390.00  146.625967   15.573518  (   0.00, 164.64, 749.97)
 |   356 Air                    7   14.784   0.0012  30528.8407   71998.1725      0.350   390.35  146.625978   15.573523  (   0.00, 164.65, 750.32)
 |   357 PyrexGlass            10   20.495   2.2300     12.6748      43.5474      0.200   390.55  146.641759   15.578116  (   0.00, 164.65, 750.52)
 |   358 RPCGasDefault          8   16.809   0.0037   9559.7011   23915.1216      0.200   390.75  146.641780   15.578124  (   0.00, 164.65, 750.72)
 |   359 PyrexGlass            10   20.495   2.2300     12.6748      43.5474      0.200   390.95  146.657560   15.582717  (   0.00, 164.65, 750.92)
 |   360 Air                    7   14.784   0.0012  30528.8407   71998.1725      0.350   391.30  146.657572   15.582722  (   0.00, 164.66, 751.27)
 |   361 Aluminum              13   26.982   2.6990      8.8963      39.8672      0.100   391.40  146.668813   15.585231  (   0.00, 164.66, 751.37)
 |   362 Aluminum              13   26.982   2.6990      8.8963      39.8672      0.100   391.50  146.680054   15.587739  (   0.00, 164.66, 751.47)
 |   363 Air                    7   14.784   0.0012  30528.8407   71998.1725      0.350   391.85  146.680066   15.587744  (   0.00, 164.66, 751.82)
 |   364 PyrexGlass            10   20.495   2.2300     12.6748      43.5474      0.200   392.05  146.695846   15.592337  (   0.00, 164.67, 752.02)
 |   365 RPCGasDefault          8   16.809   0.0037   9559.7011   23915.1216      0.200   392.25  146.695867   15.592346  (   0.00, 164.67, 752.22)
 |   366 PyrexGlass            10   20.495   2.2300     12.6748      43.5474      0.200   392.45  146.711648   15.596939  (   0.00, 164.67, 752.42)
 |   367 Air                    7   14.784   0.0012  30528.8407   71998.1725      0.350   392.80  146.711659   15.596943  (   0.00, 164.68, 752.77)
 |   368 Aluminum              13   26.982   2.6990      8.8963      39.8672      0.100   392.90  146.722901   15.599452  (   0.00, 164.68, 752.87)
 |   369 Iron                  26   55.845   7.8740      1.7575      17.1639     10.001   402.90  152.413227   16.182112  (   0.00, 164.80, 762.87)
 |   370 Air                    7   14.784   0.0012  30528.8407   71998.1725     17.131   420.03  152.413788   16.182349  (   0.00, 165.00, 780.00)
 +--------------------------------------------------------------------------------------------------------------------------------------------------
 |     0 Average Material      24   51.661   5.1133      2.7559      25.9560    420.030   420.03  152.413788   16.182349  (   0.00, 165.00, 780.00)
 +--------------------------------------------------------------------------------------------------------------------------------------------------
